-7.111015444348259829e-01
-7.989434042425601623e-01
-5.372124536735689571e-01
5.327339631557748145e-01
-2.331382948545488887e+00
-1.655570489777540510e+00
-1.811406983155313011e+00
-1.125291204183907157e+00
1.204810160533866525e-01
-1.159419589975560383e+00
-1.406089628236242062e+00
-3.323182405350195712e+00
-3.187263266484618995e+00
-8.823408672708106248e-01
-3.364319271358410801e-01
-1.448051192736646398e+00
-1.219724995994524885e+00
-3.208741016447532068e+00
-1.074815581743765014e+00
-1.999181808839776364e+00
-1.646255097858478900e+00
-9.468010720118428258e-01
-1.011725712455008308e+00
