-6.390956606807324247e-01
-8.246853160737714905e-01
-5.995880660478403179e-01
5.451000601075983720e-01
-2.267995811557183661e+00
-2.231435513142096816e-01
-1.989848824987132669e+00
-5.646596434198798420e-01
-7.370265353965589350e-01
-7.035731723541570615e-01
-1.158050957177565898e+00
-3.159628278786527744e+00
-3.586390404651371711e+00
-7.855466883564001801e-01
-5.219359467877365821e-01
-1.652965571622741159e+00
-1.442857994431871793e+00
-3.733378071491827210e+00
-1.398857634982727083e+00
-2.275161468706683454e+00
-1.325783146492686360e+00
-1.183753785118423663e+00
-9.558367081562876288e-01
