-6.961185257460468234e-01
-8.978004117164771758e-01
-5.202349704440033529e-01
6.651256826149510859e-01
-2.850334748494602888e+00
-2.231435513142096816e-01
3.364722366212128390e-01
-3.610099744294201773e+00
-1.628758442737629764e-01
-1.064633156756389587e+00
-1.402896331551377607e+00
-2.718475247116016291e+00
-2.845621346440484256e+00
-8.098306585209269493e-01
-8.533371687994910637e-01
-1.476986013859308056e+00
-1.541475597645489692e+00
-2.961617765179885176e+00
-1.688215227612964497e+00
-2.316494912057647682e+00
-1.810796212386796222e+00
-1.163918746323705289e+00
-1.227935837966317445e+00
