-6.785379337716721526e-01
-7.668012930420409212e-01
-6.401787028883184627e-01
4.523104325590429631e-01
-3.339199461940465685e+00
3.364722366212128946e-01
-3.035562595873523506e+00
-2.131353363244785915e-01
-1.412331782434425032e+00
-1.636224580149677532e+00
-4.204512707458826881e+00
-3.538551995576634024e+00
-7.938101798195200676e-01
-8.485579726871227413e-01
-1.625064709858962564e+00
-1.416769313209506054e+00
-3.171687007538614544e+00
-1.447792176485130700e+00
-2.091544448359381914e+00
-2.437989996607289100e+00
-1.399242676708795319e+00
-9.446896615337204706e-01
