-6.503539130902288301e-01
-8.578845036232458643e-01
-5.256626036221258014e-01
5.468594799837706022e-01
-2.095893779011844593e+00
-2.231435513142097093e-01
-2.067662809732801588e+00
-2.229010246115114224e+00
-2.801903155240287324e-01
-5.152578484167684714e-01
-1.997069178738082762e+00
-3.350007685787424361e+00
-3.983408110458904527e+00
-2.483618736060052568e-01
-6.766735747408756385e-01
-9.720088795779346924e-01
-1.179054379729823410e+00
-2.528075568840038034e+00
-1.182962782051074191e+00
-1.843808843952734255e+00
-1.230943391977022738e+00
-1.071788188622976090e+00
-1.110216509130488305e+00
