-7.092892030003380421e-01
-9.415126300943333915e-01
-4.765929230205858125e-01
6.886878128666906740e-01
-2.458862762030130877e+00
-2.168339527722205951e+00
-8.003962976878856717e-01
-2.265507643079968381e-01
-2.618725413087830689e-01
-1.246522868242065041e+00
-1.110245403480804072e+01
-2.433023065950283392e+00
-7.537201325614814040e-01
-7.922784168636187729e-01
-1.465576488209096917e+00
-8.730130026628475370e-01
-2.162102374151073203e+00
-1.601435126491645544e+00
-2.193345980051436328e+00
-8.334581496246957766e-01
-1.138474383043170279e+00
-1.365872777586563780e+00
