-7.094601777089792893e-01
-7.818544759142616041e-01
-5.278361627646880327e-01
7.792414533377645114e-01
-2.697173058202047446e+00
-1.101333046458632614e+00
-1.187266181252369268e+00
-5.275087778080536083e-01
-1.102854666748402268e+00
-9.232373899608906642e-01
-2.531086395427883495e+00
-4.487231190930486058e+00
-6.964871780839252402e-01
-9.057290494211236442e-01
-1.349822671871086399e+00
-1.578531179815945373e+00
-2.939397709976095285e+00
-1.201787953082185112e+00
-1.978035090892150016e+00
-2.059820354499651174e+00
-4.754458092782044010e-01
-1.226534850723238534e+00
