112,-949.9044030936611,0.3255952380952381,0.18571428571428572,0.24345238095238095,0.24523809523809526,1.2,0.9,0.0,0.144,0.84,0.21599999999999997,0.21599999999999997,0.958511912157883,0,7.40623874239365,6.323581765657861,0.16517158751224337,0,1.0215135580219883,1.2240345329484386,0.0,0,0.0,0.0,0.0,0.0,0.0,0.0,0.0,0.0,0.0,0.0,9.87630663370351,37.27639738613293,37.58118453856255,26.25131628475347
112,-897.5978253880062,0.24460011117639513,0.24528058145465853,0.18124230315832301,0.3288770042106233,1.550848223306717,0.6283039812576171,0.0,0.057157741341746546,0.3712187665506545,0.08657553556274672,0.08657553556274672,0.3804609440840498,0,2.968514285316176,2.5345716575770783,0.06556135330576708,0,0.4094355711590768,0.49060854276531307,0.0,0,0.0,0.0,0.0,0.0,0.0,0.0,0.0,0.0,0.0,0.0,8.718580874947783,27.171428556536803,35.90466531880858,24.355770985281982
112,-868.9147888540178,0.3315791229262817,0.18818929523278954,0.22193455735339032,0.2582970244875384,1.8881036399102853,0.47976192973391035,0.0,0.039399574388471775,0.2849043542172294,0.08207986672255083,0.08207986672255083,0.2622566762868114,0,2.814366152273441,2.402957169140509,0.04519229339618478,0,0.3881745217487199,0.46513236726022034,0.0,0,0.0,0.0,0.0,0.0,0.0,0.0,0.0,0.0,0.0,0.0,8.289482466044369,26.27960550161023,36.195797119771626,24.389005028807887
112,-852.9134103016249,0.35621371892716863,0.17442364178044564,0.22379443543265667,0.24556820385972902,2.3775808948207757,0.3486584746868261,0.0,0.02440995754201362,0.23000394556981316,0.09597359112822074,0.09597359112822074,0.16248079916172373,0,3.290756152131833,2.809707642792221,0.027998829432783666,0,0.4538811321737792,0.543865693481556,0.0,0,0.0,0.0,0.0,0.0,0.0,0.0,0.0,0.0,0.0,0.0,7.4532810590819345,26.044206560007936,36.94199409191255,25.15664651794562
112,-840.759792755794,0.3179310978929382,0.19327839306581357,0.20847264552345307,0.28031786351779514,3.888776033972992,0.17407260346199704,0.0,3.059023205018258e-07,0.15966908033103502,0.15033308214445842,0.15033308214445842,2.036187626095407e-06,0,5.154642116859884,4.401127486221494,3.508775826455947e-07,0,0.7109596371749888,0.8519114999508863,0.0,0,0.0,0.0,0.0,0.0,0.0,0.0,0.0,0.0,0.0,0.0,0.0011671735288767745,25.881969911668506,45.14695382324406,33.492876563078816
112,-831.9166995492553,0.3322782417002323,0.1870907034195769,0.20975978864841277,0.27087126623177804,4.285590183718579,0.1494715721504979,0.0,0.00905905926796039,0.1731265326007788,0.1640674733328184,0.1640674733328184,0.06030011264780768,0,5.625568876685911,4.803213345856333,0.010390966671225825,0,0.775912724258727,0.9297419124674389,0.0,0,0.0,0.0,0.0,0.0,0.0,0.0,0.0,0.0,0.0,0.0,4.143016621511082,26.000086795451587,42.23208569126345,30.821194603329385
112,-1332.2478639027322,0.8420263304834543,0.02127217215211521,0.10920309401725967,0.027498403347170772,32.51083536661691,0.005599293547557626,0.0,3.041012378234519,3.491336579766134,0.450324201531615,0.450324201531615,20.241990205259448,0,15.440780314911727,13.183619951109984,3.488116959426238,0,2.1296864693054216,2.551909137486708,0.0,0,0.0,0.0,0.0,0.0,0.0,0.0,0.0,0.0,0.0,0.0,365.9756872851546,235.0308962571088,84.26343494446812,84.14876638244434
112,-853.3913514319291,0.4164699241205871,0.15715754871041068,0.20490705218522437,0.2214654749837779,7.010540722823713,0.06731390652665736,0.0,0.14945061799592435,0.35911620796882804,0.20966558997290366,0.20966558997290366,0.9947930390864638,0,7.189043589833985,6.13813658165996,0.17142358214633802,0,0.9915566796666674,1.1881385300826017,0.0,0,0.0,0.0,0.0,0.0,0.0,0.0,0.0,0.0,0.0,0.0,18.799358894441134,34.63081700628802,43.0104972897695,34.917152560516755
112,-829.3734215825738,0.35089153683544344,0.18035957677451642,0.20931389518733073,0.2594349912027094,4.826082450718414,0.12329505051144392,0.0,0.03238966323758346,0.2064605993949883,0.1740709361574048,0.1740709361574048,0.2155963753055973,0,5.968569033767144,5.096073138036846,0.03715175066624034,0,0.8232213951035601,0.9864298011079929,0.0,0,0.0,0.0,0.0,0.0,0.0,0.0,0.0,0.0,0.0,0.0,7.127078518151847,26.681020245927947,41.299333134309094,30.460916663759512
112,-828.430703690764,0.33086485342157307,0.1852360428020037,0.22156193929431003,0.26233716448211314,4.973703601586286,0.11717742265008181,0.0,0.031027718946714068,0.21710372958644658,0.16943446937358334,0.16943446937358334,0.20653082095494638,0,5.809593200794182,4.960336671318088,0.0355895666341144,0,0.8012944799137812,0.9601557480789844,0.0,0,0.0,0.0,0.0,0.0,0.0,0.0,0.0,0.0,0.0,0.0,7.041136276890389,27.224119693417027,41.01071168342874,30.27036043523836
112,-827.9567220388119,0.32508296985667706,0.19067239189032875,0.21802873497620637,0.26621590327678785,5.066485502410685,0.11302159081708237,0.0,0.02998024737893201,0.23069255121309212,0.16024745734208948,0.16024745734208948,0.1995585016815728,0,5.494587624708597,4.691379163154967,0.034388090649916485,0,0.7578469921921048,0.908094544462497,0.0,0,0.0,0.0,0.0,0.0,0.0,0.0,0.0,0.0,0.0,0.0,7.035040868832928,27.8445700648097,40.47445680267151,29.88232995308129
112,-827.8329825803386,0.3259704157456429,0.1914854855388846,0.21623950566098807,0.2663045930544845,5.097378980258401,0.11100864207178349,0.0,0.03035111388658386,0.24215785847451074,0.15344144145609923,0.15344144145609923,0.20202711255243871,0,5.2612219833374505,4.492127320777997,0.03481348377369411,0,0.7256597815270489,0.8695260329983872,0.0,0,0.0,0.0,0.0,0.0,0.0,0.0,0.0,0.0,0.0,0.0,7.146951459910487,28.330204905223127,40.03428230986227,29.553310838318943
112,-827.8183482582197,0.327236402707237,0.19028833339582635,0.21591591354884998,0.2665593503480867,5.0848157351138035,0.11059344195614865,0.0,0.031003842377640468,0.24709159100667347,0.1517773410737743,0.1517773410737743,0.2063718905669012,0,5.2041630725837145,4.443409381732191,0.035562179614543346,0,0.7177898690156855,0.8600958647842278,0.0,0,0.0,0.0,0.0,0.0,0.0,0.0,0.0,0.0,0.0,0.0,7.226658247153447,28.52421728685018,39.89614056679345,29.463656010320047
112,-827.8168571110529,0.3276020824006998,0.19008954448537885,0.2159090502863989,0.26639932282752243,5.073050230012309,0.11041993607473614,0.0,0.031334457536425615,0.2480176856179611,0.15167863745543578,0.15167863745543578,0.20857257506714796,0,5.200778708870042,4.440519750245478,0.03594140343837776,0,0.7173230769584696,0.8595365285000921,0.0,0,0.0,0.0,0.0,0.0,0.0,0.0,0.0,0.0,0.0,0.0,7.259986747981758,28.553934245191464,39.87337164837821,29.450524531324778
112,-827.8157738720331,0.327762465461283,0.19003152131542952,0.21591122459137388,0.26629478863191364,5.054988883742729,0.11021415193314464,0.0,0.03165812201535208,0.2483416484017186,0.15170244798434895,0.15170244798434895,0.21072699352960206,0,5.201595127674272,4.441216823516154,0.03631265465925003,0,0.7174356824126756,0.8596714586373028,0.0,0,0.0,0.0,0.0,0.0,0.0,0.0,0.0,0.0,0.0,0.0,7.292341118150391,28.558154452535014,39.85945408638397,29.44103515207683
112,-827.8144837724348,0.3277339128574416,0.19004223381118185,0.2159328116171451,0.2662910417142315,5.0249883231483095,0.1098794615730443,0.0,0.03197238743040443,0.2479713183029603,0.15165922733786172,0.15165922733786172,0.21281884869562234,0,5.200113171996101,4.439951502719734,0.036673124919697195,0,0.717231282059096,0.8594265347306512,0.0,0,0.0,0.0,0.0,0.0,0.0,0.0,0.0,0.0,0.0,0.0,7.326440250870958,28.534548043242744,39.84474439989114,29.424776160216457
112,-827.8135257623378,0.3275170741936201,0.19017250227442006,0.21585736491325905,0.26645305861870083,4.990680616883177,0.10954199641263705,0.0,0.03206460463962608,0.2468902801328833,0.15152293006799147,0.15152293006799147,0.2134326771230175,0,5.195439791808158,4.435961285449085,0.03677890035610752,0,0.7165867009984764,0.8586541617442264,0.0,0,0.0,0.0,0.0,0.0,0.0,0.0,0.0,0.0,0.0,0.0,7.340795199504672,28.48676974723803,39.836333448269684,29.40729022634212
112,-827.8134749247404,0.32744246505033736,0.1901609475586321,0.21605821939670067,0.26633836799432986,4.979791232910416,0.10957127499151754,0.0,0.03195664033459082,0.24635905526985058,0.15142760834731267,0.15142760834731267,0.21271403078646098,0,5.192171387082774,4.433170661862253,0.03665506260848718,0,0.71613590271122,0.8581139900875091,0.0,0,0.0,0.0,0.0,0.0,0.0,0.0,0.0,0.0,0.0,0.0,7.3320887884798305,28.465683486219184,39.83597036257494,29.399426209241796
112,-827.8134034957725,0.3273460288788491,0.19025807084412266,0.2158778706363249,0.26651802964070337,4.980120693249452,0.10951692697272139,0.0,0.0319401077032117,0.246429008137615,0.1514929444493432,0.1514929444493432,0.21260398409120956,0,5.194411640648216,4.435083431230027,0.03663609926841326,0,0.7164448921281297,0.8584842384446091,0.0,0,0.0,0.0,0.0,0.0,0.0,0.0,0.0,0.0,0.0,0.0,7.329550269995316,28.46887291097009,39.84000664445668,29.405246118938567
112,-827.8133948340835,0.3273591875502936,0.19024343041285202,0.2158977207857634,0.266499661251091,4.981577992447092,0.10951765868811823,0.0,0.03192687550025304,0.24652472341354825,0.1515003795358828,0.1515003795358828,0.21251590614565424,0,5.194666575953692,4.435301099645157,0.03662092160196211,0,0.7164800543582467,0.8585263717903496,0.0,0,0.0,0.0,0.0,0.0,0.0,0.0,0.0,0.0,0.0,0.0,7.327816264212511,28.4732032787701,39.840704410263385,29.40662504984966
112,-827.8133854279203,0.3273984414367966,0.19022867882139685,0.21589649060634433,0.2664763891354622,4.980684287346091,0.10948996654561834,0.0,0.0318879698760807,0.24661087059019185,0.15152566474512874,0.15152566474512874,0.2122569373663548,0,5.195533558807057,4.436041345423529,0.03657629588176975,0,0.71659963391409,0.8586696586852101,0.0,0,0.0,0.0,0.0,0.0,0.0,0.0,0.0,0.0,0.0,0.0,7.3231270933270665,28.477264147172505,39.84347984758376,29.409661496041885
112,-827.8133839669811,0.327379424576779,0.19022787399469937,0.21590512834354586,0.2664875730849758,4.979620076370383,0.10946824281735043,0.0,0.0318751689836415,0.24666154468079987,0.15152967929419858,0.15152967929419858,0.212171730367124,0,5.195671210236937,4.436158874725823,0.03656161293922977,0,0.7166186196377204,0.8586924084384309,0.0,0,0.0,0.0,0.0,0.0,0.0,0.0,0.0,0.0,0.0,0.0,7.321631969578652,28.47949872000452,39.84390734179661,29.410391284255255
