-1.536846377175532963e+00
-2.024135626269102151e+00
-2.243673386019280791e+00
-2.682619880983634797e+00
-1.988035216256047510e+00
-2.280755620524729910e+00
-1.490016563681296313e+00
-2.032577502928459179e+00
-1.989164970493816131e+00
-1.237462940738897954e+00
-2.786153318900738363e+00
-2.281164355864852666e+00
-2.462558298309281746e+00
-1.895956332824413115e+00
-1.619286059939171629e+00
-1.352822016406707073e+00
-2.694627645566176621e+00
-2.327991154249151595e+00
-2.253955074607726150e+00
-2.513872176138949754e+00
-2.707164752907269101e+00
-1.873972213227148131e+00
-1.500706942671745425e+00
-2.378614548188587641e+00
-1.606109200601826048e+00
-1.410703695121790835e+00
-1.928219629111172173e+00
-1.926583406908451979e+00
-2.397622589260520964e+00
-1.160832123911765601e+00
-3.022563508688006717e+00
-2.148836923226209894e+00
-1.690392433777373471e+00
-2.280676409879240030e+00
-1.852824891540917118e+00
-2.307677524800621160e+00
-3.000297671412805567e+00
-2.087648051984897446e+00
-1.751559737692802710e+00
-6.797954170676999697e-01
-7.970479613259782159e-01
-5.523084582069306414e-01
6.371234611683247451e-01
-2.343062077090674489e+00
9.007883524838271316e-02
-9.802191305112133435e-01
-7.260145885525981502e-01
-7.425126034789797380e-01
-1.298270101755631512e+00
-3.132152285453055462e+00
-3.191276670208506694e+00
-6.850001533676474130e-01
-7.064033270373352158e-01
-1.394853014149615822e+00
-1.274439842668261713e+00
-2.740251056243525607e+00
-1.346738667577046300e+00
-1.867919720610192069e+00
-1.641963203136934002e+00
-9.734514013773913899e-01
-9.967737023488729697e-01
