-6.523135122692914623e-01
-7.972502531442869911e-01
-5.591667185931318285e-01
5.981658538475623788e-01
-2.340156775118630961e+00
-1.291124897260863769e+00
-1.743554664589807235e+00
-1.374149981838073131e+00
-1.083900989538323811e+00
-2.831820608279242979e-01
-1.175024169064032176e+00
-1.004028411382380170e+01
-3.068117941977504426e+00
-1.065065989938389857e+00
7.273277686882576587e-01
-1.515992005827137001e+00
-1.342803467250191174e+00
-2.637791494432290662e+00
-1.199091523323466246e+00
-1.982452606380588067e+00
-1.237432147930970672e+00
-1.291736699172319369e+00
-8.705064461730839254e-01
