-6.983764001347295691e-01
-7.929197404866227261e-01
-5.216269076431769847e-01
6.124673043615465051e-01
-3.281047539339659203e+00
-1.918191833137404823e+00
-1.579923983458426884e+00
-5.331054023162627997e-01
-1.061216754719058963e+00
-1.105726620979290864e+00
-2.947155470034931835e+00
-6.189734589835355294e+00
-7.653745771676332410e-01
-1.183564246541448428e+00
-1.983472212733562445e+00
-1.640497100343277337e+00
-4.095563571386702684e+00
-2.120243440494314680e+00
-2.432503845233394912e+00
-1.922696797429260585e+00
-1.701986562108585010e+00
-1.241022793770609534e+00
