-6.770471770796951949e-01
-7.814171097138671307e-01
-5.492572746409097872e-01
6.316958197790738527e-01
-2.798618311649874180e+00
-1.168524416069185223e+00
-1.716742319712275311e+00
-6.401785848737564510e-01
-1.075564665506947737e+00
-1.858977878960056840e+00
-3.384551995383821232e+00
-3.900910461947066032e+00
-8.667878922113179119e-01
-1.026124365405021388e+00
-1.567014795291854057e+00
-1.512856656343701589e+00
-2.750330737042721019e+00
-1.788508144858238502e+00
-2.433749016957780231e+00
-1.700892161525327184e+00
-1.138843119731162590e+00
-1.344567666641118153e+00
