-6.480992622956549543e-01
-7.168990602733658069e-01
-6.105203157337735220e-01
3.843554530528009439e-01
-1.462495050612328651e+00
3.364722366212128946e-01
-1.655988999712443510e+00
1.266564197900673901e-03
-5.545199240798988072e-01
-9.004832671812122991e-01
-2.056523764590600489e+00
-2.149110139945252573e+00
-3.165231373848385599e-01
1.306304677555119309e-01
-5.580723777284494203e-01
-9.227098831131559376e-01
-1.931651312708639878e+00
-5.196978503183580234e-01
-1.265561932172166948e+00
-9.300663938745493686e-01
-2.960642519270652029e-01
-4.084960815888235008e-01
