118,-1023.6328706352043,0.3350282485875707,0.22485875706214678,0.22429378531073454,0.21581920903954796,1.2,0.9,1.0,0.0,0.14399999999999996,0.84,0.21600000000000003,0.21600000000000003,1.0712149872875545,0,7.396786073930487,9.483084437459263,0.06010165547889305,0,0.8460241303807093,0.5112919984339579,0.0,0,0.0,0.0,0.0,0.0,0.0,0.0,0.0,0.0,0.0,0.0,8.542024202402189,31.878591190452667,37.34515161094343,43.91377201028371
118,-963.9924863737765,0.2262995058699777,0.30014641870894393,0.1503470500122842,0.32320702540879415,1.5233303383681516,0.569182982722293,1.0266644959940145,0.0,0.06328958391908429,0.40545389363393813,0.09574266043062248,0.09574266043062248,0.4708107696758091,0,3.278648043306869,4.203406171900846,0.026415338667411768,0,0.3750027825516339,0.22663174160628138,0.0,0,0.0,0.0,0.0,0.0,0.0,0.0,0.0,0.0,0.0,0.0,7.114780712951568,22.770614264832286,35.58209837921273,42.133742198033914
118,-915.7664184160984,0.29440219141254975,0.25520653488649825,0.17243464324370658,0.2779566304572454,1.855348123812332,0.3974085543675655,1.0447130899473096,0.0,0.039798385115723804,0.30193369373899825,0.09736102125289203,0.09736102125289203,0.2960599069847589,0,3.334067806236305,4.274457340085374,0.0166107557697329,0,0.3813415432335914,0.2304625515090843,0.0,0,0.0,0.0,0.0,0.0,0.0,0.0,0.0,0.0,0.0,0.0,6.24095177325219,21.628562705993758,36.04704914169474,42.65526793125567
118,-861.2808010249812,0.37210404673085423,0.19623909393641353,0.22068166873831682,0.21097519059441547,3.306767868019413,0.13749283752337685,1.1057951334509315,0.0,3.059023205018258e-07,0.14879966256272525,0.14879966256272525,0.14879966256272525,2.275605210886089e-06,0,5.095552184488526,6.532776686795229,1.2767524914579625e-07,0,0.5828153014841324,0.3522225779536776,0.0,0,0.0,0.0,0.0,0.0,0.0,0.0,0.0,0.0,0.0,0.0,0.00014250820393721172,19.68123133532937,43.64556250536973,49.189052622561334
118,-850.2563039243015,0.33239088091195457,0.24300739281473485,0.16863628942398368,0.2559654368493269,3.708943945538784,0.11121980286765816,1.1236304116798435,0.0,0.004499736641537983,0.15729263389259776,0.15279289725105977,0.15279289725105977,0.03347350923098927,0,5.232298030472827,6.708092342943689,0.001878066815107411,0,0.5984559167832264,0.3616749341759663,0.0,0,0.0,0.0,0.0,0.0,0.0,0.0,0.0,0.0,0.0,0.0,1.4539580936046266,19.95499659210104,43.133127820683185,48.07300717154
118,-846.4339742337952,0.3260335235523836,0.24574689417903794,0.17258571801210312,0.2556338642564753,3.9676598558520664,0.09784733204425028,1.136720323516364,0.0,0.0024679073912540176,0.16934463067122832,0.1668767232799743,0.1668767232799743,0.018358745727423853,0,5.714589920465118,7.326416932919074,0.0010300369429372409,0,0.6536191421005672,0.3950126543422622,0.0,0,0.0,0.0,0.0,0.0,0.0,0.0,0.0,0.0,0.0,0.0,0.7562421972321295,20.371033231106043,44.41418637728527,49.26876597650687
118,-840.0636024742361,0.3637139306269116,0.22377059748374675,0.1636174591525168,0.24889801273682485,5.768168029302966,0.04552176189362543,1.250873033103279,0.0,0.0048202585709040124,0.2382864812309851,0.2334662226600811,0.2334662226600811,0.035857869609400475,0,7.99490603937612,10.249906957315805,0.0020118438885253775,0,0.914435453700297,0.5526361645865752,0.0,0,0.0,0.0,0.0,0.0,0.0,0.0,0.0,0.0,0.0,0.0,0.8954591155152586,23.446434220334048,50.34905176219997,54.53564476587725
118,-838.7219804366987,0.2983897337647502,0.2318858393019648,0.21805655587640804,0.251667871056877,6.431422699519692,0.03580357566505665,1.3033592776381675,0.0,3.059023205018258e-07,0.22833673831145107,0.22833673831145107,0.22833673831145107,2.275605210886089e-06,0,7.819250028281718,10.02470634065523,1.2767524914579625e-07,0,0.8943444002958933,0.5404942002183031,0.0,0,0.0,0.0,0.0,0.0,0.0,0.0,0.0,0.0,0.0,0.0,6.146580403489321e-05,23.00604044457122,50.15443934388177,54.5104490696439
118,-837.100490407976,0.3210376742407999,0.23253932601584648,0.1967578524247242,0.2496651473186294,6.108624065223107,0.039583744087064256,1.2877426436405517,0.0,3.059023205018258e-07,0.21789232071933287,0.21789232071933287,0.21789232071933287,2.275605210886089e-06,0,7.461587423672022,9.566163313219388,1.2767524914579625e-07,0,0.8534359312648527,0.5157712967777804,0.0,0,0.0,0.0,0.0,0.0,0.0,0.0,0.0,0.0,0.0,0.0,6.517357477066038e-05,22.63816785916315,49.363040380198726,53.76928284868415
118,-837.0134319789431,0.3317932724551364,0.23230618564832914,0.1893791294066031,0.24652141248993134,6.050231862233264,0.03948117526166691,1.3009440019377332,0.0,0.0023245014856950927,0.21689368894555242,0.21456918745985734,0.21456918745985734,0.017291950204505354,0,7.347788785637281,9.420267233142834,0.0009701832462043162,0,0.8404199547556537,0.5079051326791711,0.0,0,0.0,0.0,0.0,0.0,0.0,0.0,0.0,0.0,0.0,0.0,0.48651644564322316,22.588629959807907,48.955097506271635,53.317253257270295
118,-836.8971871433358,0.33346319508817773,0.23281377284416607,0.1878907594135281,0.24583227265412805,6.113297236047623,0.03812626366341408,1.3148389325105962,0.0,3.059023205018258e-07,0.21562161697251245,0.21562161697251245,0.21562161697251245,2.275605210886089e-06,0,7.383828581762285,9.466472223573309,1.2767524914579625e-07,0,0.8445420879187603,0.5103963307751725,0.0,0,0.0,0.0,0.0,0.0,0.0,0.0,0.0,0.0,0.0,0.0,6.6019420285548e-05,22.628046126906593,49.33995762987323,53.73591896745301
118,-836.8433351487922,0.3319188006134901,0.23294897639700612,0.18965975746660993,0.2454724655228939,6.131665074319556,0.03730016494798501,1.328694378854188,0.0,3.590994241608482e-05,0.21547132281160766,0.21543541286919154,0.21543541286919154,0.0002671338090884939,0,7.377452137695837,9.458297273414079,1.4987826301100128e-05,0,0.8438127677123465,0.5099555684228414,0.0,0,0.0,0.0,0.0,0.0,0.0,0.0,0.0,0.0,0.0,0.0,0.007752930456722323,22.623902371834316,49.33217156413579,53.72974140617285
118,-836.6978011593119,0.32926477221197603,0.23435245942232547,0.19383490911310708,0.2425478592525914,6.176039327382035,0.033530729432233126,1.4077594574664325,0.0,3.059023205018258e-07,0.21326010659935615,0.21326010659935615,0.21326010659935615,2.275605210886089e-06,0,7.302960123236336,9.362794435292859,1.2767524914579625e-07,0,0.8352925751417484,0.5048064170806652,0.0,0,0.0,0.0,0.0,0.0,0.0,0.0,0.0,0.0,0.0,0.0,6.691798520785984e-05,22.568548057718782,49.25483934088822,53.66062634970111
118,-836.7007166910827,0.33321553877324267,0.2377656513232028,0.19281166150372311,0.2362071483998314,6.0467661623350875,0.028693019520546818,1.58098618323612,0.0,0.00272809462824375,0.20837175265065924,0.2056436580224155,0.2056436580224155,0.020294276753565106,0,7.042139564131141,9.028408208585939,0.0011386319684758659,0,0.8054606340126019,0.4867775781275473,0.0,0,0.0,0.0,0.0,0.0,0.0,0.0,0.0,0.0,0.0,0.0,0.5970592781201074,22.361757408991195,48.52495116525969,52.89052136812601
118,-836.6509275611481,0.3309537222470702,0.23581262552953658,0.19339974603603916,0.23983390618735406,6.120251257731239,0.031362934545216596,1.4796120558874755,0.0,0.001190305355441579,0.21114930878949068,0.20995900343404914,0.20995900343404914,0.008854673168039302,0,7.18991589211712,9.217865546156885,0.0004968008499127162,0,0.8223628856291285,0.4969924002546166,0.0,0,0.0,0.0,0.0,0.0,0.0,0.0,0.0,0.0,0.0,0.0,0.2603861740937093,22.480913078595545,48.93619460944066,53.32487815367254
118,-836.5606093209485,0.3307947277049716,0.23587182987274094,0.19289310380056174,0.24044033862172573,6.02091042167592,0.03130483817631537,1.5070445842355407,0.0,0.0013623430021927757,0.2109266764804409,0.20956433347824815,0.20956433347824815,0.01013446001232794,0,7.176400664187177,9.200538284509713,0.0005686046511241046,0,0.8208170508784622,0.4960581799285827,0.0,0,0.0,0.0,0.0,0.0,0.0,0.0,0.0,0.0,0.0,0.0,0.2981102575298729,22.460132076301303,48.86244069715153,53.25473311454228
118,-836.2487425611096,0.33015951300050406,0.2361000377396601,0.19087421055358134,0.24286623870625454,5.63941197401608,0.031073526880073497,1.621955960195941,0.0,0.0020454336462895125,0.21003849216841886,0.20799305852212935,0.20799305852212935,0.0152159665097747,0,7.122593327549514,9.131554335049806,0.0008537079744043631,0,0.8146627150991131,0.49233882663041967,0.0,0,0.0,0.0,0.0,0.0,0.0,0.0,0.0,0.0,0.0,0.0,0.44820863561819546,22.376899702105828,48.56965472904883,52.97728487125421
118,-835.9528965107093,0.3403974332471842,0.22150420606426063,0.19715119407841564,0.2409471666101395,3.949919325814875,0.029454071066427803,2.5540092676362964,0.0,0.005331946092352748,0.21156289651288704,0.2062309504205343,0.2062309504205343,0.03966430948289983,0,7.062251028166929,9.054192205812043,0.002225408243573715,0,0.8077609281811097,0.4881677536085623,0.0,0,0.0,0.0,0.0,0.0,0.0,0.0,0.0,0.0,0.0,0.0,1.1607296122623483,22.11176962104953,47.656082992104764,52.321281053851024
118,-835.4996362080636,0.3208731621546992,0.23653020028966643,0.18673235000361976,0.2558642875520146,4.044832843721768,0.025838603480541456,2.8198931047397644,0.0,0.005598744422354517,0.21855246311522308,0.21295371869286855,0.21295371869286855,0.041649020383463624,0,7.2924680593477795,9.349343035349163,0.0023367625582411482,0,0.8340925216132977,0.5040811685389798,0.0,0,0.0,0.0,0.0,0.0,0.0,0.0,0.0,0.0,0.0,0.0,1.1668658122111133,22.41596052367179,48.12779992216927,52.561314604698026
118,-835.3309382212934,0.326041104479537,0.23367252312148656,0.189845530686687,0.2504408417122894,4.3240250446735615,0.026985659335705542,2.5683244512501293,0.0,0.004502674245176861,0.21781322883019413,0.2133105545850173,0.2133105545850173,0.03349536204379953,0,7.304687683226134,9.365009261717509,0.0018792928903979486,0,0.8354901687213707,0.5049258321334691,0.0,0,0.0,0.0,0.0,0.0,0.0,0.0,0.0,0.0,0.0,0.0,0.9471521643275338,22.4491403863798,48.37503428157765,52.83073323666539
118,-835.2000430261194,0.32823139768460863,0.23257307507181302,0.19133196721083667,0.24786356003274165,4.385347046706269,0.02751839072403643,2.6004448848923167,0.0,0.003776888865601237,0.21732869165822258,0.21355180279262137,0.21355180279262137,0.02809624970938567,0,7.312949078514867,9.37560082247258,0.001576369954044672,0,0.8364350844854639,0.5054968889769159,0.0,0,0.0,0.0,0.0,0.0,0.0,0.0,0.0,0.0,0.0,0.0,0.8029125931666571,22.44579000662904,48.50325032162464,52.98400855714052
118,-834.506028765816,0.3355421886324971,0.2296830607057178,0.19675871875893214,0.238016031902853,4.646411918698882,0.029800500076264558,3.191085534288886,0.0,3.059023205018258e-07,0.21638074616741665,0.21638074616741665,0.21638074616741665,2.275605210886089e-06,0,7.409824490360347,9.499800400676165,1.2767524914579625e-07,0,0.8475154287380446,0.5121932598637473,0.0,0,0.0,0.0,0.0,0.0,0.0,0.0,0.0,0.0,0.0,0.0,6.875954734254945e-05,22.48233527492744,49.35569418109631,53.93273249356553
118,-833.5900338722902,0.3391830226137383,0.22951034790562982,0.19887480476700473,0.2324318247136271,4.6905870915689025,0.03105071109706586,4.843875872420659,0.0,3.059023205018258e-07,0.2163537973784628,0.2163537973784628,0.2163537973784628,2.275605210886089e-06,0,7.408901645791629,9.498617263448681,1.2767524914579625e-07,0,0.8474098763040656,0.5121294695852306,0.0,0,0.0,0.0,0.0,0.0,0.0,0.0,0.0,0.0,0.0,0.0,7.024024597696933e-05,22.445491392036985,49.688058537909704,54.2807506577331
118,-832.8042485497418,0.34897200575696774,0.22987672446514967,0.20381172842791073,0.21733954134997185,5.708868978762478,0.043722303722854815,73.10811966722135,0.0,0.0008039705098726523,0.22079383205877437,0.21998986154890174,0.21998986154890174,0.005980730968838904,0,7.533416408846353,9.658252002098184,0.0003355552680524732,0,0.8616515338401954,0.5207363701229059,0.0,0,0.0,0.0,0.0,0.0,0.0,0.0,0.0,0.0,0.0,0.0,0.18619185876864452,22.473266267130313,52.77010060191226,57.345139992384404
118,-835.3112742142348,0.3076975508166752,0.20285318782727546,0.24228072791832558,0.2471685334377237,6.654904239352611,0.06340618595519291,28.93096628696816,0.0,0.005683360008868533,0.20575103101136463,0.2000676710024961,0.2000676710024961,0.04227847513646321,0,6.851193345902636,8.783604709826344,0.002372078786218994,0,0.7836207285980583,0.47357870059673063,0.0,0,0.0,0.0,0.0,0.0,0.0,0.0,0.0,0.0,0.0,0.0,1.3631412384851567,21.80470467557374,50.56227750536842,55.478731799123
118,-832.0452468455759,0.33525197064224665,0.22089795862006822,0.21663626775603306,0.22721380298165203,5.994724548561601,0.049219991199579025,54.40991947452637,0.0,0.002449494490102303,0.2158848032492084,0.21343530875910607,0.21343530875910607,0.018221772285249124,0,7.308959812566711,9.370486365267553,0.0010223519023720515,0,0.83597880317343,0.5052211368139452,0.0,0,0.0,0.0,0.0,0.0,0.0,0.0,0.0,0.0,0.0,0.0,0.5765526324422933,22.233785329574122,52.049966149006124,56.74573324723675
118,-830.6867277710269,0.33280225486189147,0.23070064836159077,0.19608292950868983,0.24041416726782797,6.103389621690738,0.037562118745958335,17.97008210428325,0.0,0.0012896051043294937,0.20994700895523472,0.20865740385090523,0.20865740385090523,0.009593363301668642,0,7.145343421420672,9.160721200088757,0.0005382458450293971,0,0.8172648085206414,0.4939113935322719,0.0,0,0.0,0.0,0.0,0.0,0.0,0.0,0.0,0.0,0.0,0.0,0.309191331720897,22.352160996301134,50.604393394292025,55.12258230489787
118,-830.3681074115309,0.33136725680857376,0.23052440419806947,0.19417333954957258,0.2439349994437842,5.941449722325348,0.03992847342676771,26.975264342916155,0.0,3.059023205018258e-07,0.21227081310739176,0.21227081310739176,0.21227081310739176,2.275605210886089e-06,0,7.26908238099378,9.319361316229307,1.2767524914579625e-07,0,0.8314177317795702,0.5024646677911088,0.0,0,0.0,0.0,0.0,0.0,0.0,0.0,0.0,0.0,0.0,0.0,7.355424222597587e-05,22.434721121246916,51.346475256829684,55.88550177674545
118,-830.3509745728838,0.33230912020970044,0.22973152935324678,0.19191475454034962,0.24604459589670316,5.933170943941214,0.044981632847049355,31.785219170632583,0.0,0.0036487172370916624,0.2131281254705748,0.20947940823348316,0.20947940823348316,0.027142781866298798,0,7.173492451836238,9.19680979716259,0.0015228746272470948,0,0.8204844175157323,0.4958571540113911,0.0,0,0.0,0.0,0.0,0.0,0.0,0.0,0.0,0.0,0.0,0.0,0.8511140138038,22.303194775552043,51.04862280676519,55.57378923192185
118,-830.2885287118743,0.3289747583366929,0.23227167059495252,0.19183805766762652,0.24691551340072812,5.934221498692545,0.04495417979717779,29.212811815961746,0.0,0.0021320929978319047,0.21289474475385944,0.2107626517560275,0.2107626517560275,0.015860624816447143,0,7.217436330618727,9.253148254005696,0.0008898772139212044,0,0.8255105980028955,0.4988947102387945,0.0,0,0.0,0.0,0.0,0.0,0.0,0.0,0.0,0.0,0.0,0.0,0.5031445028054748,22.3313694830764,51.20783647951089,55.72358890031102
118,-830.2577451371478,0.32757760614654613,0.23419358786106792,0.19096999602924863,0.24725880996313732,5.974573807497331,0.04555980774650706,27.324671577106503,0.0,3.059023205018258e-07,0.21315755320075422,0.21315755320075422,0.21315755320075422,2.275605210886089e-06,0,7.299448245687202,9.358292016134106,1.2767524914579625e-07,0,0.834890896207166,0.5045636636912328,0.0,0,0.0,0.0,0.0,0.0,0.0,0.0,0.0,0.0,0.0,0.0,7.337221973903699e-05,22.39839343361864,51.59807839383778,56.11030145093255
118,-830.2656723007179,0.32837049469015933,0.2335667772343738,0.19108763088402678,0.2469750971914401,5.95371001411107,0.045925183647424504,28.15242323209568,0.0,0.0010638211920416655,0.21338950321896086,0.21232568202691918,0.21232568202691918,0.007913758366035722,0,7.270961333122724,9.321770235659264,0.0004440098248280105,0,0.8316326411773856,0.5025945476036878,0.0,0,0.0,0.0,0.0,0.0,0.0,0.0,0.0,0.0,0.0,0.0,0.25265897965178424,22.367743390820994,51.45357248424473,55.964101383379735
118,-830.2589583696565,0.3277605921158967,0.2340487896679167,0.19099719787985978,0.24719342033632682,5.9697478147873095,0.04564395005255157,27.51369289935403,0.0,0.0002460078710707349,0.2132111109386072,0.21296510306753647,0.21296510306753647,0.0018300508227894145,0,7.2928579101996505,9.349842845470661,0.00010267694661242534,0,0.8341371116858827,0.5041081164078449,0.0,0,0.0,0.0,0.0,0.0,0.0,0.0,0.0,0.0,0.0,0.0,0.058869111225416826,22.391319653275467,51.564171909264594,56.07597525858771
118,-830.2580138460992,0.32762323385952485,0.23415747440942622,0.19097678184828404,0.2472425098827649,5.973369824659506,0.04558077857304803,27.371692192413832,0.0,6.137015098671019e-05,0.21317090940996455,0.21310953925897785,0.21310953925897785,0.0004565321215907227,0,7.297804038021063,9.356184051948734,2.561421993952017e-05,0,0.8347028362380109,0.5044500102456609,0.0,0,0.0,0.0,0.0,0.0,0.0,0.0,0.0,0.0,0.0,0.0,0.014711405709116486,22.396639121430567,51.589612415286155,56.10173525499373
118,-830.2578122302252,0.3275891848376023,0.23418442305443954,0.19097171821842868,0.24725467388952946,5.974268240612168,0.04556512875938573,27.33659670351372,0.0,1.5575316319615757e-05,0.21316094262861093,0.21314536731229128,0.21314536731229128,0.00011586466856470027,0,7.299030947492382,9.357757017017256,6.500710384835603e-06,0,0.8348431667826762,0.5045348185650065,0.0,0,0.0,0.0,0.0,0.0,0.0,0.0,0.0,0.0,0.0,0.0,0.003735279684826865,22.397958315011728,51.59594983240397,56.1081537560265
118,-830.257763117171,0.32758054283176186,0.23419126337358365,0.19097043283759033,0.2472577609570642,5.974496304546927,0.04556115726562548,27.327695675592825,0.0,3.950455947456528e-06,0.2131584128622529,0.21315446240630542,0.21315446240630542,2.938741401065757e-05,0,7.299342403347683,9.358156320464028,1.6488120995734465e-06,0,0.8348787902502877,0.5045563474946103,0.0,0,0.0,0.0,0.0,0.0,0.0,0.0,0.0,0.0,0.0,0.0,0.0009475051766967393,22.39829317734856,51.59756031551689,56.10978493899177
118,-830.2577507126741,0.32757833660179914,0.23419300967854817,0.19097010467937647,0.2472585490402762,5.974554529672302,0.04556014341601479,27.32542374632971,0.0,9.826222934694504e-07,0.21315776702871828,0.21315678440642477,0.21315678440642477,7.309720330606564e-06,0,7.299421918802064,9.358258263626972,4.1011962880542123e-07,0,0.8348878850101566,0.504561843883876,0.0,0,0.0,0.0,0.0,0.0,0.0,0.0,0.0,0.0,0.0,0.0,0.0002356857203731402,22.398378667230144,51.59797158662331,56.11020150237998
118,-830.2577475578162,0.3275777739399084,0.23419345504625752,0.19097002098738725,0.24725875002644684,5.974569379166006,0.0455598848532205,27.324844356715964,0.0,2.2571924118720867e-07,0.21315760231934136,0.21315737660010017,0.21315737660010017,1.679123847770224e-06,0,7.299442198107301,9.358284262805801,9.420902825549156e-08,0,0.834890204501542,0.5045632456611341,0.0,0,0.0,0.0,0.0,0.0,0.0,0.0,0.0,0.0,0.0,0.0,5.414001521333417e-05,22.398400470144622,51.59807648278368,56.1103077487549
118,-830.2577467781971,0.32757763479935115,0.23419356518128093,0.19097000029116334,0.24725879972820458,5.9745730513042465,0.04555982091343165,27.324701081304248,0.0,3.854438759425436e-08,0.2131575615883653,0.21315752304397773,0.21315752304397773,2.8673142824156783e-07,0,7.299447212987089,9.35829069215606,1.60873715544083e-08,0,0.8348907780897558,0.5045635923073508,0.0,0,0.0,0.0,0.0,0.0,0.0,0.0,0.0,0.0,0.0,0.0,9.24510220506556e-06,22.3984058617932,51.598102423061164,56.11033402295849
118,-830.2577466280857,0.3275776080040997,0.23419358639074342,0.1909699963055474,0.24725880929960947,5.974573758473533,0.04555980860011514,27.324673489854757,0.0,2.4988224115347026e-09,0.21315755374452075,0.21315755124569835,0.21315755124569835,1.8588722345875024e-08,0,7.299448178737526,9.35829193030096,1.0429400255624683e-09,0,0.8348908885496454,0.5045636590634346,0.0,0,0.0,0.0,0.0,0.0,0.0,0.0,0.0,0.0,0.0,0.0,5.993577260834398e-07,22.398406900100394,51.598107418582174,56.110339082787426
118,-830.2577466177364,0.3275776061567319,0.23419358785300545,0.1909699960307637,0.24725880995949895,5.97457380722851,0.04555980775118779,27.324671587594988,0.0,1.3702175317149948e-11,0.21315755320373594,0.21315755319003377,0.21315755319003377,1.0193038582064325e-10,0,7.299448245320087,9.358292015663444,5.718912640435684e-12,0,0.8348908961651763,0.5045636636658566,0.0,0,0.0,0.0,0.0,0.0,0.0,0.0,0.0,0.0,0.0,0.0,3.2865476996209057e-09,22.398406971685304,51.598107762992946,56.110339431631836
118,-830.2577466176792,0.32757760614654646,0.23419358786106767,0.19096999602924866,0.24725880996313726,5.974573807497323,0.045559807746507204,27.32467157710683,0.0,4.0230911984160653e-16,0.2131575532007543,0.2131575532007539,0.2131575532007539,2.99277471317218e-15,0,7.299448245687191,9.358292016134094,1.679128063662287e-16,0,0.8348908962071648,0.5045636636912322,0.0,0,0.0,0.0,0.0,0.0,0.0,0.0,0.0,0.0,0.0,0.0,9.47956236146835e-14,22.39840697207998,51.59810776489185,56.11033943355519
118,-830.2577451371477,0.32757760614654613,0.23419358786106792,0.19096999602924863,0.24725880996313732,5.974573807497331,0.04555980774650706,27.324671577106503,0.0,3.059023205018258e-07,0.21315755320075422,0.21315755320075422,0.21315755320075422,2.275605210886089e-06,0,7.299448245687202,9.358292016134106,1.2767524914579625e-07,0,0.834890896207166,0.5045636636912328,0.0,0,0.0,0.0,0.0,0.0,0.0,0.0,0.0,0.0,0.0,0.0,7.337221973903701e-05,22.398393433618637,51.59807839383781,56.11030145093257
118,-830.2577451371477,0.32757760614654613,0.23419358786106792,0.19096999602924863,0.24725880996313732,5.974573807497331,0.04555980774650706,27.324671577106503,0.0,3.059023205018258e-07,0.21315755320075422,0.21315755320075422,0.21315755320075422,2.275605210886089e-06,0,7.299448245687202,9.358292016134106,1.2767524914579625e-07,0,0.834890896207166,0.5045636636912328,0.0,0,0.0,0.0,0.0,0.0,0.0,0.0,0.0,0.0,0.0,0.0,7.337221973903701e-05,22.398393433618637,51.59807839383781,56.11030145093257
118,-830.2577466176793,0.32757760614654624,0.23419358786106784,0.19096999602924863,0.24725880996313726,5.974573807497326,0.04555980774650714,27.32467157710666,0.0,1.8932193874899184e-16,0.21315755320075425,0.21315755320075405,0.21315755320075405,1.4083645709045592e-15,0,7.299448245687196,9.358292016134099,7.901779123116668e-17,0,0.8348908962071653,0.5045636636912325,0.0,0,0.0,0.0,0.0,0.0,0.0,0.0,0.0,0.0,0.0,0.0,4.692472993550242e-14,22.398406972079986,51.5981077648919,56.110339433555275
118,-830.2577451371477,0.32757760614654613,0.23419358786106792,0.19096999602924863,0.24725880996313732,5.974573807497331,0.04555980774650706,27.324671577106503,0.0,3.059023205018258e-07,0.21315755320075422,0.21315755320075422,0.21315755320075422,2.275605210886089e-06,0,7.299448245687202,9.358292016134106,1.2767524914579625e-07,0,0.834890896207166,0.5045636636912328,0.0,0,0.0,0.0,0.0,0.0,0.0,0.0,0.0,0.0,0.0,0.0,7.337221973903696e-05,22.398393433618637,51.5980783938378,56.110301450932575
118,-830.2577451371477,0.32757760614654613,0.23419358786106792,0.19096999602924863,0.24725880996313732,5.974573807497331,0.04555980774650706,27.324671577106503,0.0,3.059023205018258e-07,0.21315755320075422,0.21315755320075422,0.21315755320075422,2.275605210886089e-06,0,7.299448245687202,9.358292016134106,1.2767524914579625e-07,0,0.834890896207166,0.5045636636912328,0.0,0,0.0,0.0,0.0,0.0,0.0,0.0,0.0,0.0,0.0,0.0,7.337221973903701e-05,22.398393433618637,51.59807839383781,56.11030145093257
118,-830.2577466176793,0.3275776061465462,0.23419358786106784,0.1909699960292487,0.24725880996313726,5.974573807497328,0.0455598077465071,27.32467157710659,0.0,9.466096937449574e-17,0.21315755320075422,0.2131575532007541,0.2131575532007541,7.041822854522782e-16,0,7.299448245687198,9.3582920161341,3.9508895615583264e-17,0,0.8348908962071655,0.5045636636912326,0.0,0,0.0,0.0,0.0,0.0,0.0,0.0,0.0,0.0,0.0,0.0,2.2377690059014386e-14,22.398406972079986,51.598107764891886,56.11033943355522
118,-830.2577451371477,0.32757760614654613,0.23419358786106792,0.19096999602924863,0.24725880996313732,5.974573807497331,0.04555980774650706,27.324671577106503,0.0,3.059023205018258e-07,0.21315755320075422,0.21315755320075422,0.21315755320075422,2.275605210886089e-06,0,7.299448245687202,9.358292016134106,1.2767524914579625e-07,0,0.834890896207166,0.5045636636912328,0.0,0,0.0,0.0,0.0,0.0,0.0,0.0,0.0,0.0,0.0,0.0,7.337221973903699e-05,22.39839343361864,51.59807839383778,56.11030145093255
118,-830.2577451371477,0.32757760614654613,0.23419358786106792,0.19096999602924863,0.24725880996313732,5.974573807497331,0.04555980774650706,27.324671577106503,0.0,3.059023205018258e-07,0.21315755320075422,0.21315755320075422,0.21315755320075422,2.275605210886089e-06,0,7.299448245687202,9.358292016134106,1.2767524914579625e-07,0,0.834890896207166,0.5045636636912328,0.0,0,0.0,0.0,0.0,0.0,0.0,0.0,0.0,0.0,0.0,0.0,7.337221973903701e-05,22.398393433618637,51.59807839383781,56.11030145093257
118,-830.2577466176793,0.32757760614654613,0.23419358786106792,0.19096999602924863,0.24725880996313732,5.974573807497329,0.04555980774650708,27.32467157710654,0.0,4.733048468724778e-17,0.21315755320075422,0.21315755320075416,0.21315755320075416,3.520911427261385e-16,0,7.2994482456872,9.358292016134104,1.9754447807791595e-17,0,0.8348908962071657,0.5045636636912327,0.0,0,0.0,0.0,0.0,0.0,0.0,0.0,0.0,0.0,0.0,0.0,1.1106281080721227e-14,22.398406972079986,51.598107764891914,56.110339433555275
118,-1415.9611691084954,0.8496635193258832,0.022748888742663387,0.10156590517483075,0.026021686756622593,5.022987945933579,0.050243939493087704,28.65481184332965,0.0,0.34306462981618824,0.3595576633080439,0.016493033491855626,0.016493033491855626,2.552055368523318,0,0.5647937057843834,0.7240964316347707,0.14318577908476757,0,0.06459955702447717,0.03904053728837528,0.0,0,0.0,0.0,0.0,0.0,0.0,0.0,0.0,0.0,0.0,0.0,58.627391479098684,29.330850001575854,34.56554393109151,41.44064186599064
118,-853.2123389617518,0.4081537973615916,0.1943998192475046,0.18831410227151252,0.20913228111939133,5.740134820684237,0.04660029050916289,27.625997381174944,0.0,0.1223855454609329,0.24048815584985112,0.11810261038891819,0.11810261038891819,0.9104252119799562,0,4.044350665831426,5.185078826863262,0.05108037422839857,0,0.4625817511572973,0.2795598133611902,0.0,0,0.0,0.0,0.0,0.0,0.0,0.0,0.0,0.0,0.0,0.0,20.288923039139693,20.68626231845584,41.46393956086821,45.62795444980328
118,-830.3518419184168,0.3302933303818462,0.23277982895938526,0.19098672720880355,0.24594011344996494,5.9656019675035274,0.04559844630675684,27.33592427340524,0.0,0.005640778898443351,0.21412513519704773,0.2084843562986044,0.2084843562986044,0.041961714555471534,0,7.139417515286476,9.153123864208366,0.002354306597130918,0,0.8165870196088367,0.493501773954309,0.0,0,0.0,0.0,0.0,0.0,0.0,0.0,0.0,0.0,0.0,0.0,1.2876052289138067,22.261851160951462,50.69410881930701,55.16507528437081
118,-830.2660589986253,0.32800492898322725,0.23397075357909017,0.19097317295173652,0.24705114448594612,5.973156259947312,0.045565906586821275,27.326448066670032,0.0,0.0008972908499415108,0.213310042931615,0.2124127520816735,0.2124127520816735,0.006674940322314824,0,7.2739429931619055,9.325592886961159,0.00037450462171908204,0,0.831973675285514,0.5028006504847022,0.0,0,0.0,0.0,0.0,0.0,0.0,0.0,0.0,0.0,0.0,0.0,0.21337439357909016,22.376562854542403,51.44455402385916,55.94989198230183
118,-830.2591294769612,0.3276588944454378,0.23415118788368555,0.19097061607763993,0.2472193015932367,5.97430398353144,0.04556096845962904,27.325009682731785,0.0,0.00017097151929982977,0.21318656776300385,0.213015596243704,0.213015596243704,0.0012718559296757018,0,7.294587017710319,9.352059655901735,7.135882881709226e-05,0,0.8343348822667035,0.5042276384307616,0.0,0,0.0,0.0,0.0,0.0,0.0,0.0,0.0,0.0,0.0,0.0,0.040940309199653566,22.394242002925424,51.56852817770702,56.07943614716078
118,-830.2580111818154,0.32759359518065884,0.23418524757579548,0.19097011857345111,0.24725103867009462,5.974520728113384,0.04556003607385113,27.32473808722364,0.0,3.363982266552408e-05,0.21316326048831977,0.21312962066565425,0.21312962066565425,0.00025024640422920125,0,7.29849171334166,9.357065689333618,1.4040340501488795e-05,0,0.8347814906575489,0.5044975447945079,0.0,0,0.0,0.0,0.0,0.0,0.0,0.0,0.0,0.0,0.0,0.0,0.008066064662221832,22.39758738818438,51.59227558500481,56.10424642543068
118,-830.25779858062,0.32758076402547837,0.2341919406156951,0.19097002025472012,0.2472572751041064,5.974563323927942,0.04555985284258827,27.324684713284988,0.0,6.644367120826534e-06,0.21315868041596814,0.2131520360488473,0.2131520360488473,4.942740028381974e-05,0,7.299259314240939,9.358049795683238,2.7731768303555624e-06,0,0.8348692867458501,0.5045506040818618,0.0,0,0.0,0.0,0.0,0.0,0.0,0.0,0.0,0.0,0.0,0.0,0.001593588332587666,22.39824508827346,51.596955347074186,56.10913548343725
118,-830.257756754027,0.327578222830181,0.23419326617958308,0.1909700007609747,0.2472585102292612,5.974571760213234,0.04555981655308663,27.324674142403126,0.0,1.2975552271708535e-06,0.21315777332838026,0.2131564757731531,0.2131564757731531,9.652504209574486e-06,0,7.299411349847038,9.358244713648382,5.415640085295795e-07,0,0.8348866761620305,0.504561113320347,0.0,0,0.0,0.0,0.0,0.0,0.0,0.0,0.0,0.0,0.0,0.0,0.00031122255907036893,22.39837535821244,51.59788269484929,56.110104299376076
118,-830.2577484773366,0.32757771931067664,0.23419352883109354,0.1909699968975728,0.24725875496065697,5.974573431811448,0.04555980936255385,27.32467204784994,0.0,2.381076044818844e-07,0.2131575935951455,0.21315735548754097,0.21315735548754097,1.7712807951953605e-06,0,7.299441475120802,9.358283335897552,9.937959174635242e-08,0,0.8348901218083267,0.5045631956857518,0.0,0,0.0,0.0,0.0,0.0,0.0,0.0,0.0,0.0,0.0,0.0,5.7111423036707446e-05,22.39840117077847,51.59806646279114,56.11029628461629
118,-830.2577468727586,0.32757762166931964,0.2341935797638998,0.1909699961483579,0.24725880241842266,5.9745737559643235,0.04555980796818094,27.324671641678595,0.0,3.26613402053041e-08,0.21315755874167103,0.21315752608033078,0.21315752608033078,2.4296748008902314e-07,0,7.299447316965117,9.358290825461582,1.3631948725681286e-08,0,0.8348907899824778,0.5045635994946797,0.0,0,0.0,0.0,0.0,0.0,0.0,0.0,0.0,0.0,0.0,0.0,7.834018436629713e-06,22.398406176312395,51.5981020994441,56.110333514775185
118,-830.257746629454,0.327577606863096,0.23419358748729288,0.19096999603474688,0.24725880961486427,5.9745738051185056,0.04555980775673979,27.32467158008723,0.0,1.507686772742008e-09,0.21315755345652956,0.21315755194884278,0.21315755194884278,1.1215671299280866e-08,0,7.299448202816271,9.358291961171227,6.292671596210021e-10,0,0.8348908913037063,0.5045636607278426,0.0,0,0.0,0.0,0.0,0.0,0.0,0.0,0.0,0.0,0.0,0.0,3.616278316340778e-07,22.3984069353464,51.598107503367864,56.11033916033709
118,-830.2577466177115,0.3275776061484979,0.2341935878600498,0.19096999602926365,0.24725880996218869,5.974573807490851,0.04555980774653494,27.32467157711462,0.0,4.106771495356547e-12,0.2131575532014509,0.21315755319734414,0.21315755319734414,3.05502442721615e-11,0,7.299448245570426,9.358292015984393,1.7140539273920672e-12,0,0.8348908961938094,0.5045636636831609,0.0,0,0.0,0.0,0.0,0.0,0.0,0.0,0.0,0.0,0.0,0.0,9.850338985456197e-10,22.398406971979945,51.59810776417956,56.110339432811045
118,-830.2577466176793,0.32757760614654613,0.23419358786106792,0.19096999602924863,0.24725880996313732,5.974573807497331,0.04555980774650706,27.324671577106503,0.0,2.3665242343624014e-17,0.21315755320075422,0.21315755320075422,0.21315755320075422,1.7604557136307015e-16,0,7.299448245687202,9.358292016134106,9.87722390389585e-18,0,0.834890896207166,0.5045636636912328,0.0,0,0.0,0.0,0.0,0.0,0.0,0.0,0.0,0.0,0.0,0.0,4.942715841096443e-15,22.398406972079993,51.59810776489192,56.110339433555275
118,-830.2577451371477,0.32757760614654613,0.23419358786106792,0.19096999602924863,0.24725880996313732,5.974573807497331,0.04555980774650706,27.324671577106503,0.0,3.059023205018258e-07,0.21315755320075422,0.21315755320075422,0.21315755320075422,2.275605210886089e-06,0,7.299448245687202,9.358292016134106,1.2767524914579625e-07,0,0.834890896207166,0.5045636636912328,0.0,0,0.0,0.0,0.0,0.0,0.0,0.0,0.0,0.0,0.0,0.0,7.337221973903696e-05,22.398393433618637,51.5980783938378,56.110301450932575
118,-830.2577451371477,0.32757760614654613,0.23419358786106792,0.19096999602924863,0.24725880996313732,5.974573807497331,0.04555980774650706,27.324671577106503,0.0,3.059023205018258e-07,0.21315755320075422,0.21315755320075422,0.21315755320075422,2.275605210886089e-06,0,7.299448245687202,9.358292016134106,1.2767524914579625e-07,0,0.834890896207166,0.5045636636912328,0.0,0,0.0,0.0,0.0,0.0,0.0,0.0,0.0,0.0,0.0,0.0,7.337221973903701e-05,22.398393433618637,51.59807839383781,56.11030145093257
118,-830.2577451371478,0.32757760614654613,0.23419358786106792,0.19096999602924863,0.24725880996313732,5.974573807497331,0.04555980774650706,27.324671577106503,0.0,3.059023205018258e-07,0.21315755320075422,0.21315755320075422,0.21315755320075422,2.275605210886089e-06,0,7.299448245687202,9.358292016134106,1.2767524914579625e-07,0,0.834890896207166,0.5045636636912328,0.0,0,0.0,0.0,0.0,0.0,0.0,0.0,0.0,0.0,0.0,0.0,7.337221973903696e-05,22.398393433618637,51.5980783938378,56.110301450932575
118,-830.2577451371477,0.32757760614654613,0.23419358786106792,0.19096999602924863,0.24725880996313732,5.974573807497331,0.04555980774650706,27.324671577106503,0.0,3.059023205018258e-07,0.21315755320075422,0.21315755320075422,0.21315755320075422,2.275605210886089e-06,0,7.299448245687202,9.358292016134106,1.2767524914579625e-07,0,0.834890896207166,0.5045636636912328,0.0,0,0.0,0.0,0.0,0.0,0.0,0.0,0.0,0.0,0.0,0.0,7.337221973903699e-05,22.39839343361864,51.59807839383778,56.11030145093255
118,-830.2577451371478,0.32757760614654613,0.23419358786106792,0.19096999602924863,0.24725880996313732,5.974573807497331,0.04555980774650706,27.324671577106503,0.0,3.059023205018258e-07,0.21315755320075422,0.21315755320075422,0.21315755320075422,2.275605210886089e-06,0,7.299448245687202,9.358292016134106,1.2767524914579625e-07,0,0.834890896207166,0.5045636636912328,0.0,0,0.0,0.0,0.0,0.0,0.0,0.0,0.0,0.0,0.0,0.0,7.337221973903701e-05,22.398393433618637,51.59807839383781,56.11030145093257
118,-830.2577451371477,0.32757760614654613,0.23419358786106792,0.19096999602924863,0.24725880996313732,5.974573807497331,0.04555980774650706,27.324671577106503,0.0,3.059023205018258e-07,0.21315755320075422,0.21315755320075422,0.21315755320075422,2.275605210886089e-06,0,7.299448245687202,9.358292016134106,1.2767524914579625e-07,0,0.834890896207166,0.5045636636912328,0.0,0,0.0,0.0,0.0,0.0,0.0,0.0,0.0,0.0,0.0,0.0,7.337221973903699e-05,22.39839343361864,51.59807839383778,56.11030145093255
118,-830.2577451371477,0.32757760614654613,0.23419358786106792,0.19096999602924863,0.24725880996313732,5.974573807497331,0.04555980774650706,27.324671577106503,0.0,3.059023205018258e-07,0.21315755320075422,0.21315755320075422,0.21315755320075422,2.275605210886089e-06,0,7.299448245687202,9.358292016134106,1.2767524914579625e-07,0,0.834890896207166,0.5045636636912328,0.0,0,0.0,0.0,0.0,0.0,0.0,0.0,0.0,0.0,0.0,0.0,7.337221973903701e-05,22.398393433618637,51.59807839383781,56.11030145093257
