-7.402254215217830557e-01
-7.686504988586063680e-01
-3.752112009417719607e-01
7.466481727425627879e-01
-2.613889744699817719e+00
-4.683161116311344574e-01
3.364722366212128390e-01
-1.365430606003712910e+00
-1.136251778023859238e+00
-6.902899099170667352e-01
-1.403967334000410627e+00
-4.924381242269569192e+00
-2.552945499414052133e+00
-3.646709339919596560e-01
-6.249050899539245751e-01
-1.440245501708040887e+00
-1.116604720296284770e+00
-2.465161863360755934e+00
-1.012706947573168037e+00
-1.706220281998151789e+00
-1.765997325835722220e+00
-9.878982714815481847e-01
-7.289809700237886991e-01
