-7.403248332522274211e-01
-8.487758474600975989e-01
-5.496082950256161448e-01
5.996665978431086064e-01
-2.233871617480865712e+00
-8.159354490359126411e-01
3.364722366212128946e-01
-1.134156253079536825e+00
-1.352033087349654994e-01
-7.680851790940165236e-01
-1.431292878534629942e+00
-2.791021720394263994e+00
-3.339301824079083492e+00
-9.536493994822605735e-01
-4.886188307777540873e-01
-1.094011776411511816e+00
-9.944550092441404310e-01
-9.127248919699912921e-01
-1.292845263859578431e+00
-1.012166157426824586e+00
-1.756784940672884154e+00
