-6.818126826721371270e-01
-8.951822310317096854e-01
-5.388649255709595520e-01
5.801993140838109797e-01
-2.058430430723422688e+00
-2.231435513142097093e-01
3.364722366212128946e-01
-1.590607365650008598e+00
-5.730164616800869082e-01
-5.492881393874250451e-01
-7.427547608788164224e-01
-3.311263502505437994e+00
-3.088892662021709423e+00
-4.974015047688822855e-01
-6.664410562660855186e-01
-1.119965869897542765e+00
-1.230844547043018711e+00
-2.469022836739411364e+00
-1.264532647788707553e+00
-1.956216681977996252e+00
-1.707672302532028841e+00
-1.034785269224939297e+00
-1.112331468017063729e+00
