-7.389567362041941090e-01
-7.847054566355787797e-01
-6.457664785615455649e-01
4.256442925375461539e-01
-2.143942658376052357e+00
3.364722366212128946e-01
-2.155952467287474139e+00
-3.166620278711851366e-01
-1.177277978210472975e+00
-1.581438942617761745e+00
-3.205086404260404809e+00
-2.169425475073332610e+00
-5.533194522893036815e-01
-3.065195085955210175e-01
-1.465251486164604877e+00
-7.697889773256239021e-01
-2.772516505064118508e+00
-1.060794868642527256e+00
-1.243097230409766052e+00
-1.644940227245215159e+00
-8.742309891820855272e-01
-8.119875172901438454e-01
