-6.257264141538652069e-01
-9.616996366578244304e-01
-5.519128843673772877e-01
5.347277493354665179e-01
-2.787263684365153260e+00
-2.231435513142096816e-01
3.364722366212128390e-01
-1.771115385441269119e+00
-7.912916947405718160e-01
-3.084856547417308414e-01
-1.402408551780231161e+00
-2.604083353093727293e+00
-2.723075931662841676e+00
-6.002132615490517464e-01
-8.850416907816149870e-01
-1.067895000854027998e+00
-1.645188352364859385e+00
-3.340978367721135545e+00
-1.888736394918888895e+00
-1.649441894482320148e+00
-1.649584470863142860e+00
-1.157467490658836917e+00
-3.208566883394849967e-01
