-6.723732905541953686e-01
-7.259969690847599688e-01
-5.541661877511726564e-01
4.706117153037228107e-01
-2.036150415217065746e+00
3.364722366212128946e-01
-1.609382763756686874e+00
-7.127995381526728291e-01
-7.175663183179774585e-01
-1.744916256137728272e+00
-4.410952914434877137e+00
-2.969046166452714353e+00
-8.153309613603794137e-01
-9.358847364899820498e-01
-1.412913860629272378e+00
-7.292007800732250855e-01
-2.285235347483640211e+00
-1.348397163510426155e+00
-2.003817435348244747e+00
-1.406048304150168571e+00
-1.195059211525722365e+00
-7.488321868762107814e-01
