-6.401222935623981369e-01
-6.996126725761196985e-01
-4.958648481924668450e-01
6.688066617411039250e-01
-2.814160730326279225e+00
-1.904060849101818276e+00
-2.119011368253395311e+00
-1.436991087010444978e+00
-4.122071104852984558e-01
-2.157507940599177054e+00
-4.370301892969278512e+00
-4.277939978726895909e+00
-1.424768814363715608e+00
-6.070500977828230393e-01
-9.176357103533476778e-01
-2.031916514681770369e+00
-3.059986809485164105e+00
-1.987611619289177289e+00
-1.476683725200935715e+00
-1.263913094168318541e+00
