-6.190831194611552402e-01
-1.042634692033074906e+00
-3.255186187770677253e-01
3.585807665152639934e-01
-2.642177916486920797e+00
-1.274535507877212481e+00
-1.719780262109915858e+00
-4.559924450688761510e-01
-7.778487831524127039e+00
-2.722117984985425565e+00
4.912286035456602251e-01
-6.330215260935667665e-01
1.092396998342832326e+00
-1.776599630788633633e+01
2.720755502238411672e-01
-3.194761175315953938e+00
-1.737242518197573693e+00
-6.204697329610703527e+00
-4.868586390781720397e+00
-2.578548648833553170e+00
-2.273736177324078955e+00
-7.631094979476421791e+00
-1.331566224596662407e+00
