-6.798009111787386427e-01
-7.540969566619799558e-01
-5.699724535063783737e-01
6.411901920075184780e-01
-2.820639149530433709e+00
-8.308309319351193656e-01
-1.912427777642735416e+00
-1.380742830056916004e+00
-4.095642858870333219e-02
-1.268503107218094117e+00
-2.180336805903731801e+00
-8.661733348927167953e+00
-3.115451508518692680e+00
-1.253764477030346658e+00
-1.344162456219789359e+00
-1.556721785945867964e+00
-1.143672465942426442e+00
-3.155212349740139643e+00
-1.924935628102538265e+00
-1.873180923620779703e+00
-1.551157656315841349e+00
