133,-1137.9332073121777,0.30776942355889725,0.19849624060150375,0.2370927318295739,0.2566416040100251,1.2,0.9,0.0,0.144,0.84,0.21599999999999997,0.21599999999999997,0.7247400252936943,0,7.492127320240111,6.458276632636547,0.09598362654307857,0,1.9689405275837577,1.968652791785845,0.0,0,0.0,0.0,0.0,0.0,0.0,0.0,0.0,0.0,0.0,0.0,6.41638468514078,43.81657180567939,43.80795816869845,39.449771157079226
133,-1077.6967801605188,0.22736728108897372,0.2524847867255822,0.17379879492362812,0.34634913726181593,1.5644172757457533,0.6460390876228739,0.0,0.05764185403808222,0.3685000051961565,0.08718217885525897,0.08718217885525897,0.2901066580106607,0,3.0239814075904885,2.606697354089163,0.03842134855029118,0,0.7947061353295146,0.7945899990619373,0.0,0,0.0,0.0,0.0,0.0,0.0,0.0,0.0,0.0,0.0,0.0,4.944913197608685,31.76536943291206,41.790108889737695,37.53678795195805
133,-1040.0765797360823,0.30277545742999773,0.20201170393350396,0.20926810115509367,0.28594473748140464,1.908730283427507,0.5044400852733797,0.0,0.035660628753035786,0.28716005484785345,0.09083620990028363,0.09083620990028363,0.17947697905877916,0,3.1507243049119458,2.7159507953531037,0.023769697725852478,0,0.828014328910988,0.8278933250714741,0.0,0,0.0,0.0,0.0,0.0,0.0,0.0,0.0,0.0,0.0,0.0,4.33871415884977,30.69385515115778,42.03170302470303,37.733641845372205
133,-1012.2041501945353,0.35170960099989007,0.17229041473887394,0.22292993784123125,0.2530700464200048,2.742885511846551,0.32075789223798734,0.0,3.059023205018258e-07,0.20301106012339692,0.1232461390718385,0.1232461390718385,1.5395809409575904e-06,0,4.274887803954784,3.684989166807078,2.0390009784519706e-07,0,1.1234459170683653,1.123281739632414,0.0,0,0.0,0.0,0.0,0.0,0.0,0.0,0.0,0.0,0.0,0.0,0.00017177356992682563,30.487832748462083,45.74150972587185,41.427031062190196
133,-997.711328423337,0.3119051911595591,0.19751183816697154,0.20057560787872336,0.290007362794746,3.412177968291995,0.24315858220333908,0.0,3.059023205018258e-07,0.17865358798162673,0.14140530919076166,0.14140530919076166,1.5395809409575904e-06,0,4.904752686181045,4.22793798184001,2.0390009784519706e-07,0,1.288975204079642,1.2887868366283963,0.0,0,0.0,0.0,0.0,0.0,0.0,0.0,0.0,0.0,0.0,0.0,0.000113178934942053,30.25185418574661,46.66226648501453,42.24892160017313
133,-991.6984459594202,0.29802473457096174,0.20295423638762664,0.2031652568754824,0.29585577216592923,4.279805400424242,0.18190966017560753,0.0,3.059023205018258e-07,0.16565269113806952,0.16565269113806952,0.16565269113806952,1.5395809409575904e-06,0,5.745791911790869,4.952920853288675,2.0390009784519706e-07,0,1.5100013753937958,1.5097807077583283,0.0,0,0.0,0.0,0.0,0.0,0.0,0.0,0.0,0.0,0.0,0.0,8.107497985390021e-05,30.106896702467004,48.20982967812351,43.69171486224554
133,-988.928299514718,0.30673408285733106,0.20382704424530623,0.2012499701395679,0.2881889027577948,5.12452771994548,0.1426761328339725,0.0,3.059023205018258e-07,0.18286839666111082,0.17581777543240362,0.17581777543240362,1.5395809409575904e-06,0,6.098375734726629,5.256851067950151,2.0390009784519706e-07,0,1.60266084962259,1.602426640974899,0.0,0,0.0,0.0,0.0,0.0,0.0,0.0,0.0,0.0,0.0,0.0,6.963274085429478e-05,30.876188462113056,49.292776681582474,44.705323021940096
133,-990.4672635983275,0.27361237948958544,0.19383588628071513,0.25071899802963676,0.2818327362000626,5.990633473093978,0.11427203674043622,0.0,3.059023205018258e-07,0.23311612437207,0.17316291011183516,0.17316291011183516,1.5395809409575904e-06,0,6.006289674542421,5.177472111178741,2.0390009784519706e-07,0,1.5784605166367387,1.5782298445621559,0.0,0,0.0,0.0,0.0,0.0,0.0,0.0,0.0,0.0,0.0,0.0,6.809781099441035e-05,33.253421853815844,49.4765848801695,44.80069633607086
133,-988.3140558258567,0.29522229316677934,0.20047543781223717,0.21817663408873283,0.2861256349322507,5.399541538898143,0.13245753986344289,0.0,3.059023205018258e-07,0.19903827506152433,0.1749245317487881,0.1749245317487881,1.5395809409575904e-06,0,6.0673928856264085,5.23014359198189,2.0390009784519706e-07,0,1.5945185177259291,1.5942854989772381,0.0,0,0.0,0.0,0.0,0.0,0.0,0.0,0.0,0.0,0.0,0.0,6.900774874331518e-05,31.586994724974126,49.333645487717256,44.71843961472033
133,-987.7676650373444,0.3053921314412504,0.19880065810411296,0.2140052828173839,0.28180192763725276,5.685157461404182,0.12284579210405036,0.0,3.059023205018258e-07,0.2216075411001094,0.17619802665677636,0.17619802665677636,1.5395809409575904e-06,0,6.1115650429982855,5.268220362380234,2.0390009784519706e-07,0,1.6061270165037513,1.605892301319535,0.0,0,0.0,0.0,0.0,0.0,0.0,0.0,0.0,0.0,0.0,0.0,6.64994910818951e-05,32.54744157973488,49.579425230226576,44.93199859931339
133,-987.6703976037045,0.30735717121814354,0.19846852590245428,0.21197980396956673,0.28219449890983545,5.689440488165125,0.12209268415281237,0.0,3.059023205018258e-07,0.2347944014572573,0.1743702565238204,0.1743702565238204,1.5395809409575904e-06,0,6.048167420089775,5.21357107932699,2.0390009784519706e-07,0,1.5894660410876211,1.5892337606945974,0.0,0,0.0,0.0,0.0,0.0,0.0,0.0,0.0,0.0,0.0,0.0,6.68374490507118e-05,33.08520312748749,49.47610819336884,44.81942607400798
133,-987.6487741363064,0.3063689057131982,0.19911224133057043,0.2115278523201677,0.2829910006360637,5.630262438085266,0.12317093608136463,0.0,3.059023205018258e-07,0.24145011824376653,0.17255762225623908,0.17255762225623908,1.5395809409575904e-06,0,5.985294796396491,5.159374350003672,2.0390009784519706e-07,0,1.5729430361286953,1.5727131703642239,0.0,0,0.0,0.0,0.0,0.0,0.0,0.0,0.0,0.0,0.0,0.0,6.764311480463978e-05,33.3351981104898,49.33537425917713,44.67737785860811
133,-987.6479855954738,0.30604290681347535,0.199055909684674,0.21153960377780623,0.2833615797240444,5.606375681877656,0.12353206171616513,0.0,3.059023205018258e-07,0.2419700351358915,0.1722952325728076,0.1722952325728076,1.5395809409575904e-06,0,5.976193606971554,5.15152904833168,2.0390009784519706e-07,0,1.5705512320466206,1.5703217158141165,0.0,0,0.0,0.0,0.0,0.0,0.0,0.0,0.0,0.0,0.0,0.0,6.780835951199634e-05,33.348231600488404,49.310039068490894,44.65270697066825
133,-987.6481166351232,0.30597855521712014,0.1991146472943044,0.2115597728618828,0.2833470246266927,5.595592009796568,0.123573727055534,0.0,6.146902367035255e-06,0.24198681046711984,0.17224823313890605,0.17224823313890605,3.0936848451131946e-05,0,5.974563395199473,5.150123792101525,4.097235980515818e-06,0,1.570122810332814,1.569893356708734,0.0,0,0.0,0.0,0.0,0.0,0.0,0.0,0.0,0.0,0.0,0.0,0.0013630418006933735,33.34602152968917,49.30316562377634,44.64609827776647
133,-987.6479918264297,0.30603024007187585,0.1990674692978249,0.21154357422556602,0.2833587164047332,5.604251599722195,0.12354026117173207,0.0,1.2100802319564288e-06,0.24197333750929628,0.17228598113745533,0.17228598113745533,6.090233179968762e-06,0,5.975872713769915,5.151252435698559,8.06582562994915e-07,0,1.5704669009077161,1.570237396999143,0.0,0,0.0,0.0,0.0,0.0,0.0,0.0,0.0,0.0,0.0,0.0,0.0002682552599125784,33.34780263598154,49.308722419807324,44.65144204478867
133,-987.6479765381059,0.3060387278478015,0.19905972327725563,0.21154091371723663,0.28336063515770626,5.6056748331047945,0.12353476675328583,0.0,3.9923319208199495e-07,0.24197112466339166,0.17229218036005947,0.17229218036005947,2.009307456441579e-06,0,5.976087738608048,5.151437788913767,2.6611006675277334e-07,0,1.570523409706905,1.5702938975402845,0.0,0,0.0,0.0,0.0,0.0,0.0,0.0,0.0,0.0,0.0,0.0,8.849958332253532e-05,33.34809499785669,49.309635115139955,44.652319759581644
133,-988.1832667311616,0.29921161130678753,0.2055763253482003,0.21381480210439271,0.2813972612406194,4.501589823931205,0.1280292095852784,0.0,3.059023205018258e-07,0.24306770458966553,0.16735672263760468,0.16735672263760468,1.5395809409575904e-06,0,5.80489756434743,5.003870421875362,2.0390009784519706e-07,0,1.5255344155776573,1.5253114779844898,0.0,0,0.0,0.0,0.0,0.0,0.0,0.0,0.0,0.0,0.0,0.0,7.235883997366884e-05,33.07648728774533,48.67954482679148,44.05137971805762
133,-987.6477015933804,0.3058857274792011,0.1992022739818754,0.2115925537169944,0.283319444821929,5.578486545485651,0.1236326568625993,0.0,3.9013264029664333e-07,0.24199660469884843,0.17218122265861907,0.17218122265861907,1.9635051360867018e-06,0,5.972239084782341,5.148120217013658,2.600440670034599e-07,0,1.5695119786179534,1.569282614259216,0.0,0,0.0,0.0,0.0,0.0,0.0,0.0,0.0,0.0,0.0,0.0,8.65976420625289e-05,33.34224537386703,49.295052139454526,44.63837985601804
133,-987.6474264733849,0.3058956830090221,0.19909165638306092,0.21157015912520566,0.2834425014827114,5.567877891503814,0.12334768444568814,0.0,3.059023205018258e-07,0.24185168504132054,0.17228204889191587,0.17228204889191587,1.5395809409575904e-06,0,5.97573632078734,5.151134863802813,2.0390009784519706e-07,0,1.5704310566595352,1.5702015579891466,0.0,0,0.0,0.0,0.0,0.0,0.0,0.0,0.0,0.0,0.0,0.0,6.784842572769696e-05,33.33781971996663,49.3032934636757,44.64649555905146
133,-987.6472814237145,0.30595639890599735,0.19907611456104352,0.21155959816396327,0.28340788836899583,5.560463885194733,0.12302930467177589,0.0,2.152141005556763e-08,0.24181597634933333,0.17237496453690562,0.17237496453690562,1.083154671390837e-07,0,5.978959171909125,5.153912988519682,1.4345159621208747e-08,0,1.5712780260070671,1.5710484035628025,0.0,0,0.0,0.0,0.0,0.0,0.0,0.0,0.0,0.0,0.0,0.0,4.769388129101302e-06,33.33852239374657,49.311565253624934,44.65445359256458
133,-987.6472783870636,0.3059877890444225,0.19910941661315015,0.2115599802262423,0.283342814116185,5.559608028973293,0.12292763387121933,0.0,3.059023205018258e-07,0.24186205447019393,0.17239520053142968,0.17239520053142968,1.5395809409575904e-06,0,5.979661073054615,5.15451803319826,2.0390009784519706e-07,0,1.5714624865150968,1.5712328371142577,0.0,0,0.0,0.0,0.0,0.0,0.0,0.0,0.0,0.0,0.0,0.0,6.777370760370308e-05,33.34126356613265,49.31365280581521,44.65637300896033
133,-987.6472771163495,0.3059930472827487,0.19912564712553174,0.21156168186820443,0.28331962372351516,5.560097730759545,0.12292209163458476,0.0,3.059023205018258e-07,0.24187881523076984,0.17239341119698037,0.17239341119698037,1.5395809409575904e-06,0,5.979599008603167,5.154464533120196,2.0390009784519706e-07,0,1.5714461758988252,1.571216528881577,0.0,0,0.0,0.0,0.0,0.0,0.0,0.0,0.0,0.0,0.0,0.0,6.777321294745907e-05,33.34205942719881,49.31362023209607,44.656311642692444
