-6.757262624137078122e-01
-7.758390830314770836e-01
-5.949545733958949700e-01
5.970280133118770483e-01
-2.099712974478332050e+00
-2.231435513142097093e-01
3.364722366212128946e-01
-6.694423326889233916e-01
-5.010205686508164558e-01
-8.902285893183551346e-01
-1.448005908498735339e+00
-2.876526021725596127e+00
-3.072918714646220018e+00
-7.203043124693198074e-01
-7.137816874979399095e-01
-1.275434870707155000e+00
-1.160307770695541585e+00
-2.647940359826418177e+00
-1.433540618058014804e+00
-1.754829326577796333e+00
-1.675024305212426068e+00
-1.121009003133888182e+00
-8.648494976545167967e-01
