-6.782595026770064095e-01
-6.682516509519442760e-01
-5.021608443317042703e-01
7.176061029030940119e-01
-2.861650464058145271e+00
-1.568642881460554417e+00
-1.085159840838663126e+00
-1.108332223708068165e+00
-6.212243497589038377e-01
-4.827620549916418757e-01
-1.941180627128155090e+00
-4.855763806163439611e+00
-3.851724800603684606e+00
-3.466376242953854714e-01
-1.028051910764197219e+00
-1.219618412937716112e+00
-1.653566098798184170e+00
-2.844425341892280024e+00
-1.473531796175002739e+00
-1.482579071047113839e+00
-1.475739859154276301e+00
