-6.743951365792074659e-01
-6.919920098235503580e-01
-5.401093610510672161e-01
6.133519619685432467e-01
-1.762884442554734754e+00
-2.231435513142096816e-01
-2.698804275233010586e+00
-1.102006191487298947e+00
1.273670105942224240e-01
-4.949297880715936016e-01
-1.238314997045836252e+00
-2.300439463116579208e+00
-2.816168914137600066e+00
-6.867593176266081345e-01
-6.888977235281924516e-01
-1.028227225188054872e+00
-8.038817273223103355e-01
-2.320372154443210544e+00
-1.004001951305751206e+00
-1.618213849865924869e+00
-6.157559696200148869e-01
-7.582564541921632539e-01
-4.069644589179025052e-01
