-6.438770084440400554e-01
-8.943369945443324642e-01
-5.239941566469531464e-01
5.132948517917860221e-01
-2.455781416508624027e+00
3.364722366212128946e-01
-1.263098891845922500e+00
-4.719922551584509463e-01
-7.087696065006680035e-01
-1.662762625595748389e+00
-2.978988062455402375e+00
-1.343740842933189583e+01
-9.148072035181465944e-01
-6.590954107855384603e-01
-9.027469731551724941e-01
-1.344811413070776451e+00
-2.333056650198741533e+00
-1.934355923245097530e+00
-1.432177826993202840e+00
-1.195445272017476857e+00
