-6.048215727982720891e-01
-6.028190738415299954e-01
-6.312321560774555307e-01
6.703769647384301145e-01
-2.376439539006826696e+00
-4.152402350860166513e-01
3.364722366212128946e-01
-1.001953301389937101e+00
-6.514700988424892980e-01
-1.087063138178629762e+00
-1.571671338922137284e+00
-3.097414081312170886e+00
-2.865320829334333741e+00
-5.620555511362885781e-01
-6.374844476906637025e-01
-1.284344968326993408e+00
-1.168589342805717690e+00
-3.176977871602999048e+00
-1.414651228774681302e+00
-1.487951990550317571e+00
-1.154259613945314511e+00
-1.102534602068942826e+00
-9.362355293444172277e-01
