-7.355793104561902940e-01
-7.739589258098277247e-01
-5.810583667661952667e-01
4.518600316151616392e-01
-2.486550466371918677e+00
-1.885327535864822490e+00
-1.337347666503396759e+00
-9.231365217181359828e-01
-5.710540903867139528e-01
-9.241250737479652644e-01
-1.419208688994691769e+00
-3.077975150244572689e+00
-3.082465687548878286e+00
-8.041524481409628722e-01
-1.413684597512283592e-01
-1.593497500121935140e+00
-1.449161611873055033e+00
-3.008968571923412050e+00
-1.480205886060459664e+00
-2.415492042036526232e+00
-1.795310422065518274e+00
-1.307413472125041665e+00
-1.287284143947613257e+00
