-6.853604313925312219e-01
-8.181619632170163969e-01
-4.884391105347385409e-01
7.135498405308834391e-01
-2.062155218246863431e+00
-2.231435513142097093e-01
-2.152347656424009159e+00
-1.431476194233648913e+00
-7.674028316419905238e-01
-6.080273934331470453e-01
-1.324196188294952670e+00
-3.508916324759109973e+00
-3.660783384590788891e+00
-9.350402989462407444e-01
-6.607456417836693463e-01
-1.431264012528871366e+00
-1.241143591984190886e+00
-3.099579665269720063e+00
-1.141310709392298950e+00
-1.830844860026306975e+00
-1.866239601266536097e+00
-1.057601130706799175e+00
-1.181297627772910142e+00
