-6.574489375527168278e-01
-6.572285704618642255e-01
-6.076475233979621304e-01
6.810718578833697689e-01
-2.397197599318037664e+00
-1.868877260185679123e+00
-1.460284184004754016e+00
1.389022078925078729e-01
-6.960828413071229459e-01
-7.957542503626215957e-01
-1.076621062250666450e+00
-3.015591540260938785e+01
-3.108166080302343204e+00
-4.222704707500239407e-01
-1.167127460042602038e+00
-1.663543811359131652e+00
-1.583781180622436224e+00
-1.596479103896780716e+00
-2.146853878417445127e+00
-1.621815112311937312e+00
-2.002986514149934560e+00
-3.592724194911650404e+00
1.397713206930041974e+00
