-6.908164955919039452e-01
-8.734461419756821554e-01
-5.387518864445924871e-01
6.068863411978132616e-01
-2.754685654252402749e+00
-2.719992982655041192e-01
-1.815299004714033382e+00
-1.474652545630296352e+00
-8.380216142209467867e-01
-6.440819842580778332e-01
-1.322560977702642804e+00
-3.225200732922489877e+00
-3.076856333195006066e+00
-8.377305746612973003e-01
-1.032848669940451769e+00
-1.598195142850212358e+00
-1.292019822591110589e+00
-2.731207963741539402e+00
-1.516430505035541998e+00
-2.125461363517963331e+00
-1.595889979112805168e+00
-1.020402108898152527e+00
-8.982270201245897701e-01
