-6.367367288506278200e-01
-7.453137270685418203e-01
-6.159492384543401311e-01
2.482112365357564410e-01
-1.951260410652065680e+00
-1.053605156578262814e-01
3.364722366212128390e-01
-4.196157066122443879e+00
-8.145729576616644874e-01
-1.806161641161371456e+00
-2.688755474602430251e+00
-5.211107310303494167e+00
-4.187329544027495132e+00
-1.600931035259615998e+00
-1.847992064943861923e+00
-1.381638173288318505e+00
-1.656827723685920573e+00
-2.831504883949579110e+00
-2.150127837666315322e+00
-2.595284833060490293e+00
-1.626405133054699359e+00
-1.701694987268123516e+00
-5.378823557071952255e-01
