-6.817980648072681227e-01
-7.889528115115460594e-01
-5.410637161042659571e-01
6.252158051576350850e-01
-2.942644085592026393e+00
2.882432148602977473e-01
-1.398816832635990437e+00
-1.289727741611968126e+00
-7.669682577180154670e-01
-1.093744811409554041e+00
-1.902960197804538511e+00
-3.262949398921946464e+00
-4.076642027145162217e+00
-9.164187062255467753e-01
-9.388568765015500306e-01
-1.567412132400300084e+00
-1.529725484626831777e+00
-2.798017186861838201e+00
-1.771308541925770363e+00
-2.406606329223261120e+00
-1.728127070501344953e+00
-1.140143002246951420e+00
-1.340002017051816319e+00
