-6.479311307559777466e-01
-7.816168808554607716e-01
-5.417699410157720274e-01
4.427447834555742756e-01
-2.228515124070076237e+00
-4.979100602842897461e-01
-1.356947092707591063e+00
-5.568572707612223782e-02
-3.364120140291316119e+00
-1.273497390020070785e+00
-1.504542064354164266e+00
-2.331145390777736193e+00
-3.254389244178717000e+00
-6.513408963734519386e-01
-6.956680114303738227e-01
-1.667484353770915195e+00
-1.519463297063053053e+00
-9.847431596886172755e+00
-5.227730746432530662e-01
-1.956387497840536893e+00
-1.317558760267877327e+00
-3.168409350883087394e-01
-9.688622263290931347e-01
