-6.807891332329280010e-01
-7.986533964579508593e-01
-5.381783498748213823e-01
5.914709086713291208e-01
-3.008396958469124360e+00
-1.528930138583092679e+00
-1.767992097377229399e+00
-5.675501848510373648e-01
-1.040792784024169970e+00
-1.825269659075921425e+00
-3.251936701797254692e+00
-3.743227562873996384e+00
-7.804225078707430763e-01
-8.880210527246972241e-01
-1.458262360498934429e+00
-1.408906034206407920e+00
-2.622519510761831540e+00
-1.652719847346513671e+00
-2.274862485634630005e+00
-1.599452475587353817e+00
-1.027331763558886113e+00
-1.221638059830163492e+00
-6.893466795877946085e-01
-8.768654915914215753e-01
-5.366418687586342884e-01
5.678830215646886170e-01
-2.823888943195961510e+00
-1.509158523245766270e+00
-1.556403894746472227e+00
-7.765598761876350009e-01
-5.942968327841525733e-01
-1.300149157141810452e+00
-3.162985863741882842e+00
-3.040668888760544863e+00
-7.939336967111171317e-01
-9.619344159690261797e-01
-1.539613755693401753e+00
-1.237006523430876914e+00
-2.678837312876185095e+00
-1.453426073239471705e+00
-2.055970462531539145e+00
-1.534530385793845264e+00
-9.547372974444268134e-01
-8.353222702943521316e-01
-6.643340394610153243e-01
-7.751043343370563887e-01
-6.399195111679121251e-01
5.478830238313202594e-01
-2.319467090823204902e+00
-1.265702292765308101e+00
-1.063561949840490239e+00
-9.625615486751137873e-01
-6.800220200282159899e-01
-1.008540721764625170e+00
-3.132306440213915355e+00
-3.799012438688516458e+00
-8.757648807518230161e-01
-7.924445226002319043e-01
-1.265258276806758175e+00
-1.328036443345893547e+00
-2.525048832661643594e+00
-1.332373244368129539e+00
-2.108085124288415990e+00
-1.592908117044966154e+00
-5.873436410491833515e-01
-8.259697310005460480e-01
-6.421044670425470891e-01
-8.229020346222530868e-01
-5.973547290053491388e-01
5.465718484873606231e-01
-2.425900663930111278e+00
-1.316689742260818363e+00
-1.013353431606050653e-01
-1.290084292791147114e+00
-6.905208280206748261e-01
-1.049931205946610380e+00
-3.192079814282331007e+00
-3.582420706733629334e+00
-7.407021245474566529e-01
-5.479345440387076716e-01
-1.620488336417901909e+00
-1.415137686664412309e+00
-3.653677714169725199e+00
-1.377901817442368726e+00
-2.258642993218637152e+00
-1.314173207166972057e+00
-1.139313641928732412e+00
-9.385139626033747184e-01
-7.236868911685261363e-01
-1.105026585296021269e+00
-4.701784473719757829e-01
3.989290434524299100e-01
-1.995804924762676125e+00
-1.362315713379171678e+00
-6.522734396366848264e-01
-1.411385603056294791e+00
-1.136936192143073399e+00
-9.607622724624349519e-01
-3.176898968910364385e+00
-3.637448871586903110e+00
-4.533779342080739849e-01
-9.318829457005265438e-01
-1.115676940633611336e+00
-9.279560119545094965e-01
-3.485855567167374769e+00
-9.402451397351221374e-01
-1.276541729724480989e+00
-9.523575335255769492e-01
-1.083780894754301505e+00
-6.883022220220927911e-01
-6.770994607730331794e-01
-7.725362674788792683e-01
-4.985478936284359897e-01
7.048121300022580638e-01
-2.230343773794423612e+00
-1.313466439359319615e+00
-7.952177340744773781e-01
-8.552082572042657427e-01
-6.303187515067418430e-03
-1.153903849536493498e+00
-3.134730343560946153e+00
-2.840352881568768417e+00
-5.392340920122478121e-01
-2.379895031178364539e-01
-1.456806600226408843e+00
-7.648922407921739941e-01
-2.708330621723686882e+00
-1.085587454340640079e+00
-1.694335139410686697e+00
-1.446616457987830007e+00
-9.654087925747849575e-01
-6.753126351944190864e-01
-6.489155236091947998e-01
-8.035721376373546887e-01
-5.217470633223936227e-01
4.223066193633265297e-01
-2.344597610186362147e+00
-6.264577003130425981e-01
-1.345961792607454632e-01
-1.914531361333507098e+00
-1.149570744491382301e+00
-1.364666394587781495e+00
-2.210313015989159080e+00
-3.134982248575413522e+00
-4.909189927706489875e-01
-5.490859876065037337e-01
-1.533075778066405936e+00
-1.377802246689501908e+00
-6.831670944458638317e+00
-3.898603377609719534e-01
-1.820078985575197095e+00
-1.178300141976238891e+00
-1.790926894198115460e-01
-8.150333766020171344e-01
-6.739572058552092404e-01
-6.938518596506169089e-01
-5.347027517933767848e-01
6.034955808135606947e-01
-1.878513891074171438e+00
-1.034852154851936934e+00
-5.569016003111425528e-01
9.100958613722967550e-03
-4.486217682165777321e-01
-1.345343567943384722e+00
-2.229696290455938534e+00
-3.109972517527134883e+00
-6.792550667604450032e-01
-7.589759558603943468e-01
-1.059607446530395070e+00
-8.179975102689327482e-01
-2.307743639983940831e+00
-1.048328904234684611e+00
-1.637833221826169972e+00
-6.806355996276993725e-01
-7.918971209841699777e-01
-4.552249035853195847e-01
-6.977593324146320608e-01
-8.506723490954726241e-01
-5.459662328213226168e-01
6.154732337484153382e-01
-3.246953340574572522e+00
-1.831595014740716731e+00
-1.383901511870869516e+00
-4.198996929735592243e-01
-1.108972086363630760e+00
-1.351854233413144035e+00
-3.514836649283891390e+00
-3.360426199785229162e+00
-7.386208646435333813e-01
-9.237316648994388091e-01
-1.412782281735317058e+00
-1.409079772292945121e+00
-2.966458705973629151e+00
-1.661988361942566161e+00
-2.216684584173068906e+00
-2.093244668070035619e+00
-1.296281623645224590e+00
-1.026579512193186217e+00
-6.544304184453899609e-01
-9.699864982641343003e-01
-4.855576604617190539e-01
9.947167145632234142e-01
-5.911589427507348837e+00
-7.047525404395591053e+00
-2.063661200670512397e+00
-6.376553059013000402e-01
-9.518323815709027746e-01
-1.191173638835522297e+00
-5.878681155673063152e+00
-3.071445876364872873e+00
-7.720128455879515794e-01
-1.076520469573984062e+00
-1.915674197025674541e+00
-1.809396918346887428e+00
-3.551716972039057563e+00
-1.921081020841538312e+00
-2.188228591633306408e+00
-1.902496456151013149e+00
-1.334368279502235133e+00
-1.356176168072217303e+00
-7.097029643249304076e-01
-9.402684198378716829e-01
-4.761015947175015195e-01
6.654175201830989650e-01
-2.569551340700690023e+00
-1.709154427820917199e+00
-4.742002437086421662e-01
-3.475823153076687544e-01
-2.330510281838031605e-01
-1.206283668605617976e+00
-3.514005443667735040e+00
-2.625558062296367012e+00
-7.237886366082850742e-01
-8.046006259660904991e-01
-1.476628719717160365e+00
-9.067632489010195584e-01
-2.147078642631472079e+00
-1.622305229599780629e+00
-2.232302614172197774e+00
-8.471571846699220698e-01
-1.143706110639956419e+00
-1.382052157382296365e+00
-6.039849000772026244e-01
-6.869859128265556336e-01
-6.302605393293511105e-01
6.654217968231822544e-01
-2.711670602474253400e+00
-1.175963167213207372e+00
-9.303701435601176017e-01
-4.538636648026717624e-01
-6.916637315549238885e-01
-1.494202159828548426e+00
-3.031496499012297452e+00
-3.806307094079612430e+00
-7.147321829630816081e-01
-1.105921314007935807e+00
-1.378889607786928817e+00
-1.247147233148940604e+00
-2.788972994428902563e+00
-1.318046610834552101e+00
-1.743248141155052666e+00
-1.575965604419523158e+00
-1.033187612859916671e+00
-8.960075357139206664e-01
-6.784918770440723224e-01
-8.066378176066933969e-01
-4.411947564637507258e-01
7.154203789246234013e-01
-2.521322564397238342e+00
-1.346427312748198268e+00
-6.710385933926736879e-01
-1.542290663450847088e+00
-5.847477900974508147e-01
-6.195172632173341354e-01
-2.567213311446873814e+00
-3.332877999868465224e+00
-3.222032842793184360e-01
1.737404784481855202e-02
-1.024094682627231911e+00
-1.278809488155443930e+00
-2.224679795326435006e+00
-1.442636248854290759e+00
-2.165557092643534354e+00
-1.545940070939163302e+00
-4.859209830722021062e-01
-8.259519866593267867e-01
-5.755761174090376908e-01
-8.542055635908024636e-01
-5.481917041260764289e-01
4.962700157963550462e-01
-1.875932285473661976e+00
-1.355736604315452842e+00
-1.649233315626796870e+00
-9.721167986797941696e-01
-1.137766283292963809e+00
-1.139635550084802107e+00
-3.123508217064770776e+00
-2.768832858478890824e+00
-5.876541869643869820e-01
-3.097005458754399365e-01
-1.351388293084806236e+00
-1.094112415295569685e+00
-2.445810669039913066e+00
-1.124956366355584603e+00
-1.470369019628234852e+00
-1.610700333720197719e+00
-1.098236484768168042e+00
-9.773329514377981919e-01
-7.123583015431605991e-01
-7.934034224147205050e-01
-5.163021856978110558e-01
7.640592101844437822e-01
-2.823342416590356230e+00
-1.795671320279805139e+00
-1.209181356818451736e+00
-4.650849582927037984e-01
-1.135209416797608561e+00
-8.483833349373475219e-01
-2.502901912790449046e+00
-4.151567141910380343e+00
-5.993326749904568373e-01
-8.270471727524185690e-01
-1.285109903115431829e+00
-1.511265197175480468e+00
-2.866488898045073341e+00
-1.132646000223152205e+00
-1.893584766055105950e+00
-1.984467528547466664e+00
-4.100200573500443202e-01
-1.149258830561216582e+00
-7.429461616778266775e-01
-7.992295662730344308e-01
-6.400382031488158763e-01
3.899464731643478843e-01
-2.383608941604409281e+00
-6.088713928500714134e-01
-1.009907403912179591e+00
-5.067845462012575686e-01
-1.158093889749836070e+00
-1.639458705757899093e+00
-2.785509206631377133e+00
-2.234136134063372747e+00
-4.559255629479295191e-01
-2.537084714285469111e-01
-1.312149026261544060e+00
-8.042220391079594188e-01
-2.963832722177154100e+00
-1.061634764302032963e+00
-1.216862394275736170e+00
-1.588408764914821747e+00
-8.137031050376848373e-01
-7.816554276957325964e-01
-6.828142075487784179e-01
-8.223582396708237763e-01
-4.834958306927345517e-01
7.029316257615483288e-01
-2.163485803527914531e+00
-1.397130420332776346e+00
-1.110510942158142278e+00
-8.816919034026228230e-01
-6.024886288352374608e-01
-1.297614355227118432e+00
-3.582863889957999870e+00
-3.570737048279324810e+00
-9.494938858765903378e-01
-6.559888821628733213e-01
-1.425563253843981748e+00
-1.254680172126919624e+00
-3.147168877504035844e+00
-1.159791890773586021e+00
-1.851353700312980743e+00
-1.874689809878221425e+00
-1.050017744672140596e+00
-1.193837523696048342e+00
-5.957643283231889297e-01
-6.001227738964922676e-01
-6.326219978358217366e-01
6.425909058113277172e-01
-2.455466059926817213e+00
-1.071094712430487483e+00
-6.534338703310974550e-01
-8.684982993166834309e-01
-1.062561969257031613e+00
-1.452389775460311894e+00
-3.088575704970931479e+00
-2.710787169657925766e+00
-5.703756379840747570e-01
-6.303321602043563399e-01
-1.277542206645774003e+00
-1.146495147331564768e+00
-3.033118495678548410e+00
-1.429395491182468891e+00
-1.493636616208889212e+00
-1.135493973304287252e+00
-1.099513667017942176e+00
-9.162521218124617395e-01
-6.096122517943366459e-01
-6.949237491134228062e-01
-6.100026091502777081e-01
5.560657340749822763e-01
-2.207794901698484580e+00
-9.130473686746428674e-01
-5.429870183121445759e-01
-8.159669021336293238e-01
-4.315004800987071176e-01
-1.047746792803649463e+00
-3.476747040239869246e+00
-3.024043867042856881e+00
-5.358414443024724916e-01
-4.628744267487617248e-01
-1.160160379117304297e+00
-1.271488390965733517e+00
-2.517144925807250910e+00
-1.619340410054700863e+00
-1.879291587256628260e+00
-8.345365952834808976e-01
-1.033339229904269851e+00
-8.022481085418555757e-01
-6.730872482706402593e-01
-7.509350121450188986e-01
-5.413561182906339031e-01
6.801719435870922092e-01
-2.649553505284230948e+00
-1.470573437203004152e+00
-2.643507633934351064e-01
-4.904827924020333518e-01
-3.373421956921750509e-01
-9.356344312330113766e-01
-3.550750017984749984e+00
-3.422611099979480542e+00
-3.939761743651987724e-01
-7.227003045762798727e-01
-1.412607183728310734e+00
-9.999574563751458811e-01
-2.024651181250308518e+00
-1.420986982215203920e+00
-1.865013364506012516e+00
-1.919802381972020022e+00
-9.859558615850365637e-01
-9.633412302318781206e-01
-6.807485556039925001e-01
-1.014553982544778910e+00
-3.438789970789564165e-01
8.194289054005724493e-01
-3.563682622669880562e+00
-2.027261150543381074e+00
8.428505725626846135e-02
-1.130817695739183781e+00
-9.373510464089701566e-01
-1.009973456535284253e+00
-6.754103150573396164e+00
-6.231340500384409786e+00
-4.929382341978021942e-01
2.019846644911530570e-02
-1.589420449923724776e+00
-1.560014178064709212e+00
-2.374507287432198410e+00
-1.339771941343164796e+00
-2.098001545148856284e+00
-2.098660612809877257e+00
-1.273920270698854385e+00
-1.331958537887693694e+00
-7.464078010916803674e-01
-7.652757077653474793e-01
-3.661235277674175226e-01
7.155615992619208665e-01
-2.668964904088081624e+00
-1.249188626801275959e+00
-9.326403893759310781e-01
-1.486112538611624068e+00
-6.361462816157474887e-01
-1.338330642731559772e+00
-3.724481105451208141e+00
-2.665063043823653111e+00
-3.797049332912753039e-01
-5.849734588738418894e-01
-1.430876159956590898e+00
-1.132886555559789121e+00
-2.491675722039411234e+00
-1.027360263072144120e+00
-1.719844569397336764e+00
-1.781935201243359135e+00
-1.022313485812192058e+00
-7.195002629792870419e-01
-6.584626616212871930e-01
-8.530678885294515901e-01
-6.536618398685044573e-01
5.014748746966003479e-01
-2.507060761157739570e+00
-6.974875308885654102e-01
-9.155833937624121566e-01
-4.235875018500195877e-01
-6.942906876561336649e-01
-2.282582533756305931e+00
-3.986151389431961789e+00
-2.862586961131813545e+00
-7.788231527800220100e-01
-6.938752321892718289e-01
-1.447399443742072078e+00
-1.297376047817300426e+00
-2.760510450604972021e+00
-1.448864554911596381e+00
-1.623833060777594595e+00
-2.211518324201968699e+00
-8.256758087260819279e-01
-9.662614890055850614e-01
-6.816318818592563833e-01
-8.939374187913939895e-01
-5.406596506095338039e-01
5.795103088070800990e-01
-2.128508479752332150e+00
-1.555845420852176586e+00
-9.677693556132898056e-01
-8.238003611811096638e-01
-5.073588886910167517e-01
-6.980532321763149861e-01
-3.399518113251555729e+00
-3.120757006331530636e+00
-5.541967055199229497e-01
-6.821390158275785209e-01
-1.153606028269291484e+00
-1.287677692119236994e+00
-2.506834075597224043e+00
-1.332596773280660729e+00
-2.025585755969805390e+00
-1.785129818167052962e+00
-1.101073046370426800e+00
-1.160221624995966483e+00
-7.088926658157685967e-01
-8.020649327429177911e-01
-5.315238120879597350e-01
4.978106868185885325e-01
-2.404161941687880777e+00
-1.186802421028130494e+00
-1.279038392224826071e+00
1.974941819718949720e-01
-1.103160690447375858e+00
-1.378040223267862352e+00
-3.228015125849984734e+00
-3.196958336376264143e+00
-7.936786931775365872e-01
-2.528597982059520577e-01
-1.397987334486275213e+00
-1.115366016170881824e+00
-3.141528794918582612e+00
-9.947316676505193467e-01
-1.919090208345442861e+00
-1.565236794039526425e+00
-8.682257304987235358e-01
-9.255014542619179885e-01
-6.921545335702526947e-01
-9.000552207849285002e-01
-5.161024331840717849e-01
6.313952914898429691e-01
-2.987530282179123642e+00
-1.461143447431123121e+00
-2.683861740718460176e+00
-1.892687855965378696e-01
-9.821813664806374744e-01
-1.342107932018159255e+00
-2.893790948975859312e+00
-2.825255376580921407e+00
-7.850851221930146284e-01
-8.145950878984414834e-01
-1.429382060495010265e+00
-1.556536853238497997e+00
-2.926871559106970277e+00
-1.671974018981243981e+00
-2.357123577300854755e+00
-1.810164620848982997e+00
-1.160013846478000321e+00
-1.215337636512285213e+00
-7.189501224716854377e-01
-8.504094791179186430e-01
-5.498749109906692079e-01
5.859544620325582986e-01
-2.117010839569542391e+00
-1.088055255701241508e+00
-1.079254080209269384e+00
-9.619002656302479970e-01
-4.469503593794487140e-01
-1.799776537124457398e+00
-2.394312183737330457e+00
-2.050577628292981736e+00
-3.113752921459337353e-01
-6.515690088540685432e-01
-1.496941493642348409e+00
-1.155752119806599199e+00
-2.572599742455101701e+00
-1.059096095881144395e+00
-2.345089546111348788e+00
-1.788952931131186253e+00
-5.092390932771443390e-01
-6.099540388686566228e-01
-6.766761350248737816e-01
-8.031513976047620629e-01
-5.095441475986784985e-01
6.125058120785208393e-01
-2.181769608297686069e+00
-1.175144667379080854e+00
-1.523665176353256712e+00
-7.477891224764798839e-01
-5.023578838645380573e-01
-1.342722652396251437e+00
-3.653061507163780419e+00
-3.036155471788556159e+00
-5.598053349738333351e-01
-8.721361714010450461e-01
-1.380868805349999118e+00
-1.210863039659926255e+00
-2.454230232039823267e+00
-1.126239230070255504e+00
-1.558597797265144136e+00
-1.411654006251336080e+00
-3.452674753974691035e-01
-7.752927150963051517e-01
-6.530910868245459744e-01
-8.887047270545506139e-01
-4.809836837554191113e-01
8.336144533273649460e-01
-1.526393874555098229e+00
-1.312318842116455997e+00
-2.315286995927548219e-01
-3.764286857342277193e-01
-1.158882820184069760e-02
-1.536315779310428287e+00
-2.397821186367800284e+00
-3.425402743817457019e+00
-2.627139765141487948e-01
-1.027619323348257119e+00
-1.336408976533938198e+00
-9.502606147402569148e-01
-2.552920973283379080e+00
-1.120045561180415428e+00
-1.655164778072416576e+00
-1.103169887934093207e+00
-5.335759058979789859e-01
-6.710828262395149846e-01
-6.803934346133682087e-01
-7.811694990591964149e-01
-6.249016144493924063e-01
4.058044883762177424e-01
-3.851728078345692197e+00
-9.402571264305005228e-01
-1.568949306095330565e+00
-2.143307789467280011e-01
-1.500322718949163914e+00
-2.208000337907126909e+00
-4.539672912490972045e+00
-3.878988941412926383e+00
-6.075282601409041083e-01
-7.692241317641981269e-01
-1.331237773836396743e+00
-1.544770243981973934e+00
-3.011281483650156243e+00
-1.176617613722663824e+00
-1.983279580093994632e+00
-2.295777560538500239e+00
-1.120776520579050528e+00
-1.010613066310228181e+00
-6.964000456552021934e-01
-7.904791154931585240e-01
-5.258399407720096841e-01
5.891942447918597781e-01
-3.336599386913081222e+00
-2.476317216319926739e+00
-1.403536963331822429e+00
-5.695539901051034359e-01
-1.082407466043493027e+00
-1.067880623593188361e+00
-2.954373986871128732e+00
-5.991125755434651978e+00
-7.807693478217260230e-01
-1.182021684262195338e+00
-1.978716698949357200e+00
-1.652310256670164179e+00
-3.984627163853938114e+00
-2.133931903202311631e+00
-2.438770028107806631e+00
-1.924866038036562088e+00
-1.713632332888133769e+00
-1.248583664964642459e+00
-6.503947660400493103e-01
-8.181123860499438516e-01
-6.150376298207193004e-01
6.685291301431792732e-01
-2.345869159621149613e+00
-1.507291054271034270e+00
-4.538638353468698039e-01
-1.221606423693246901e+00
-7.424442596939986316e-01
-6.874675313888972683e-01
-2.397740269276963154e+00
-5.416945026380976635e+00
-8.051728069944925625e-01
-6.401300651776317130e-01
-1.053050755915493797e+00
-9.115540982202682274e-01
-2.543935251292376520e+00
-1.011657495893297121e+00
-2.113868808945539968e+00
-1.413698383084694532e+00
-1.273918095890490099e+00
-8.421036687336497240e-01
-6.680633083196648725e-01
-8.335374453537577333e-01
-5.628763667913094793e-01
4.193549593389424013e-01
-2.283839040615015747e+00
-9.023528672008426232e-01
-6.186671056202009966e-01
-1.360867442495498625e-01
-5.694775616061436008e-01
-1.792021449825576651e+00
-2.746839684430295137e+00
-3.177344396971034879e+00
-5.115329175255535210e-01
-2.649652837462712074e-01
-1.136271066187851897e+00
-9.947385540087164690e-01
-2.867077062568388790e+00
-1.021079676276020587e+00
-1.730021797332153000e+00
-1.851050745825784549e+00
-8.608011031649882572e-01
-1.037533860047224810e+00
-7.413698312469930718e-01
-9.581108185533824262e-01
-5.143629643811140628e-01
7.054287551464256678e-01
-2.583596928771729306e+00
-1.471047584261518937e+00
-9.014825562683652649e-01
-1.456874192867479767e+00
-3.106642578634656870e-01
-2.150893262116266413e+00
-3.298516930211221609e+00
-2.284841846718989711e+00
-5.889584687741858948e-01
-8.919370790281229144e-01
-1.319903198471786165e+00
-1.401361162900269575e+00
-2.969438384887288951e+00
-1.253929021925310083e+00
-1.879538466566976762e+00
-1.518297612071610070e+00
-1.134963048800626373e+00
-8.935243767738373366e-01
-6.311561751057773728e-01
-6.731911076464502930e-01
-6.318565566527709620e-01
4.442888287436089767e-01
-1.675090989492150406e+00
-9.594436045069261176e-01
-8.859857454335605398e-02
-1.501625379760274936e-01
-8.176085153204788736e-02
-1.071465111220818889e+00
-3.315977764165108255e+00
-3.218860614016192390e+00
-2.362006410278585100e-01
-9.591496674304855752e-02
-9.136054532445027077e-01
-8.342577051378159414e-01
-1.934063870672727115e+00
-1.103053382708703012e+00
-1.177310622588796818e+00
-1.096787053673321521e+00
-7.425014366093827256e-01
-5.813443208034355658e-01
-6.784957171878787108e-01
-8.046668730660841984e-01
-5.122684885034447522e-01
3.843676713377127130e-01
-2.777802974833056382e+00
-1.626860786330623476e+00
-2.162447679001632039e+00
-6.423141240342751246e-01
8.424596474998746753e-02
-3.175568870838775482e+00
-4.500427109476897058e+00
-2.817645679152208427e+00
-1.012006604852203839e+00
-2.188829416342865652e-01
-1.786410031843180146e+00
-1.492504031378101725e+00
-3.274876836787693257e+00
-1.459539020709004209e+00
-5.448108314084955772e+00
-8.000357123239890678e-01
-1.454517317845625213e+00
-1.632938989505624328e+00
-7.384088773298205233e-01
-8.608100803110002586e-01
-4.485319027119237245e-01
8.161743837785219169e-01
-3.177296782748297854e+00
-2.518727818528869733e+00
-8.611464594917389581e-01
-1.663551962161246234e+00
-7.011848248983437726e-01
-3.510542972465267031e-01
-3.414118882966090673e+00
-3.007877529639310321e+00
-4.864412483895526051e-01
-8.167964198775645723e-01
-1.570047934946332768e+00
-1.602250493340733106e+00
-2.751932989534544571e+00
-1.639783790790242834e+00
-2.293390259694597866e+00
-2.263328598789350554e+00
-1.239693735428366139e+00
-1.316879902368934152e+00
-6.685610693130562554e-01
-6.680784428735414560e-01
-7.010642731835439179e-01
8.017810222140843157e-01
-2.505365489829324943e+00
-1.233514718830303059e+00
-9.272653993940879191e-01
-7.282008301566246233e-01
-6.694152071785324232e-01
-1.235986392602069550e+00
-2.920887827996860420e+00
-2.980289867060475828e+00
-5.594362242948797137e-01
-6.036221454967019007e-01
-1.202538178948848291e+00
-1.178138793947221430e+00
-2.618123033220594476e+00
-1.451201874918156109e+00
-1.387135578466452301e+00
-1.797024481960596054e+00
-8.937291922809715849e-01
-8.332638282215835135e-01
-6.543166643925895087e-01
-8.646880661047158245e-01
-5.145254126811765749e-01
5.182957088266285650e-01
-2.238314110236775178e+00
-1.205855264470094834e+00
-1.481104429288810698e+00
-4.118503799200141091e-01
-4.787340284430195436e-01
-1.879944182353437965e+00
-3.056511502166522565e+00
-6.878666003909151172e+00
-2.240467695010016080e-01
-6.399182062039165952e-01
-9.483885652141087474e-01
-1.125383393112219466e+00
-2.445085284804040526e+00
-1.175286156688739814e+00
-1.862280326122346841e+00
-1.209841811491504604e+00
-1.054185116944277745e+00
-1.086416911804519936e+00
-1.378249903951347166e+00
