-6.915349956736969173e-01
-8.911620341927637412e-01
-5.641758094826693215e-01
5.250411810253858835e-01
-2.298376897082707426e+00
-1.435772622074191207e-01
-1.533318416866336742e+00
-1.213302187073271421e+00
-1.465299766944369919e+00
-7.388635622086469068e-01
-1.887400159506640307e+00
-1.276921906843625898e+01
-3.485080931214148414e+00
-9.273326260367503737e-01
-1.226799029511280059e+00
-1.718079604971170626e+00
-1.026409713881230035e+00
-2.244483885495715203e+00
-1.473386521436272467e+00
-2.284756735532997851e+00
-2.245930847855842405e+00
-1.425977055098365476e+00
-3.488134758108172861e-01
