-7.048967207963218184e-01
-8.072273253921136149e-01
-5.021149213963268521e-01
4.185401777254534328e-01
-2.108606650851680531e+00
-8.063623031250037876e-01
-1.518187135014875899e+00
-8.837997142919380433e-01
-9.938195834815294338e-01
-1.115823311079860325e+00
-1.322885339626904688e+00
-3.251584795819559837e+00
-2.989831931027350009e+00
-8.267555738246445962e-01
-3.200323527080976560e-01
-1.297369685700418440e+00
-1.180902220355441568e+00
-1.188495653637634764e+00
-6.434833548440617168e-01
-1.717917123961344661e+00
-1.466021897538872132e+00
