140,-1159.9319151105706,0.31952380952380954,0.19952380952380952,0.2228571428571429,0.25809523809523804,1.2,0.9,1.0,0.0,0.14399999999999996,0.84,0.21600000000000003,0.21600000000000003,0.7723981155211157,0,6.422836902248541,5.904982810511168,0.10036124026724685,0,0.831699084674847,0.8276525908520741,0.0,0,0.0,0.0,0.0,0.0,0.0,0.0,0.0,0.0,0.0,0.0,6.853735606063133,43.57277944263667,36.30967267471999,42.518239413228585
140,-1085.2219794808893,0.23682972901301125,0.25729272012818677,0.16406978216621015,0.3418077686925919,1.4566272534805234,0.622187052434879,1.0589342640515342,0.0,0.057810470122439325,0.3659913293889411,0.08735913805348555,0.08735913805348555,0.310088181805291,0,2.5976550724007024,2.3882139284578896,0.0402911839022266,0,0.33637275535679406,0.33473618955820056,0.0,0,0.0,0.0,0.0,0.0,0.0,0.0,0.0,0.0,0.0,0.0,5.316624886889574,31.108018498232468,33.83969966795998,40.87721946574342
140,-1047.5191868701252,0.31131818792527793,0.20597877694736566,0.1999514710727937,0.2827515640545627,1.71540032684913,0.4577510289050303,1.1074896610506377,0.0,0.0351030567439692,0.2712339853732398,0.08381203523063896,0.08381203523063896,0.188288436653282,0,2.4921807070921416,2.29124364514296,0.024465182722196485,0,0.32271478234286316,0.32114466714455386,0.0,0,0.0,0.0,0.0,0.0,0.0,0.0,0.0,0.0,0.0,0.0,4.685708893495134,29.993998046590782,33.777535121679435,41.35118672485738
140,-1017.268087823397,0.34757455223019873,0.1809302878939677,0.2093275086276909,0.2621676512481427,2.2496894417914386,0.2709340107430822,1.2020579756234022,0.0,0.0024609958236103814,0.1868759254657831,0.10676687177663277,0.10676687177663277,0.013200475947652744,0,3.1747509443731254,2.918780289690122,0.0017151985635420319,0,0.41110143301028806,0.40910128723658,0.0,0,0.0,0.0,0.0,0.0,0.0,0.0,0.0,0.0,0.0,0.0,1.2178900900701666,29.87169387438675,36.214660463425346,44.390957827029354
140,-997.7636212574074,0.3074330685733739,0.20343126768691563,0.18968343358404466,0.2994522301556658,2.9299214642282134,0.1569734141574118,1.327650371806866,0.0,3.059023205018258e-07,0.14716467469473887,0.12746828093973023,0.12746828093973023,1.6408220547857406e-06,0,3.7903147161383495,3.484712999233867,2.1319955754300067e-07,0,0.4908113545493049,0.4884233933853137,0.0,0,0.0,0.0,0.0,0.0,0.0,0.0,0.0,0.0,0.0,0.0,0.00013063345846948263,29.42025529444799,38.44072167952031,46.72747758430324
140,-990.7982729850951,0.2987822582274631,0.20454882643802386,0.19569154333891667,0.3009773719955964,3.4860146047318343,0.10425364903688379,1.45840283926281,0.0,0.011081094353322829,0.14893926610216585,0.13785817174884302,0.13785817174884302,0.0594376138640155,0,4.099261818449009,3.7687506225250655,0.007723002589012952,0,0.5308172002706508,0.5282345973058339,0.0,0,0.0,0.0,0.0,0.0,0.0,0.0,0.0,0.0,0.0,0.0,2.4710002511254956,29.234459831124198,38.011776869756474,45.9323297425973
140,-985.5965697929591,0.31455268956444304,0.2007867014138003,0.19515090742410057,0.28950970159765604,4.064050729017608,0.06421205738957546,1.7029761145101516,0.0,3.059023205018258e-07,0.17089642302607566,0.17089642302607566,0.17089642302607566,1.6408220547857406e-06,0,5.081665982750722,4.671946483087137,2.1319955754300067e-07,0,0.6580296231712618,0.6548280892818683,0.0,0,0.0,0.0,0.0,0.0,0.0,0.0,0.0,0.0,0.0,0.0,7.351998869151524e-05,30.625653534212322,41.91145090057459,49.775572477745115
140,-983.7741414187908,0.3019091236755625,0.1986058182767626,0.2159962426252749,0.28348881542239995,3.9606596065930297,0.05575538636872425,1.9100391615266925,0.0,3.059023205018258e-07,0.20891624995583305,0.16994187169293717,0.16994187169293717,1.6408220547857406e-06,0,5.05328205901196,4.645851070059668,2.1319955754300067e-07,0,0.6543541626617876,0.6511705111153249,0.0,0,0.0,0.0,0.0,0.0,0.0,0.0,0.0,0.0,0.0,0.0,7.240729610208095e-05,32.364611269294244,41.76567278323114,49.39414677589805
140,-981.9128256777628,0.3100258196281106,0.19989923590792022,0.20895426338280174,0.2811206810811674,3.7175062107315924,0.04888483147944451,2.2185418317160415,0.0,3.059023205018258e-07,0.26140623316390305,0.1668609563850189,0.1668609563850189,1.6408220547857406e-06,0,4.961669945436035,4.561625366661992,2.1319955754300067e-07,0,0.64249122543236,0.6393652910375732,0.0,0,0.0,0.0,0.0,0.0,0.0,0.0,0.0,0.0,0.0,0.0,7.232116699731236e-05,34.9414079627733,41.65549032403187,48.93359937485441
140,-980.0421295327927,0.3095522066118291,0.20136806977655927,0.20427536303190544,0.28480436057970615,3.269234744373045,0.04408995241067688,2.8005618070823117,0.0,3.059023205018258e-07,0.2989848971073414,0.15940829530720924,0.15940829530720924,1.6408220547857406e-06,0,4.740062414924427,4.357885387231289,2.1319955754300067e-07,0,0.6137950615582575,0.6108087435848344,0.0,0,0.0,0.0,0.0,0.0,0.0,0.0,0.0,0.0,0.0,0.0,7.719057295276268e-05,36.83376444795081,41.219164863951974,48.25245657624818
140,-976.723871191564,0.30725859668962535,0.20853615846333068,0.1982045722739801,0.2860006725730639,2.391157505428591,0.036137604046266876,5.261129531643418,0.0,0.0034254457105598697,0.3428524950510538,0.1450618655935613,0.1450618655935613,0.018373665358724537,0,4.3134662196451075,3.9656843647715774,0.0023873748609715925,0,0.5585547260897713,0.5558371707978997,0.0,0,0.0,0.0,0.0,0.0,0.0,0.0,0.0,0.0,0.0,0.0,0.8960584610352406,38.7356598451625,39.94023498134514,46.613021836562766
140,-973.1754576726958,0.29910698773499816,0.20156731047320153,0.19441811764140912,0.3049075841503911,1.712432824976165,0.02776349713480901,13.380918329464922,0.0,3.059023205018258e-07,0.35314259910952894,0.1456414042157234,0.1456414042157234,1.6408220547857406e-06,0,4.330699006907613,3.981527724039608,2.1319955754300067e-07,0,0.5607862156341507,0.5580578034003595,0.0,0,0.0,0.0,0.0,0.0,0.0,0.0,0.0,0.0,0.0,0.0,0.0001040261244839913,38.98649689553423,40.90716672133989,47.771925255216075
140,-969.8472776293673,0.29699632607041315,0.21199613748618723,0.19196528073081737,0.2990422557125822,1.5044757488156901,0.02743554227265445,24.451431456413953,0.0,0.0033580587405943646,0.307944224736752,0.14739888077016577,0.14739888077016577,0.018012210021140965,0,4.382958197966451,4.029573413131546,0.0023404093062244407,0,0.5675533065677952,0.5647919701764984,0.0,0,0.0,0.0,0.0,0.0,0.0,0.0,0.0,0.0,0.0,0.0,1.0177420097448282,36.249933511927985,40.748208397175404,47.760089731267485
140,-964.843078342286,0.2977537076977385,0.20549441545437133,0.1936445182605755,0.3031073585873146,1.641057060225876,0.0364248534633549,47.39286095232217,0.0,0.007511498695480598,0.19430869233969986,0.1646335687773455,0.1646335687773455,0.04029074609117037,0,4.895437781907443,4.500733303996912,0.00523516198155722,0,0.6339147613836653,0.6308305543508941,0.0,0,0.0,0.0,0.0,0.0,0.0,0.0,0.0,0.0,0.0,0.0,1.9809562471500164,30.816739638745602,42.55339485381906,50.297705693533665
140,-960.9756353132482,0.3062125023084455,0.20933985707691014,0.2005541104022885,0.28389353021235586,2.0556037798958844,0.04756607207957325,75.4748401693317,0.0,0.008456915387500834,0.1750655468747721,0.1577093502224448,0.1577093502224448,0.045361843808522026,0,4.689543677955359,4.3114398246315835,0.005894073035588531,0,0.6072533436327416,0.6042988533018683,0.0,0,0.0,0.0,0.0,0.0,0.0,0.0,0.0,0.0,0.0,0.0,2.3223747045729866,30.056165197858217,42.854272956038315,50.86599616306025
140,-954.9956733935976,0.2981486126645782,0.21059126081813184,0.20562098093049558,0.2856391455867944,3.7497084158176426,0.0905630031100095,295.08667141730854,0.0,0.012963016424765194,0.1791103087378413,0.13958726547052763,0.13958726547052763,0.06953201012470771,0,4.150677035870687,3.816020385045021,0.009034613930514773,0,0.5374750042782532,0.5348600088733261,0.0,0,0.0,0.0,0.0,0.0,0.0,0.0,0.0,0.0,0.0,0.0,3.7911937500984525,30.065323558272258,43.61721834214599,51.83751083793332
140,-970.7645114318677,0.39126923497088495,0.14365944670767505,0.22936853715106142,0.23570278117037857,3.6816224723926227,0.16776875590600382,1196.8419083768558,0.0,0.019147737647900474,0.22851111374049302,0.12595595669013052,0.12595595669013052,0.10270608663702119,0,3.7453452161453202,3.443369255262545,0.013345074296216307,0,0.48498821244688056,0.48262858281406545,0.0,0,0.0,0.0,0.0,0.0,0.0,0.0,0.0,0.0,0.0,0.0,5.724254903675123,30.72315292161072,45.759694088919694,54.30711821617649
140,-954.4558362612848,0.3112709938087027,0.1997658834719362,0.2094319302447006,0.27953119247466046,3.738835704285223,0.09985777323372828,368.39277946433504,0.0,0.014012576643144425,0.18663503832311001,0.13733268025613737,0.13733268025613737,0.07516172078305526,0,4.083636141823234,3.754384797379248,0.009766108133651592,0,0.528793816967467,0.5262210584382017,0.0,0,0.0,0.0,0.0,0.0,0.0,0.0,0.0,0.0,0.0,0.0,4.103674103653636,30.187608814952988,43.90954836867982,52.188414328348316
140,-953.5518617792725,0.30889604933220255,0.2005203175085541,0.20496126766209938,0.285622365497144,3.8604548746485463,0.10361276409834677,586.1308163355609,0.0,0.012662093373057539,0.20868296314530396,0.13780904163724686,0.13780904163724686,0.0679178962493198,0,4.097800917088957,3.7674075092637054,0.008824884689581543,0,0.5306280268037781,0.5280463442310588,0.0,0,0.0,0.0,0.0,0.0,0.0,0.0,0.0,0.0,0.0,0.0,3.7235388769525777,31.11622634091707,44.207172648259466,52.4634167085364
140,-952.9099283011046,0.3080500819934609,0.20432294982263285,0.20160254918824896,0.2860244189956572,3.9608730594828168,0.10905715125939935,1128.5943205962496,0.0,0.006270518350749574,0.23325781590235867,0.14726377431853624,0.14726377431853624,0.03363428164902463,0,4.378940759525442,4.025879888712742,0.004370256936109434,0,0.5670330847522677,0.5642742794138501,0.0,0,0.0,0.0,0.0,0.0,0.0,0.0,0.0,0.0,0.0,0.0,1.9951122599029099,32.350145723841166,45.92105744691232,54.13492339323125
140,-952.7960006329291,0.3048304164287448,0.20183847654777243,0.2031045716465095,0.2902265353769733,3.9110816063105283,0.10934469031004156,1695.7695830084976,0.0,0.004391973025161829,0.2350926252126769,0.14853517175746256,0.14853517175746256,0.023557997833712298,0,4.416746215026183,4.060637203630279,0.003060999027955093,0,0.5719285481143647,0.5691459247116745,0.0,0,0.0,0.0,0.0,0.0,0.0,0.0,0.0,0.0,0.0,0.0,1.4622259340982355,32.47478722497298,46.279065087455365,54.55401612439113
140,-952.729541185957,0.308763855987876,0.20145476375039717,0.1986012096059049,0.29118017065582186,3.9057826570309193,0.11113460894140346,2548.2785668480656,0.0,0.0031636879840025904,0.22778609485698362,0.14939280729711887,0.14939280729711887,0.016969629423197217,0,4.442248313140926,4.084083143997658,0.00220494201314643,0,0.5752308383612016,0.5724321482135419,0.0,0,0.0,0.0,0.0,0.0,0.0,0.0,0.0,0.0,0.0,0.0,1.1001594115393258,32.21377043058144,46.65265859911294,54.985800252442516
140,-952.6705611480149,0.30780052979871475,0.20161430978565972,0.20061264842882107,0.2899725119868044,3.8837584210500133,0.11051578230188956,3279.5998321219286,0.0,0.003423679598704911,0.22574095075060385,0.14837460875964323,0.14837460875964323,0.01836419215408169,0,4.411971817120953,4.05624775112043,0.0023861439639145483,0,0.5713103069184434,0.5685306914656553,0.0,0,0.0,0.0,0.0,0.0,0.0,0.0,0.0,0.0,0.0,0.0,1.1963123595530822,32.12655998274487,46.48795967032802,54.82403092172354
140,-952.6046137957927,0.30740728892204544,0.20228255134317608,0.20226650239401092,0.28804365734076753,3.864861371962323,0.10905317623591879,5731.775971624761,0.0,0.004341957807074525,0.2240366709706812,0.14709407907395788,0.14709407907395788,0.023289722415670556,0,4.373894811011488,4.0212407799059795,0.003026140768792047,0,0.5663796802171311,0.563624053910005,0.0,0,0.0,0.0,0.0,0.0,0.0,0.0,0.0,0.0,0.0,0.0,1.4972931763992112,32.031891805445156,46.17482735448905,54.49759912020042
140,-952.5679236833291,0.30755881091965537,0.20265613733100715,0.2022293269546101,0.2875557247947274,3.882720412430759,0.10785338229412704,9974.181266063268,0.0,0.005008734857129239,0.22496572471967768,0.14733633321825987,0.14733633321825987,0.026866231699941318,0,4.381098324241791,4.0278634954517125,0.0034908530724394584,0,0.5673124698008101,0.5645523051608207,0.0,0,0.0,0.0,0.0,0.0,0.0,0.0,0.0,0.0,0.0,0.0,1.692723817080215,32.05199902178272,46.06607652515162,54.37035026865553
140,-952.5458417672087,0.30797453321073065,0.2024616486032157,0.2022422713972747,0.28732154678877897,3.946916140530336,0.10709615728595023,20432.912944367654,0.0,0.004873543085396025,0.22509789197287328,0.1478661618201195,0.1478661618201195,0.026141079826880933,0,4.396852966352396,4.042347887981797,0.0033966307537931254,0,0.5693525529637786,0.5665824626378423,0.0,0,0.0,0.0,0.0,0.0,0.0,0.0,0.0,0.0,0.0,0.0,1.6476122949619434,32.09008660181242,46.107813162876816,54.40844840551023
