-6.383043247956027288e-01
-7.321503664297462910e-01
-6.551857552120062822e-01
5.829155778880354966e-01
-3.038834838897913837e+00
-1.898708569965715132e+00
-9.814174003282971626e-01
-6.530893078443946731e-01
-8.258427879530040316e-01
-9.201267884375123884e-01
-2.401949800181153893e+00
-3.904940613856083598e+00
-1.420190560143736125e+00
-1.530013183071836202e+00
-3.596067599955424132e+00
-1.501806453015187337e+00
-1.649203092012564431e+00
-1.754416928876488591e+00
-1.151462538959432180e+00
-9.527412609026906232e-01
