-7.006022579033076569e-01
-8.319087206063748852e-01
-5.374404770026292022e-01
5.763492632767374113e-01
-2.900227838416768567e+00
3.364722366212128946e-01
-2.587375676910903088e+00
-1.930086464064903473e-01
-1.288037768219350676e+00
-2.194648493773611708e+00
-3.191065551286874413e+00
-3.047173198141107875e+00
-9.006185018414742949e-01
3.659291974870061415e-01
-7.100420072386773862e-01
-1.134757133572925847e+00
-2.702207839480100571e+00
-1.487083454221002077e+00
-1.108317575148665579e+00
-1.040026508989707166e+00
