-6.368033885048310916e-01
-7.559711152685499869e-01
-5.461327166278742151e-01
7.589250107848369842e-01
-2.467449270496163027e+00
-2.000087894331147531e+00
-2.138848644918975861e+00
-1.013162712123767850e+00
-8.234441969175728682e-01
-3.395162351755565688e-01
-2.231693819670582002e+00
-2.588425965866413048e+00
-3.618780822426879595e+00
-4.158990782016761534e-01
-8.265856855133877357e-01
-1.253087585574209850e+00
-1.121824097333093073e+00
-5.916791981095090414e+00
-1.255429782796771532e+00
-1.483035110186826877e+00
-1.462275999158670459e+00
-9.543750105796052763e-01
-6.865595199858168796e-01
