-7.459413816230792138e-01
-8.931096158706617327e-01
-5.166479013855683755e-01
6.603174451860077676e-01
-3.102861215777578341e+00
3.581736572296152082e-02
-1.396956548630198913e+00
-1.074771414767900168e+00
-1.312418400706484745e+00
-1.272485397295194165e+00
-1.950938616028018657e+00
-3.632332862542081209e+00
-2.726846383533541918e+00
-1.011966801715520559e+00
-8.982315981621522560e-01
-1.658853541236847473e+00
-1.435136927549626851e+00
-2.931873924492129913e+00
-1.477785199830126128e+00
-2.234543095775655797e+00
-2.172109438916193458e+00
-1.378502245863229003e+00
-1.084587343857270181e+00
