-6.820256947405206605e-01
-8.947365781816847274e-01
-5.405935646804985728e-01
5.940725336441661231e-01
-2.124293624084002907e+00
-1.175819432833690392e+00
-1.674094848280707204e+00
-8.889214847322609581e-01
-8.824864557885460092e-01
-5.269787395777935091e-01
-7.128681660889506500e-01
-3.391964195800988513e+00
-3.166910154568522984e+00
-5.807332992464311339e-01
-7.037623751300134955e-01
-1.176369453058413006e+00
-1.313596294151105681e+00
-2.533377247057606585e+00
-1.356608439394104026e+00
-2.058459956302664651e+00
-1.800751459427944123e+00
-1.118413460735627085e+00
-1.185281912753932909e+00
