-7.212148982365665928e-01
-8.386138642438780710e-01
-5.609699762503913556e-01
5.940882495286365916e-01
-1.959769311969773886e+00
-2.231435513142097093e-01
-2.311414125489021920e+00
-1.709596914999386152e+00
-7.364703723342590491e-01
-5.404531089563899826e-01
-1.651485618281250289e+00
-2.531412359657566391e+00
-2.030003043542954799e+00
-3.446158468641838390e-01
-6.978036872733687224e-01
-1.506720248941289420e+00
-1.138073815563586999e+00
-2.493467287972573221e+00
-1.033073141450838728e+00
-2.318802921150349139e+00
-1.799700779646991711e+00
-5.087547331314039578e-01
-6.174668451643402500e-01
