-7.250015864862112691e-01
-1.102640283480508021e+00
-4.689503412654794645e-01
3.780256336559958408e-01
-1.942058078613917882e+00
3.364722366212128946e-01
-1.114390146600929388e+00
-1.026303722230046178e+00
-1.060939046873535352e+00
-9.820036711523902895e-01
-3.119070758867811044e+00
-3.526287867262757114e+00
-3.939339419471357684e-01
-8.770634372440950788e-01
-1.057065284481907952e+00
-8.726935777532009997e-01
-3.210601248030255039e+00
-8.817570407488070083e-01
-1.203374478550649940e+00
-9.096896315118435661e-01
-1.018747132593472937e+00
-6.451550049620430327e-01
