-6.548349069465968508e-01
-8.325525967166158559e-01
-5.386153117858575312e-01
6.896287479577172252e-01
-2.393834456402426980e+00
-2.004939175697326714e+00
-1.451325172809297070e+00
-6.580233593173770990e-01
-3.847009809983025219e-01
-9.292916213335041808e-01
-1.444292082046731318e+00
-2.680533387039293558e+00
-2.758973271619111323e+00
-6.006904656292684219e-01
-5.921291094272367328e-01
-1.196143917157094450e+00
-1.168485102921990038e+00
-2.241649147258125030e+00
-1.498234211666841009e+00
-1.898646545816452536e+00
-1.775920294990811943e+00
-1.097107665738750404e+00
-9.786429791615521845e-01
