-7.548989423335707993e-01
-8.359778434362838961e-01
-5.347678274562440714e-01
6.799455513561875053e-01
-2.648033089932440021e+00
-1.468076908624912802e+00
-1.242777124976994774e+00
-1.054663731704276408e+00
-1.197231213213595824e+00
-2.066704386681844086e-01
-3.141944455908692202e+00
-3.185922769033446400e+00
-1.722432765606154659e+00
-1.335549039623891154e+00
-2.934288620351431565e+00
-1.337208394959366276e+00
-1.771485807808570678e+00
-1.495067512164811596e+00
-1.263785915969402929e+00
-1.183864834257792653e+00
