-6.554347176576890144e-01
-6.301816748006660029e-01
-6.185411399570800439e-01
5.235918119708853347e-01
-2.437134384639202622e+00
-2.708447510635227928e+00
-2.423274736775590021e+00
-1.479080716634688430e+00
-2.819622288095960938e-01
-1.127180324126420663e+00
-1.294992148212984917e+00
-2.750907581594868478e+00
-4.064301652921911590e+00
-7.891536704361070687e-01
-5.440175768374587717e-01
-1.646294618586856551e+00
-1.302875619210134506e+00
-2.895271679021221622e+00
-1.324958254529840840e+00
-1.670738489797838344e+00
-5.876177223195043764e-01
-1.632003571003687314e+00
-1.385080374132764858e+00
