-7.065950830358415091e-01
-7.866208690087103106e-01
-5.452854750742773815e-01
5.304148126374220729e-01
-2.226274626585871275e+00
-1.355217739655553810e+00
-1.458883101973467378e+00
1.332281318925700453e-01
-1.103298830544606979e+00
-1.488618158044026307e+00
-3.260775868550911838e+00
-3.307108461913352837e+00
-8.822080145069511881e-01
-3.336512146252363920e-01
-1.485930541147777451e+00
-1.200403339628275390e+00
-3.150357447338172800e+00
-1.103559938772150639e+00
-2.002676517965878311e+00
-1.639583853738100894e+00
-9.622939708478248644e-01
-1.008378481640834767e+00
