-7.109244798784276620e-01
-6.998831674392643754e-01
-6.155985398879804116e-01
5.724669277818308366e-01
-3.634872259195202293e+00
-3.652161084337229191e+00
-1.303136460354975767e+00
-1.430651354676583997e+00
-3.522039464704287415e-01
-8.842316461365984370e-01
-5.564149118655874471e-01
-2.877128093057778724e+00
-2.603651753640084721e+00
-1.487876861879754653e+00
1.301502153250858607e+00
-1.536892618776460884e+00
-1.780923885094980452e+00
-2.451260629320702655e+00
-1.718585663822727039e+00
-1.601838644381508026e+00
-2.006091308958841246e+00
-1.462043510234815269e+00
-1.467584191898096746e+00
