-6.367393452516055818e-01
-7.453016734057977821e-01
-6.159896547094794172e-01
2.481707875451129031e-01
-1.951404819842421201e+00
-2.231435513142097093e-01
3.364722366212128390e-01
-4.197408864738632062e+00
-8.145514422232570384e-01
-1.806349225118015100e+00
-2.688369466394159080e+00
-5.201991727842919744e+00
-4.186498824058344503e+00
-1.600965213986978108e+00
-1.848005959190144321e+00
-1.381764663241730196e+00
-1.656873526740966662e+00
-2.830032307994967411e+00
-2.150110137459352977e+00
-2.595391563149390457e+00
-1.626423037580198017e+00
-1.702077405640778140e+00
-5.379074060605379959e-01
