-6.661543957490728696e-01
-9.586535812655684330e-01
-4.169030641897482070e-01
6.034404143114121544e-01
-3.227644923850669034e+00
3.364722366212128946e-01
-1.277809093677202634e+00
-5.785194918307915435e-01
-1.275860297743846905e+00
-1.362575004394500855e+00
-4.740654773442973813e+00
-3.247706657894603222e+00
-1.101819998024591157e-02
-1.903366868266307632e+00
-1.477227869262761173e+00
-1.542042890348817696e+00
-4.295459712003149910e+00
-1.387829200371593963e+00
-2.354038616776675585e+00
-1.942177579682458077e+00
-9.339925405237007316e-01
-5.470916691189929848e-01
