185,-1615.3368752784058,0.28612612612612615,0.2144144144144144,0.22990990990990998,0.26954954954954957,1.2,0.9,1.0,0.0,0.144,0.84,0.21599999999999997,0.21599999999999997,1.1582972825516291,0,9.752427822008332,9.998159937343742,0.1716068489250048,0,3.9969244401920654,3.845382615842902,0.0,0,0.0,0.0,0.0,0.0,0.0,0.0,0.0,0.0,0.0,0.0,10.262032860800435,51.80396801170797,63.53383061632863,65.43043347559349
185,-1529.5798912583318,0.22444174739369607,0.25406003177910325,0.18797660427454913,0.33352161655265156,1.5469227937668737,0.6365195922025046,1.014090630719919,0.0,0.057223825885965994,0.3576717223143671,0.08637170691327692,0.08637170691327692,0.46029306958973604,0,3.899693692293478,3.997954350834819,0.06819444752585935,0,1.5982462328832525,1.5376493530786728,0.0,0,0.0,0.0,0.0,0.0,0.0,0.0,0.0,0.0,0.0,0.0,7.906250750017678,34.83781215088691,60.674660747182514,62.63872159030514
185,-1477.1911415614636,0.28582120426117336,0.2053764113149822,0.22943603710868318,0.2793663473151613,1.8979958781499084,0.4841757780389676,1.0211361828070156,0.0,0.03165623444683365,0.26674355034068764,0.10322619872745478,0.10322619872745478,0.2546342384415604,0,4.660676168656441,4.778111317597787,0.03772518501564109,0,1.9101264655642924,1.8377047689171266,0.0,0,0.0,0.0,0.0,0.0,0.0,0.0,0.0,0.0,0.0,0.0,6.232894027981397,33.39769400187889,61.575307445715104,63.78357525867531
185,-1434.625415645913,0.31326181054277286,0.1872301219422559,0.23180482354401882,0.2677032439709524,2.8182527210970876,0.285709467996809,1.034408013654587,0.0,3.059023205018258e-07,0.155126692443142,0.14472008467324712,0.14472008467324712,2.4605960178020996e-06,0,6.5341304637535975,6.69877107735673,3.6454814791781406e-07,0,2.677940941746142,2.5764078600269325,0.0,0,0.0,0.0,0.0,0.0,0.0,0.0,0.0,0.0,0.0,0.0,0.00015041561450776584,32.28214482571943,67.32380379183311,70.08154820714535
185,-1424.2169123585172,0.27394435525942384,0.21217506179995133,0.21083896038640831,0.30304162255421657,3.250072704134383,0.23630877911178588,1.0387087900241823,0.0,0.009126528147677726,0.16383072831735276,0.15470420016967504,0.15470420016967504,0.07341133855962545,0,6.984914564427246,7.1609135938669075,0.010876213451724553,0,2.8626898086043506,2.754152045973838,0.0,0,0.0,0.0,0.0,0.0,0.0,0.0,0.0,0.0,0.0,0.0,2.621309857648682,32.21700536600842,66.66960909819761,69.12633435869878
185,-1420.102819059246,0.2678534794576004,0.2152454227916643,0.2105633737233823,0.306337724027353,3.534902525185255,0.21099901116955935,1.0415878416506343,0.0,0.0031102312341020253,0.17693379698423528,0.17382356575013325,0.17382356575013325,0.025017863795608167,0,7.848156383066177,8.045906533561196,0.0037065068160581777,0,3.216479899203889,3.094528323886056,0.0,0,0.0,0.0,0.0,0.0,0.0,0.0,0.0,0.0,0.0,0.0,0.9221537482004902,33.029408754052284,68.97707926033013,71.41389729293229
185,-1416.7823691365222,0.28396271312239907,0.20758241526404494,0.2150328149922821,0.29342205662127385,4.340116939100831,0.15909839052156777,1.051213078599681,0.0,3.059023205018258e-07,0.19262451387268492,0.19262451387268492,0.19262451387268492,2.4605960178020996e-06,0,8.69702161246668,8.916160636815706,3.6454814791781406e-07,0,3.5643779040641204,3.42923591218154,0.0,0,0.0,0.0,0.0,0.0,0.0,0.0,0.0,0.0,0.0,0.0,8.274037940294252e-05,34.165437945833915,71.70203032161626,74.18418991733223
185,-1416.7459353347017,0.27681091974854943,0.20777899051404683,0.22026612233038484,0.29514396740701887,4.352191931520275,0.15845971217088609,1.0527137603500496,0.0,3.059023205018258e-07,0.19024427546204342,0.19024427546204342,0.19024427546204342,2.4605960178020996e-06,0,8.589553541638193,8.80598469089625,3.6454814791781406e-07,0,3.5203333064855236,3.386861248265603,0.0,0,0.0,0.0,0.0,0.0,0.0,0.0,0.0,0.0,0.0,0.0,8.405723966000159e-05,34.09506139382857,71.52322079556507,73.96678948590954
185,-1416.7556159103897,0.27925858492421046,0.20786141967049473,0.21783200531428024,0.29504799009101446,4.3551815549015656,0.15826676561668243,1.0531016527110848,0.0,0.00027714222898772464,0.1903424772332536,0.1900653350042659,0.1900653350042659,0.002229257574422103,0,8.581474356921005,8.797701934803095,0.00033027433764330245,0,3.5170221421844583,3.3836756254618594,0.0,0,0.0,0.0,0.0,0.0,0.0,0.0,0.0,0.0,0.0,0.0,0.07569300803856528,34.090671821496755,71.48103406065434,73.93573197583922
185,-1416.745099264068,0.2775377724548029,0.2078035409291382,0.2195433052792542,0.2951153813368047,4.353082258792366,0.15840221312216235,1.0528292898663314,0.0,8.256678255813888e-05,0.19027352227415226,0.19019095549159415,0.19019095549159415,0.0006641449990703023,0,8.587146138104497,8.803516627968442,9.839600958804348e-05,0,3.5193466588325655,3.385912008971886,0.0,0,0.0,0.0,0.0,0.0,0.0,0.0,0.0,0.0,0.0,0.0,0.022646824800771768,34.09372416684596,71.51053195695518,73.95736606282166
185,-1416.8833222924734,0.28663672787478356,0.20828291131217674,0.21017796865183738,0.2949023921612023,4.362366261905468,0.15781382148322767,1.0539204676790583,0.0,3.059023205018258e-07,0.19053637867860634,0.19053637867860634,0.19053637867860634,2.4605960178020996e-06,0,8.602742039490536,8.819505499587956,3.6454814791781406e-07,0,3.525738466139871,3.392061473409135,0.0,0,0.0,0.0,0.0,0.0,0.0,0.0,0.0,0.0,0.0,0.0,8.371599743406951e-05,34.11133482538556,71.60083778686374,74.10145477680123
185,-1416.731690665917,0.27963004352303933,0.20791505926642365,0.2173890028796162,0.29506589433092073,4.355241984051597,0.1582650288119498,1.0530832357423143,0.0,6.336723927877589e-05,0.19033468780860222,0.19027132056932347,0.19027132056932347,0.0005097090351347568,0,8.590774631715448,8.807236548804159,7.551564067852449e-05,0,3.5208337567182793,3.387342724123836,0.0,0,0.0,0.0,0.0,0.0,0.0,0.0,0.0,0.0,0.0,0.0,0.017371690349104935,34.0973820830538,71.53082353912325,73.98973928823986
185,-1416.7242253857066,0.279385276976689,0.20792033953060066,0.21744029941160406,0.2952540840811062,4.356352201423099,0.15815102619868074,1.0539155421864348,0.0,3.059023205018258e-07,0.19023144277708243,0.19023144277708243,0.19023144277708243,2.4605960178020996e-06,0,8.588974144259282,8.805390694430205,3.6454814791781406e-07,0,3.5200958468922185,3.386632791859753,0.0,0,0.0,0.0,0.0,0.0,0.0,0.0,0.0,0.0,0.0,0.0,8.400315273545242e-05,34.09734128726842,71.5405755828279,73.99859783795984
185,-1416.7244574229767,0.2793412513564478,0.20789014888576018,0.21751808393156852,0.2952505158262236,4.358356492696255,0.158040457097525,1.0540837319513923,0.0,3.0124600475411435e-06,0.19019830258880968,0.19019529012876213,0.19019529012876213,2.4231418658765684e-05,0,8.587341847530958,8.803717268689164,3.5899915018819853e-06,0,3.519426868171621,3.3859891772052735,0.0,0,0.0,0.0,0.0,0.0,0.0,0.0,0.0,0.0,0.0,0.0,0.000827314471120442,34.097512147874326,71.53989867759452,73.99761232667922
185,-1416.7242192727556,0.27938065495966047,0.207917170080525,0.21744846523927466,0.29525370972053977,4.356562563216253,0.158139415318956,1.0539331970343209,0.0,3.162915037789514e-07,0.19022796353809038,0.1902276472465866,0.1902276472465866,2.544163814731443e-06,0,8.58880277556851,8.805215007759166,3.769290854531743e-07,0,3.520025613333875,3.38656522117926,0.0,0,0.0,0.0,0.0,0.0,0.0,0.0,0.0,0.0,0.0,0.0,8.68574312708319e-05,34.09737131907092,71.54054658340962,73.99853892451819
185,-1416.7242030704224,0.2793836596115137,0.20791923045958968,0.21744315683967327,0.2952539530892235,4.356425810989418,0.158146963171745,1.0539217200146325,0.0,1.1067948652263505e-07,0.190230225299271,0.1902301146197845,0.1902301146197845,8.90276031065124e-07,0,8.588914177786206,8.80532921698073,1.3189831890824264e-07,0,3.520071270297939,3.3866091470774173,0.0,0,0.0,0.0,0.0,0.0,0.0,0.0,0.0,0.0,0.0,0.0,3.0393751928294598e-05,34.09736057588735,71.54059596365528,73.99860956184847
185,-1416.724197381009,0.2793847270714789,0.20791996244607838,0.21744127093785084,0.2952540395445919,4.356377228536096,0.1581496447578107,1.053917642643959,0.0,3.7631191607218054e-08,0.1902310288337523,0.1902309912025607,0.1902309912025607,3.0269518734597467e-07,0,8.588953755611461,8.805369792049225,4.484562647922068e-08,0,3.520087490830911,3.3866247526152367,0.0,0,0.0,0.0,0.0,0.0,0.0,0.0,0.0,0.0,0.0,0.0,1.0333902054166539e-05,34.0973567590117,71.54061350608956,73.99863465647007
185,-1416.7241954545789,0.27938509000879613,0.20792021132181934,0.21744062973060924,0.29525406893877526,4.356360710625386,0.158150556507431,1.0539162563415234,0.0,1.2794624358768133e-08,0.19023130203624913,0.1902312892416248,0.1902312892416248,1.0291651823631951e-07,0,8.588967212113594,8.805383587615106,1.5247535898522984e-08,0,3.5200930058291493,3.3866300585144766,0.0,0,0.0,0.0,0.0,0.0,0.0,0.0,0.0,0.0,0.0,0.0,3.513529743575117e-06,34.097355461252235,71.54061947043203,73.99864318858693
185,-1416.724194800514,0.2793852134075914,0.20792029593960998,0.21744041172007522,0.29525407893272343,4.356355094550012,0.1581508665034993,1.0539157849991108,0.0,4.35017450414374e-09,0.19023139492518742,0.1902313905750129,0.1902313905750129,3.499163407482691e-08,0,8.588971787329118,8.805388278112426,5.184164853680573e-09,0,3.5200948809305173,3.386631862522111,0.0,0,0.0,0.0,0.0,0.0,0.0,0.0,0.0,0.0,0.0,0.0,1.1946004676513832e-06,34.09735502001149,71.54062149829862,73.99864608950034
185,-1416.724194578238,0.27938525536319425,0.20792032470966323,0.21744033759648532,0.2952540823306571,4.356353185086034,0.15815097190230096,1.0539156247427384,0.0,1.4790595799193487e-09,0.19023142650743677,0.19023142502837723,0.19023142502837723,1.189715758439261e-08,0,8.588973342902955,8.805389872882088,1.7626163464048664e-09,0,3.520095518465211,3.386632475884927,0.0,0,0.0,0.0,0.0,0.0,0.0,0.0,0.0,0.0,0.0,0.0,4.061641958396795e-07,34.09735486998936,71.54062218777212,73.99864707581018
185,-1416.724194502677,0.2793852696281007,0.2079203344914819,0.2174403123944638,0.29525408348595367,4.356352535868472,0.1581510077379095,1.0539155702555774,0.0,5.028802842913915e-10,0.19023143724540278,0.1902314367425225,0.1902314367425225,4.045033796829928e-09,0,8.588973871798123,8.805390415103837,5.992895900955299e-10,0,3.520095735227033,3.3866326844283092,0.0,0,0.0,0.0,0.0,0.0,0.0,0.0,0.0,0.0,0.0,0.0,1.3809583103316114e-07,34.097354818981785,71.54062242219297,73.99864741115545
185,-1416.7241944769871,0.27938527447816897,0.2079203378173003,0.21744030382577637,0.2952540838787544,4.356352315134523,0.1581510199220183,1.0539155517299432,0.0,1.7097930754367178e-10,0.19023144089631133,0.190231440725332,0.190231440725332,1.3753115784749605e-09,0,8.588974051622486,8.805390599459237,2.0375847360381126e-10,0,3.5200958089260546,3.386632755333061,0.0,0,0.0,0.0,0.0,0.0,0.0,0.0,0.0,0.0,0.0,0.0,4.695258754703565e-08,34.0973548016392,71.54062250189604,73.9986475251728
185,-1416.7241944682532,0.2793852761271922,0.20792033894807857,0.21744030091242267,0.29525408401230663,4.356352240084982,0.15815102406461545,1.0539155454312277,0.0,5.8132952694619926e-11,0.19023144213762025,0.1902314420794873,0.1902314420794873,4.676058412005602e-10,0,8.588974112762772,8.805390662140077,6.927786687937565e-11,0,3.5200958339837234,3.3866327794406783,0.0,0,0.0,0.0,0.0,0.0,0.0,0.0,0.0,0.0,0.0,0.0,1.5963872057994608e-08,34.09735479574273,71.54062252899513,73.99864756393876
185,-1416.7241944652833,0.2793852766878601,0.20792033933254317,0.2174402999218824,0.29525408405771436,4.356352214568139,0.15815102547309853,1.0539155432896645,0.0,1.9765215787183946e-11,0.19023144255966531,0.1902314425399001,0.1902314425399001,1.5898608149542865e-10,0,8.588974133550469,8.805390683451561,2.3554488885843025e-11,0,3.5200958425033306,3.386632787637268,0.0,0,0.0,0.0,0.0,0.0,0.0,0.0,0.0,0.0,0.0,0.0,5.427719236735098e-09,34.09735479373792,71.54062253820877,73.99864757711913
185,-1416.7241944642738,0.2793852768784872,0.20792033946326116,0.2174402995850987,0.295254084073153,4.356352205892412,0.15815102595198277,1.053915542561533,0.0,6.720172527914387e-12,0.19023144270316059,0.1902314426964404,0.1902314426964404,5.405526095389825e-11,0,8.588974140618284,8.805390690697465,8.00852522047064e-12,0,3.520095845399996,3.3866327904241076,0.0,0,0.0,0.0,0.0,0.0,0.0,0.0,0.0,0.0,0.0,0.0,1.8454264011284e-09,34.0973547930563,71.5406225413414,73.99864758160047
185,-1416.7241944639306,0.2793852769433004,0.2079203395077052,0.2174402994705922,0.29525408407840215,4.356352202942666,0.15815102611480344,1.0539155423139681,0.0,2.2848599272728556e-12,0.190231442751949,0.19023144274966416,0.19023144274966416,1.8378798922022653e-11,0,8.588974143021344,8.805390693161074,2.7229000857938225e-12,0,3.5200958463848635,3.386632791371634,0.0,0,0.0,0.0,0.0,0.0,0.0,0.0,0.0,0.0,0.0,0.0,6.274503604235554e-10,34.09735479282453,71.54062254240651,73.99864758312413
185,-1416.7241944638138,0.2793852769653369,0.20792033952281627,0.21744029943166004,0.29525408408018683,4.356352201939751,0.15815102617016244,1.053915542229796,0.0,7.768544873337879e-13,0.19023144276853704,0.1902314427677602,0.1902314427677602,6.2488086223386505e-12,0,8.588974143838382,8.8053906939987,9.257885461430654e-13,0,3.5200958467197174,3.386632791693792,0.0,0,0.0,0.0,0.0,0.0,0.0,0.0,0.0,0.0,0.0,0.0,2.1333308146502845e-10,34.09735479274574,71.54062254276866,73.99864758364215
185,-1416.7241944638138,0.2793852769653369,0.20792033952281627,0.21744029943166004,0.29525408408018683,4.356352201939751,0.15815102617016244,1.053915542229796,0.0,7.768544873337879e-13,0.19023144276853704,0.1902314427677602,0.1902314427677602,6.2488086223386505e-12,0,8.588974143838382,8.8053906939987,9.257885461430654e-13,0,3.5200958467197174,3.386632791693792,0.0,0,0.0,0.0,0.0,0.0,0.0,0.0,0.0,0.0,0.0,0.0,2.1333308146502845e-10,34.09735479274574,71.54062254276865,73.99864758364217
185,-1416.7241944637744,0.2793852769728293,0.20792033952795397,0.2174402994184231,0.2952540840807937,4.35635220159876,0.15815102618898452,1.0539155422011777,0.0,2.641258793161081e-13,0.190231442774177,0.19023144277391288,0.19023144277391288,2.124557557384775e-12,0,8.588974144116177,8.805390694283494,3.1476256853460713e-13,0,3.5200958468335686,3.3866327918033265,0.0,0,0.0,0.0,0.0,0.0,0.0,0.0,0.0,0.0,0.0,0.0,7.253209841790637e-11,34.09735479271896,71.54062254289178,73.99864758381831
185,-1416.7241944637606,0.27938527697537674,0.2079203395297008,0.2174402994139225,0.29525408408099996,4.3563522014828235,0.15815102619538401,1.0539155421914475,0.0,8.98019541710709e-14,0.19023144277609458,0.19023144277600482,0.19023144277600482,7.223427741956761e-13,0,8.588974144210628,8.805390694380325,1.0701826654586923e-13,0,3.520095846872278,3.3866327918405688,0.0,0,0.0,0.0,0.0,0.0,0.0,0.0,0.0,0.0,0.0,0.0,2.46580333327901e-11,34.097354792709844,71.54062254293365,73.99864758387818
185,-1416.7241944637606,0.27938527697537674,0.2079203395297008,0.2174402994139225,0.29525408408099996,4.3563522014828235,0.15815102619538401,1.0539155421914475,0.0,8.98019541710709e-14,0.19023144277609458,0.19023144277600482,0.19023144277600482,7.223427741956761e-13,0,8.588974144210628,8.805390694380325,1.0701826654586923e-13,0,3.520095846872278,3.3866327918405688,0.0,0,0.0,0.0,0.0,0.0,0.0,0.0,0.0,0.0,0.0,0.0,2.46580333327901e-11,34.097354792709844,71.54062254293365,73.99864758387818
185,-1416.7241944637606,0.27938527697537674,0.2079203395297008,0.2174402994139225,0.29525408408099996,4.3563522014828235,0.15815102619538401,1.0539155421914475,0.0,8.98019541710709e-14,0.19023144277609458,0.19023144277600482,0.19023144277600482,7.223427741956761e-13,0,8.588974144210628,8.805390694380325,1.0701826654586923e-13,0,3.520095846872278,3.3866327918405688,0.0,0,0.0,0.0,0.0,0.0,0.0,0.0,0.0,0.0,0.0,0.0,2.46580333327901e-11,34.097354792709844,71.54062254293365,73.99864758387818
185,-1416.7241944637572,0.2793852769760329,0.2079203395301507,0.21744029941276333,0.2952540840810531,4.356352201452961,0.15815102619703236,1.0539155421889412,0.0,4.490097708565197e-14,0.19023144277658852,0.1902314427765436,0.1902314427765436,3.6117138709877536e-13,0,8.588974144234953,8.805390694405265,5.350913327307348e-14,0,3.5200958468822483,3.3866327918501606,0.0,0,0.0,0.0,0.0,0.0,0.0,0.0,0.0,0.0,0.0,0.0,1.2331891776127795e-11,34.09735479270749,71.54062254294442,73.99864758389359
185,-1564.107349576113,0.29456375507239413,0.17436423376267454,0.26156255019492575,0.2695094609700056,4.053859360189544,0.14732974121453887,1.493094531900434,0.0,0.156581284894686,0.1870171441559709,0.03043585926128487,0.03043585926128487,1.2594977554997033,0,1.374182965955947,1.408808281133384,0.18660014514864945,0,0.5631936562022016,0.5418403893591947,0.0,0,0.0,0.0,0.0,0.0,0.0,0.0,0.0,0.0,0.0,0.0,24.736169383760085,30.092719295138092,59.621248095211854,61.51470150391267
185,-1417.0094204928455,0.27948948975644633,0.20768298140652083,0.21773115127428846,0.2950963775627443,4.354142728462322,0.15807202738952306,1.0565066825788487,0.0,0.0024189077460970874,0.1902085917550109,0.1877896840089138,0.1877896840089138,0.01945704353505099,0,8.478728421364279,8.692367107890568,0.002882646778805603,0,3.4749128594035774,3.3431628996412455,0.0,0,0.0,0.0,0.0,0.0,0.0,0.0,0.0,0.0,0.0,0.0,0.6379449773631977,34.017668519289444,71.01214025116319,73.44843090279018
185,-1416.7296928239361,0.2793874095134633,0.20791548138199892,0.2174462495282743,0.2952508595762635,4.356306968831692,0.15814940893180657,1.053968511385402,0.0,4.982469395837833e-05,0.19023097505695694,0.19018115036299854,0.19018115036299854,0.0004007764417774736,0,8.58670343528545,8.803062770357771,5.937679672812521e-05,0,3.5191652219894034,3.385737451235554,0.0,0,0.0,0.0,0.0,0.0,0.0,0.0,0.0,0.0,0.0,0.0,0.013670359429071726,34.0956993964361,71.52920514372246,73.98676679505735
185,-1416.7243111470682,0.2793853222914509,0.20792023629824638,0.2174404258462688,0.29525401556403397,4.35635124025694,0.15815099183270653,1.053916667717585,0.0,1.0588785533989616e-06,0.19023143283834137,0.19023037395978798,0.19023037395978798,8.51733438162651e-06,0,8.588925887020768,8.805341221253105,1.2618806384934947e-06,0,3.5200760691979305,3.3866137640289957,0.0,0,0.0,0.0,0.0,0.0,0.0,0.0,0.0,0.0,0.0,0.0,0.0002907729530140498,34.09731960593439,71.54037964986574,73.9983948356514
185,-1416.7241983545177,0.2793852784877353,0.20792033608825938,0.21744030362763864,0.29525408179636664,4.3563521693724665,0.15815102505272777,1.0539155797178885,0.0,3.530900127464185e-08,0.19023144244566945,0.19023140713666817,0.19023140713666817,2.840161126807616e-07,0,8.588972535089987,8.80538904471464,4.207823921826574e-08,0,3.5200951873920205,3.3866321573642466,0.0,0,0.0,0.0,0.0,0.0,0.0,0.0,0.0,0.0,0.0,0.0,9.696189997332749e-06,34.09735361937486,71.54061444335055,73.9986391556723
185,-1416.724194786883,0.27938527710218203,0.2079203392447129,0.21744029976174734,0.29525408389135777,4.3563521987612805,0.1581510261035089,1.0539155453034368,0.0,2.9324265706662772e-09,0.19023144274955847,0.1902314398171319,0.1902314398171319,2.3587650889478764e-08,0,8.588974010617134,8.805390557420672,3.494614468722207e-09,0,3.5200957921204656,3.3866327391646496,0.0,0,0.0,0.0,0.0,0.0,0.0,0.0,0.0,0.0,0.0,0.0,8.052728833253018e-07,34.09735469525958,71.54062187027938,73.99864688394018
185,-1416.7241945736178,0.27938527701935667,0.20792033943339885,0.21744029953065275,0.2952540840165918,4.356352200518081,0.15815102616632232,1.0539155432462155,0.0,9.970250345441432e-10,0.19023144276772427,0.19023144177069923,0.19023144177069923,8.019801306586286e-09,0,8.58897409882095,8.805390647846963,1.1881689199823924e-09,0,3.5200958282698225,3.3866327739434174,0.0,0,0.0,0.0,0.0,0.0,0.0,0.0,0.0,0.0,0.0,0.0,2.7379279277396157e-07,34.09735475957366,71.54062231424541,73.99864734591961
185,-1416.7241945011074,0.27938527699119603,0.2079203394975521,0.2174402994520806,0.2952540840591713,4.356352201115392,0.15815102618767887,1.0539155425467603,0.0,3.389885223159808e-10,0.19023144277390067,0.19023144243491213,0.19023144243491213,2.7267325292693953e-09,0,8.58897412881025,8.805390678591902,4.039774453915913e-10,0,3.5200958405606038,3.386632785768199,0.0,0,0.0,0.0,0.0,0.0,0.0,0.0,0.0,0.0,0.0,0.0,9.308955329856992e-08,34.09735478144044,71.54062246519385,73.99864750299261
185,-1416.724194476454,0.2793852769816214,0.20792033951936414,0.21744029942536608,0.2952540840736483,4.356352201318479,0.15815102619494012,1.0539155423089455,0.0,1.1525609843350306e-10,0.19023144277600063,0.19023144266074452,0.19023144266074452,9.270890667571506e-10,0,8.58897413900661,8.805390689045181,1.373523324414142e-10,0,3.5200958447394695,3.3866327897886244,0.0,0,0.0,0.0,0.0,0.0,0.0,0.0,0.0,0.0,0.0,0.0,3.1650451849913286e-08,34.09735478887514,71.54062251651635,73.99864755639743
185,-1416.7241944680718,0.27938527697836607,0.2079203395267803,0.21744029941628312,0.29525408407857057,4.356352201387528,0.1581510261974089,1.0539155422280884,0.0,3.918706375236909e-11,0.1902314427767146,0.19023144273752754,0.19023144273752754,3.1521020455240675e-10,0,8.588974142473374,8.805390692599296,4.669978145255094e-11,0,3.520095846160284,3.3866327911555696,0.0,0,0.0,0.0,0.0,0.0,0.0,0.0,0.0,0.0,0.0,0.0,1.0761145813186534e-08,34.09735479140295,71.54062253396599,73.9986475745551
185,-1416.7241944680718,0.279385276978366,0.2079203395267804,0.21744029941628304,0.2952540840785706,4.356352201387529,0.15815102619740895,1.0539155422280875,0.0,3.9186155595259596e-11,0.1902314427767146,0.19023144273752848,0.19023144273752848,3.152028995807952e-10,0,8.588974142473417,8.80539069259934,4.669869918880171e-11,0,3.5200958461603014,3.386632791155586,0.0,0,0.0,0.0,0.0,0.0,0.0,0.0,0.0,0.0,0.0,0.0,1.0760898768180144e-08,34.09735479140298,71.5406225339662,73.99864757455532
185,-1416.724194465222,0.27938527697725923,0.20792033952930178,0.21744029941319487,0.2952540840802442,4.3563522014110045,0.15815102619824833,1.0539155422005968,0.0,1.3323298393587783e-11,0.19023144277695736,0.19023144276363407,0.19023144276363407,1.0716903002720289e-10,0,8.588974143652086,8.805390693807711,1.587756426813318e-11,0,3.5200958466433665,3.386632791620336,0.0,0,0.0,0.0,0.0,0.0,0.0,0.0,0.0,0.0,0.0,0.0,3.6587033538142353e-09,34.097354792262415,71.54062253989896,73.99864758072877
185,-1416.7241944642528,0.2793852769768829,0.20792033953015904,0.21744029941214496,0.2952540840808131,4.356352201418987,0.1581510261985337,1.0539155421912498,0.0,4.5299299017949304e-12,0.1902314427770399,0.19023144277250997,0.19023144277250997,3.643753816248914e-11,0,8.588974144052836,8.805390694218556,5.398381918737393e-12,0,3.520095846807609,3.386632791778351,0.0,0,0.0,0.0,0.0,0.0,0.0,0.0,0.0,0.0,0.0,0.0,1.2439623898121295e-09,34.09735479255461,71.54062254191605,73.99864758282774
185,-1416.7241944642528,0.2793852769768829,0.20792033953015904,0.21744029941214496,0.2952540840808131,4.356352201418987,0.1581510261985337,1.0539155421912498,0.0,4.529908781862148e-12,0.1902314427770399,0.19023144277251,0.19023144277251,3.643736827942839e-11,0,8.588974144052836,8.805390694218557,5.398356749812989e-12,0,3.5200958468076093,3.3866327917783514,0.0,0,0.0,0.0,0.0,0.0,0.0,0.0,0.0,0.0,0.0,0.0,1.2439562220886141e-09,34.09735479255461,71.54062254191606,73.99864758282772
185,-1416.7241944642528,0.2793852769768829,0.20792033953015904,0.21744029941214496,0.2952540840808131,4.356352201418987,0.1581510261985337,1.0539155421912498,0.0,4.5298876619293735e-12,0.1902314427770399,0.19023144277251006,0.19023144277251006,3.6437198396367686e-11,0,8.58897414405284,8.80539069421856,5.398331580888592e-12,0,3.5200958468076102,3.3866327917783527,0.0,0,0.0,0.0,0.0,0.0,0.0,0.0,0.0,0.0,0.0,0.0,1.243951483395219e-09,34.09735479255462,71.54062254191606,73.99864758282774
185,-1416.7241944640032,0.27938527697678595,0.20792033953037986,0.2174402994118745,0.29525408408095966,4.356352201421043,0.15815102619860721,1.0539155421888424,0.0,2.26494383096494e-12,0.1902314427770612,0.19023144277479623,0.19023144277479623,1.821859919818588e-11,0,8.58897414415606,8.805390694324382,2.699165790444598e-12,0,3.520095846849914,3.3866327918190526,0.0,0,0.0,0.0,0.0,0.0,0.0,0.0,0.0,0.0,0.0,0.0,6.219750582723673e-10,34.0973547926299,71.54062254243564,73.99864758336838
185,-1416.7241944640032,0.27938527697678595,0.20792033953037986,0.2174402994118745,0.29525408408095966,4.356352201421043,0.15815102619860721,1.0539155421888424,0.0,2.26494383096494e-12,0.1902314427770612,0.19023144277479623,0.19023144277479623,1.821859919818588e-11,0,8.58897414415606,8.805390694324382,2.699165790444598e-12,0,3.520095846849914,3.3866327918190526,0.0,0,0.0,0.0,0.0,0.0,0.0,0.0,0.0,0.0,0.0,0.0,6.219750582723673e-10,34.0973547926299,71.54062254243564,73.99864758336838
185,-1416.7241944638386,0.27938527697672194,0.20792033953052563,0.217440299411696,0.29525408408105636,4.356352201422399,0.15815102619865573,1.0539155421872535,0.0,7.700749889469574e-13,0.1902314427770752,0.19023144277630513,0.19023144277630513,6.194276160126644e-12,0,8.588974144224187,8.805390694394225,9.177093214523978e-13,0,3.5200958468778354,3.386632791845915,0.0,0,0.0,0.0,0.0,0.0,0.0,0.0,0.0,0.0,0.0,0.0,2.114717106832756e-10,34.09735479267957,71.54062254277855,73.99864758372522
185,-1416.7241944637824,0.27938527697670024,0.20792033953057512,0.21744029941163534,0.2952540840810893,4.356352201422861,0.15815102619867222,1.0539155421867132,0.0,2.618238066473497e-13,0.19023144277707998,0.19023144277681817,0.19023144277681817,2.106040303798252e-12,0,8.58897414424735,8.805390694417973,3.120191557798709e-13,0,3.5200958468873287,3.3866327918550483,0.0,0,0.0,0.0,0.0,0.0,0.0,0.0,0.0,0.0,0.0,0.0,7.190271786322165e-11,34.09735479269645,71.54062254289516,73.99864758384655
185,-1416.7241944637824,0.27938527697670024,0.20792033953057512,0.21744029941163534,0.2952540840810893,4.356352201422861,0.15815102619867222,1.0539155421867132,0.0,2.618238066473497e-13,0.19023144277707998,0.19023144277681817,0.19023144277681817,2.106040303798252e-12,0,8.58897414424735,8.805390694417973,3.120191557798709e-13,0,3.5200958468873287,3.3866327918550483,0.0,0,0.0,0.0,0.0,0.0,0.0,0.0,0.0,0.0,0.0,0.0,7.190271786322165e-11,34.09735479269645,71.54062254289516,73.99864758384655
