-6.724242089686118806e-01
-7.260109805643102376e-01
-5.541926509371245535e-01
4.706514540849613404e-01
-2.036180273973454025e+00
-2.231435513142097093e-01
3.364722366212128946e-01
-1.609533449497312585e+00
-7.128180536591492977e-01
-7.175477527215389228e-01
-1.744887198781282400e+00
-4.423836912379898401e+00
-2.970735760226380862e+00
-8.151944393966166214e-01
-9.356583104458875422e-01
-1.413104507343002414e+00
-7.290825943023893085e-01
-2.283315997687092924e+00
-1.348515782508032723e+00
-2.003216884866982905e+00
-1.406450493295944959e+00
-1.194664759542324317e+00
-7.491659266841700360e-01
