-6.595401333861612425e-01
-7.937109075722538210e-01
-5.133619877932336095e-01
5.179196510689891841e-01
-2.994369079563297564e+00
8.402958920599777892e-01
-2.652497235790119312e+00
-1.385951676669882726e+00
-1.224548833840702899e+00
-1.056180657858711847e+00
-1.400206760950967189e+00
-4.068364152346060081e+00
-3.093390581704460907e+00
-8.530588921199799834e-01
-3.714764415266377795e-01
-1.356049027320191058e+00
-1.511534068337928360e+00
-3.286450170201673515e+00
-1.831040897073371143e+00
-2.034719448863008928e+00
-1.751341067750098235e+00
-1.309358452685484009e+00
-1.200199387896632164e+00
