-7.521870651499349414e-01
-8.695861750971447535e-01
-5.273444349172871082e-01
4.484535378637389824e-01
-1.775653389966823648e+00
-2.612468065565788922e-01
3.364722366212128946e-01
-4.298756258066233626e-01
-3.210051798824007929e-01
-1.124134269766299488e+00
-3.615600976740347694e-02
-2.672877985436070247e+00
-2.325505376109041400e+00
-1.827605937598543395e+00
-7.323761842815200707e-01
-2.839401129690744874e+00
-5.189921296713005949e-01
-8.863804879136958359e-01
-1.350817623604088524e+00
-7.335266739899920507e-01
-3.812670617115673788e-01
