-6.535917609256457483e-01
-9.692649375701228864e-01
-4.863563390580588064e-01
9.963392923949384583e-01
-5.912549625863296576e+00
-1.275987986932140883e+00
-1.859017377205886667e+00
-6.802210773295588320e-01
-9.607285797577346242e-01
-1.214391012093969380e+00
-1.208588954362403634e+01
-3.064208453975175050e+00
-7.772857846281611138e-01
-1.098507475239623998e+00
-1.921884049925531635e+00
-1.818193011833099115e+00
-3.536330035166917796e+00
-1.926838457385465331e+00
-2.195267454871663304e+00
-1.912309474208742976e+00
-1.343554123111182719e+00
-1.366599591649394041e+00
