-6.898832255914552070e-01
-8.537764430583545394e-01
-5.330094376576891557e-01
7.266175421281810820e-01
-2.441879535634472020e+00
3.364722366212128946e-01
-2.360283345658537701e+00
-5.052174081954217133e-01
-1.056242341570123422e+00
-1.145529575009188505e+00
-2.781626388182365517e+00
-2.589188492676192777e+00
-3.912685914256290309e-01
-9.487731568949827610e-01
-1.238849882119672730e+00
-1.062417853488185404e+00
-2.837178445044662656e+00
-8.195479448393432342e-01
-1.585872595342828983e+00
-1.442056173567247468e+00
-9.844854590979380538e-01
-7.530023431930129574e-01
