-7.092730687633532760e-01
-9.415417609374470143e-01
-4.765667328225109967e-01
6.887972650498025429e-01
-2.458965602301770303e+00
-2.169439581877312673e+00
-8.012179416434117574e-01
-2.264197258973414673e-01
-2.614486331067252811e-01
-1.247780182175636021e+00
-1.027297993821679256e+01
-2.432648395188108825e+00
-7.538562993881650076e-01
-7.915379104965560852e-01
-1.465518531980380512e+00
-8.728779098488088639e-01
-2.160587847951320750e+00
-1.601132330994927466e+00
-2.194876019621693874e+00
-8.329581868879195605e-01
-1.138940629819823025e+00
-1.365398709970336855e+00
