-7.068162572133764865e-01
-7.960703403653218713e-01
-4.761942728994079665e-01
8.338217390647467697e-01
-2.892222941796034785e+00
-2.231435513142097093e-01
3.364722366212128946e-01
-2.136371806041043264e+00
-8.352844745382888014e-01
-8.441849279832240871e-01
-1.277382600072014318e+00
-3.107880221082215844e+00
-3.323265168536482683e+00
-5.817617165859311212e-01
-1.304786000939815338e+00
-1.501723339491567000e+00
-1.397439743491396102e+00
-2.530311294500263930e+00
-1.290407918778916141e+00
-2.146401163327894768e+00
-2.062483998102057292e+00
-1.179746913071675118e+00
-9.796637443790354727e-01
