-6.559900960841629214e-01
-8.936612061954830599e-01
-5.060844920964128191e-01
8.003490890355333676e-01
-2.774132054442148387e+00
3.364722366212128946e-01
-4.805890518539966405e-01
-1.546068501044279619e+00
-5.493431361161662529e-01
-1.054713584301003815e+00
-1.266124291759788356e+01
-1.325466804112465802e+01
-1.465807916883396789e-01
-3.798946820791741091e-02
-1.155376360764241772e+00
-1.304608210435997284e+00
-2.972566231061738673e+00
-1.483740900553053743e+00
-1.942740338796522304e+00
-1.563635538420536708e+00
-9.325651609926229879e-01
-8.741993364455634685e-01
