-6.372307637365818289e-01
-7.461418913740515135e-01
-6.159797601635763620e-01
2.481668296935981843e-01
-1.951424472376862562e+00
3.364722366212128946e-01
-4.226746866382574019e+00
-8.147734650628853936e-01
-1.804128506181854830e+00
-2.687468575062511356e+00
-5.176885188003360838e+00
-4.175160445092611639e+00
-1.602207589849180325e+00
-1.846868247633397742e+00
-1.382228961728483529e+00
-1.657625893692739716e+00
-2.830321176242124537e+00
-2.151287829280967845e+00
-2.593934675515681576e+00
-1.627213580456707609e+00
-1.702789394062480754e+00
-5.393733495283921098e-01
