-6.592083501681881286e-01
-8.079089252213543793e-01
-5.948833064528582515e-01
7.414386854621080047e-01
-3.524979720564524133e+00
-1.998632436512313371e+00
-1.647879648960082877e+00
-9.267952940763336533e-01
-5.958209349649867814e-01
-8.290455906974116829e-01
-1.869699672649885569e+00
-2.145224638018322860e+00
-4.259396123066617079e+00
-6.576047458173644999e-01
1.571199464264167123e+00
-1.349914930141762781e+00
-1.623355299969165166e+00
-4.653963774585847979e+00
-1.652767444652938789e+00
-2.075557576249974279e+00
-2.186638834898741113e+00
-1.873042748931755819e+00
-1.249754403341263753e+00
