-6.804641140117174691e-01
-8.528055204782573062e-01
-5.334193608163216860e-01
6.280621093304548097e-01
-2.470849474602950124e+00
3.364722366212128390e-01
-1.899144938462132837e+00
-1.292147378303245775e+00
-9.783981467245330688e-01
-4.573767075632390045e-01
-4.554740608760513787e+00
-3.078154212749260044e+00
-1.786423619837086196e+00
-1.044192746043727915e+00
-3.579834662156461622e+00
-8.540911787679454914e-01
-1.622255435290363312e+00
-1.628400144991045906e+00
-1.231994078819136224e-01
-9.463300442716319205e-01
