-6.983237271988288475e-01
-8.404714140917883824e-01
-5.536088535453892456e-01
6.237538462144809337e-01
-3.124401061804442659e+00
-2.231435513142096816e-01
3.364722366212128390e-01
-2.064855290962408940e+00
-3.084391679101761152e-01
-1.101499230206693269e+00
-1.473987246104433435e+00
-3.542455756071011930e+00
-3.325594881538350034e+00
-7.526053778525166882e-01
-9.156867207475067882e-01
-1.412943968269727790e+00
-1.382839553701431745e+00
-2.989926604500170892e+00
-1.641287480975705648e+00
-2.183784004353881425e+00
-2.087987176695434322e+00
-1.292054843695970456e+00
-1.016952861966263999e+00
