-6.438909834880387484e-01
-8.943987419693391061e-01
-5.238521599910491711e-01
5.133696231053888059e-01
-2.455770357964606188e+00
3.364722366212128390e-01
-1.263014523117700572e+00
-4.724478501337143754e-01
-7.087655642157213443e-01
-1.661981433387599960e+00
-2.978661960756459948e+00
-1.337150015690552962e+01
-9.149240693758495802e-01
-6.590276822892501274e-01
-9.027718157615114425e-01
-1.345254234934917026e+00
-2.332671804095531876e+00
-1.933949398728200819e+00
-1.432117281467415681e+00
-1.195257726370789086e+00
