-7.269074671833591905e-01
-7.385778165986230936e-01
-4.976499486049967835e-01
6.531943244776343693e-01
-4.541069990952760982e+00
-2.231435513142097093e-01
3.364722366212128946e-01
-3.188493875168968650e+00
-5.130508311313831671e-01
-1.042211501730919032e+00
-3.716720662877267323e+00
-4.912857055899822356e+00
-3.082202541884238478e+00
-6.301513024221040427e-01
-1.135006802113884605e+00
-1.869426568821176637e+00
-1.761400702070462954e+00
-2.912194330617001281e+00
-1.767156930648681845e+00
-2.097037876106143450e+00
-2.653747366002802366e+00
-1.212233883818617963e+00
-1.801396859761199787e+00
