-6.928099180621706266e-01
-8.860494981035172968e-01
-5.265933270737911398e-01
6.605669890895272678e-01
-2.803784309182660639e+00
-1.205535510304722724e+00
-2.764096463196530351e+00
-2.256569930014045156e-01
-9.885392450944012754e-01
-1.341361356633770097e+00
-2.852449036183386077e+00
-3.032977755351082827e+00
-9.128197216695790317e-01
-8.985878573613134135e-01
-1.521672893892767497e+00
-1.664858171057231884e+00
-3.045612703937779830e+00
-1.825888457224350114e+00
-2.464047045007189851e+00
-1.896631984118591685e+00
-1.283270559262312371e+00
-1.357786282093669250e+00
