-6.791069780396782329e-01
-7.744828544113753210e-01
-4.970306000512194622e-01
7.262042322375109604e-01
-2.098520197405234100e+00
-2.000378414811421646e+00
-1.249873228188549401e+00
-6.627847516623355251e-01
-8.605329316865453770e-02
-1.156755888575624613e+00
-3.126294749403300433e+00
-2.850861574640474849e+00
-5.702927703753445376e-01
-2.432318593569558485e-01
-1.469572694447974337e+00
-7.747515867196728134e-01
-2.698963762603027838e+00
-1.077747752619946597e+00
-1.670776712533869945e+00
-1.467832086130135938e+00
-9.751593992485214635e-01
-6.729350772122184576e-01
