-6.904013775716124623e-01
-8.703873542034561428e-01
-5.391785619960717257e-01
5.977737893885810561e-01
-2.786170642523269514e+00
-1.002467544708646185e+00
-1.731630664237729045e+00
-1.434735361965925104e+00
-8.405809698876406388e-01
-6.414923134450426501e-01
-1.329364857724797178e+00
-3.177224232868557152e+00
-3.087729105022599896e+00
-8.358559000300507247e-01
-1.021458539028832213e+00
-1.593148765012834200e+00
-1.303808484867376771e+00
-2.718982381654760250e+00
-1.509893398228066896e+00
-2.113025503629123669e+00
-1.596030897609412191e+00
-1.016723406288706055e+00
-8.958132064599914068e-01
