-6.674528548376507109e-01
-7.723516218479630213e-01
-6.389303948330734562e-01
5.654084344075162027e-01
-2.198050480160266940e+00
3.364722366212128946e-01
-1.765265593531052835e+00
-6.637935280167738261e-01
-7.068964640889868756e-01
-1.102619904424846364e+00
-2.971410436291296531e+00
-4.009881660600068010e+00
-9.277491625800354802e-01
-7.099508494332821273e-01
-1.257825744432966131e+00
-1.287730855667822194e+00
-2.498871336135386478e+00
-1.281995467678601619e+00
-2.121501037476683837e+00
-1.536696326652929878e+00
-5.597072982382891304e-01
-8.073451488840396317e-01
