-6.768823248598306863e-01
-6.976989816039668169e-01
-5.346988441832802863e-01
5.988943611316129845e-01
-1.858487112258806473e+00
-1.295678324531790881e+00
3.364722366212128390e-01
-1.163738283488566339e+00
1.778819297960723689e-01
-4.578952348101453795e-01
-1.270806537548379689e+00
-2.230210692985772791e+00
-2.786254464593043156e+00
-6.298050313411066581e-01
-6.409152033239531310e-01
-9.597750694138804661e-01
-7.302973587013941170e-01
-2.279627507196140268e+00
-9.346783473606441461e-01
-1.573170379222181170e+00
-5.437912506634037246e-01
-6.872161833075445259e-01
-3.526992649467605712e-01
