-5.802545124015919820e-01
-8.647278742797226414e-01
-5.426990269576437154e-01
5.230787970783503660e-01
-1.847104747921502144e+00
3.364722366212128390e-01
-2.228391227242347838e+00
-7.597528236590644912e-01
-1.186467157759642177e+00
-1.201025716946966027e+00
-3.260069242136394596e+00
-2.658328375812485156e+00
-5.272950159427242101e-01
-3.044383541208268151e-01
-1.333938980078860137e+00
-1.038542679318945838e+00
-2.423603170626530190e+00
-1.063367365967330835e+00
-1.419456243440246457e+00
-1.554156663755466017e+00
-1.050355678281317706e+00
-9.286123654641623704e-01
