-6.423116451250199255e-01
-8.239143766996995799e-01
-5.965732938764454207e-01
5.463748604066825942e-01
-2.427043796303226308e+00
-1.320196334360628443e+00
-1.423769969144263348e+00
-1.145321884639363547e-01
-1.257395221597245927e+00
-6.870891260659095501e-01
-1.047812130843232437e+00
-3.195188486074850953e+00
-3.564901950655749108e+00
-7.365481365350344811e-01
-5.433150608573283913e-01
-1.616121172101283365e+00
-1.410083920697331683e+00
-3.643034654631171154e+00
-1.373021572806916168e+00
-2.254060522426565960e+00
-1.308902593835875372e+00
-1.134379534041519033e+00
-9.335564439049970353e-01
