-7.049441557982220052e-01
-8.072304493176665208e-01
-5.020965786582500812e-01
4.186451437296645484e-01
-2.108666536655295243e+00
-8.065133269994468890e-01
-1.517856116292711111e+00
-8.833296188053620934e-01
-9.939909742917366620e-01
-1.115630026646244666e+00
-1.323185195481757059e+00
-3.254138506835879685e+00
-2.988139604149256723e+00
-8.266882288657799727e-01
-3.199847123524751646e-01
-1.297300919143955733e+00
-1.180919277716858895e+00
-1.188587988563894138e+00
-6.434097688144014837e-01
-1.717878702201498742e+00
-1.466091006711259137e+00
