-6.394665816766593736e-01
-8.230011507418559802e-01
-5.740081533559180382e-01
8.120086529788406171e-01
-2.628773364000575707e+00
-1.757827669313566377e+00
-3.977679612593796876e-01
-2.191772552523053808e+00
-5.016582109396530154e-01
1.994052330863008496e-02
-1.052271543568372358e+01
-1.112622766184378165e+01
-1.260335026415932536e+00
-1.391951552396056169e+00
-3.033472155325954489e+00
-1.584767357324009085e+00
-2.000300022873443329e+00
-1.662780371343685504e+00
-1.023676721313862448e+00
-9.666211949185889996e-01
