-6.822474861305108940e-01
-7.799559959052052571e-01
-4.904400453078311961e-01
7.165796759174327679e-01
-2.112407619782582735e+00
-2.231435513142097093e-01
3.364722366212128946e-01
-1.562351022528795541e+00
-5.372255562494897552e-01
-9.844512958024191629e-02
-1.158264665035428909e+00
-2.999939084905276498e+00
-2.823098519864989164e+00
-5.345581594393268299e-01
-2.014230940531837322e-01
-1.426727925706639644e+00
-7.311412151139246030e-01
-2.679708062012531311e+00
-1.012359415001163221e+00
-1.594929451712221447e+00
-1.431643248856860673e+00
-9.250908051339533644e-01
-6.201274126260273301e-01
