-6.559174591104155461e-01
-8.032296872159243595e-01
-5.543037613298676947e-01
5.817467869431800498e-01
-2.331868994634014758e+00
-1.053605156578262814e-01
3.364722366212128390e-01
-1.766917932588461193e+00
-8.458969219388204897e-01
-3.168005267562605254e-01
-1.278423586096825160e+00
-1.084159725333871016e+01
-3.006514084059446645e+00
-9.746917922324522809e-01
7.376298725407273160e-01
-1.490865976784610858e+00
-1.230320464757486354e+00
-2.457873276952633024e+00
-1.122609617854324560e+00
-1.921851699600532593e+00
-1.176784181340732260e+00
-1.214938900949063649e+00
-8.149694441196195793e-01
