-6.339071230567929760e-01
-7.255570756257442300e-01
-6.055725113271108739e-01
6.411334587549156749e-01
-3.155551671482951015e+00
-2.268932304342329065e+00
-2.076927664964622888e+00
-3.339820003034790208e-01
-7.324442536106672286e-01
-2.088062497600859491e+00
-4.324258408362152473e+00
-4.060395268227967591e+00
-5.011163862682250780e-01
-1.044241948022081923e+00
-6.464580953529412977e-01
-1.412977127060851545e+00
-2.412652269380958892e+00
-1.690509613672327438e+00
-1.516593456592854938e+00
-8.724391009786096607e-01
