198,-1729.5219390166992,0.30808080808080807,0.2016835016835017,0.23265993265993268,0.25757575757575757,1.2,0.9,0.0,0.14399999999999996,0.84,0.21600000000000003,0.21600000000000003,0.8005255048335906,0,8.305660768161411,7.293093277242655,0.21049901362970802,0,5.277400624790489,5.644317955085523,0.0,0,0.0,0.0,0.0,0.0,0.0,0.0,0.0,0.0,0.0,0.0,8.076539161324877,61.13530185835576,71.46117909649828,66.89149011439682
198,-1658.8253409472725,0.2253392834137571,0.25798973504806044,0.16922724979573303,0.34744373174244947,1.5422598468455722,0.6719682087819302,0.0,0.057750299291560774,0.36000707643347274,0.08714531378304394,0.08714531378304394,0.3210457464907476,0,3.3509232121154806,2.942402324510738,0.08441931276176369,0,2.1291700620657372,2.2772030522555404,0.0,0,0.0,0.0,0.0,0.0,0.0,0.0,0.0,0.0,0.0,0.0,5.689550238867676,42.23387092429964,68.52298396295566,63.90819490879586
198,-1603.0266909656045,0.2953860064235974,0.20821263884739982,0.20839049120447492,0.2880108635245279,1.7940226237466117,0.563125810441008,0.0,0.035787115470931406,0.2971488458915202,0.10411224160007515,0.10411224160007515,0.19894790749239843,0,4.003337780292067,3.515279117093385,0.05231355907835782,0,2.54371300402118,2.720567567627343,0.0,0,0.0,0.0,0.0,0.0,0.0,0.0,0.0,0.0,0.0,0.0,4.441055364685939,41.292091817153995,69.33645651972986,64.17395560395286
198,-1565.6573952659792,0.33564501407264696,0.1822622938015514,0.22289518514041243,0.2591975069853892,2.2921241953763634,0.4227464571289978,0.0,3.059023205018258e-07,0.22990472524436023,0.15225341022165986,0.15225341022165986,1.7005736774270208e-06,0,5.854468407855674,5.140732974652109,4.471676161991191e-07,0,3.7199177881031034,3.978549338134798,0.0,0,0.0,0.0,0.0,0.0,0.0,0.0,0.0,0.0,0.0,0.0,0.00011691947265663744,41.18858302739175,73.4209124296813,67.19786854122421
198,-1551.0203102380797,0.3037849397358628,0.20271844894797042,0.2044827347612012,0.28901387655496563,2.6970941845711645,0.34866541485055075,0.0,3.059023205018258e-07,0.19833667141503392,0.16925972805590103,0.16925972805590103,1.7005736774270208e-06,0,6.508397606220214,5.714939744409314,4.471676161991191e-07,0,4.135423123120742,4.422943158050069,0.0,0,0.0,0.0,0.0,0.0,0.0,0.0,0.0,0.0,0.0,0.0,8.685511804729211e-05,40.47932821923193,74.27873299127353,68.3457960835807
198,-1544.984876227927,0.2925991293582396,0.20768367384954464,0.20251950572405925,0.29719769106815647,3.312662221020606,0.27267813436280464,0.0,3.059023205018258e-07,0.17455349319857236,0.17455349319857236,0.17455349319857236,1.7005736774270208e-06,0,6.711954168541259,5.893680128545044,4.471676161991191e-07,0,4.264762565118093,4.561275073072225,0.0,0,0.0,0.0,0.0,0.0,0.0,0.0,0.0,0.0,0.0,0.0,7.781408559818589e-05,40.06315359214561,75.12220954621364,69.45068978153259
198,-1544.2926186595237,0.306051364470858,0.20231983046684954,0.19929037488391865,0.29233843017837374,3.8032692600848224,0.22940067742266101,0.0,0.008614586012219967,0.1852364211181235,0.17662183510590354,0.17662183510590354,0.04789024872475541,0,6.7914863270360035,5.963516288079286,0.012592790683337383,0,4.315297143238602,4.6153231256870635,0.0,0,0.0,0.0,0.0,0.0,0.0,0.0,0.0,0.0,0.0,0.0,1.6526837069859923,40.28265045187783,74.71913200064958,69.63498284013883
198,-1542.280817923252,0.308138772475515,0.1983937793126128,0.20525533254771264,0.28821211566415955,4.154987936105426,0.20567837427499108,0.0,3.059023205018258e-07,0.19010429007857071,0.19010429007857071,0.19010429007857071,1.7005736774270208e-06,0,7.309915481318338,6.418742221976905,4.471676161991191e-07,0,4.644706014981487,4.96763452698733,0.0,0,0.0,0.0,0.0,0.0,0.0,0.0,0.0,0.0,0.0,0.0,6.61045709293006e-05,41.01953520730327,76.78614441393273,71.4171407829534
198,-1542.0661288009753,0.3019654348735356,0.20015315843663847,0.20846199672770122,0.2894194099621247,4.017967790249866,0.21413947173484105,0.0,3.059023205018258e-07,0.195971851175844,0.18874798833107567,0.18874798833107567,1.7005736774270208e-06,0,7.2577627858833464,6.3729476147705695,4.471676161991191e-07,0,4.611568294196141,4.9321928681637175,0.0,0,0.0,0.0,0.0,0.0,0.0,0.0,0.0,0.0,0.0,0.0,6.64649290528718e-05,41.18021449368306,76.51745725582035,71.10449723732393
198,-1541.9832757263403,0.301351896703349,0.20162632816148504,0.2066348721094225,0.29038690302574344,3.971658769900826,0.21670189337165693,0.0,3.059023205018258e-07,0.20457861927979806,0.18809618995111083,0.18809618995111083,1.7005736774270208e-06,0,7.232699747766563,6.350940085219462,4.471676161991191e-07,0,4.595643288743994,4.915160658445518,0.0,0,0.0,0.0,0.0,0.0,0.0,0.0,0.0,0.0,0.0,0.0,6.605209019763721e-05,41.51139015071723,76.40160408957784,70.97016644993832
198,-1541.9561869179156,0.3004798241838842,0.20157061802602108,0.20749123815212334,0.2904583196379714,4.009229349619863,0.2135120537283279,0.0,3.059023205018258e-07,0.21208841267379175,0.187436629178921,0.187436629178921,1.7005736774270208e-06,0,7.207338229110103,6.328670463767653,4.471676161991191e-07,0,4.579528629340096,4.897925608867087,0.0,0,0.0,0.0,0.0,0.0,0.0,0.0,0.0,0.0,0.0,0.0,6.561075187962038e-05,41.861263666015745,76.38193896543818,70.9552736899841
198,-1541.954468762051,0.3014600147939877,0.20139238138546717,0.2065355448644272,0.2906120589561179,4.007801301445107,0.2130333211989755,0.0,3.059023205018258e-07,0.21216049159799344,0.18707207601919723,0.18707207601919723,1.7005736774270208e-06,0,7.193320382459053,6.316361573960343,4.471676161991191e-07,0,4.570621716965579,4.888399433195735,0.0,0,0.0,0.0,0.0,0.0,0.0,0.0,0.0,0.0,0.0,0.0,6.571906942946368e-05,41.873741095996365,76.36895565271261,70.94191141052356
198,-1541.954969765398,0.3013211333324748,0.20138203632356774,0.20681985917158618,0.29047697117237126,4.008204688511584,0.21305202574402193,0.0,4.7193106523472115e-06,0.21199641660550486,0.18718331041551547,0.18718331041551547,2.6235614878033294e-05,0,7.197597582281138,6.320117327793615,6.89868220368932e-06,0,4.573339441375895,4.891306110512226,0.0,0,0.0,0.0,0.0,0.0,0.0,0.0,0.0,0.0,0.0,0.0,0.0010134100951854044,41.86477360717467,76.37443245638674,70.94769982081793
198,-1541.9544739419262,0.3014368111415961,0.20139065568650816,0.20658303918463689,0.2905894939872589,4.007868681675926,0.21303644555126994,0.0,7.879301166303718e-07,0.21213308858543523,0.1870906523658956,0.1870906523658956,4.380264961035545e-06,0,7.194034682616405,6.316988791688221,1.15179522472107e-06,0,4.571075581889988,4.888884853599482,0.0,0,0.0,0.0,0.0,0.0,0.0,0.0,0.0,0.0,0.0,0.0,0.00016926445336001454,41.87225518513081,76.36990511854891,70.9429001491636
198,-1541.9544374815164,0.30145029883720453,0.20139165892358402,0.20655543156998757,0.2906026106692238,4.007829514484809,0.2130346294095476,0.0,3.298994638365171e-07,0.2121490177436975,0.18707985400743352,0.18707985400743352,1.8339787141115195e-06,0,7.193619462698633,6.316624192449772,4.822466092677527e-07,0,4.5708117519654765,4.8886026805969225,0.0,0,0.0,0.0,0.0,0.0,0.0,0.0,0.0,0.0,0.0,0.0,7.087281239826174e-05,41.87312752209462,76.36937773229612,70.94234118359559
198,-1542.1331130975236,0.29751077587490404,0.20106426837985858,0.21471026593397977,0.28671468981125764,4.019639321552874,0.21355121372140135,0.0,3.059023205018258e-07,0.20733261999346908,0.19043051350600387,0.19043051350600387,1.7005736774270208e-06,0,7.32245946799837,6.429756934409738,4.471676161991191e-07,0,4.652676439609992,4.976159104528212,0.0,0,0.0,0.0,0.0,0.0,0.0,0.0,0.0,0.0,0.0,0.0,6.505524348915085e-05,41.619409194236994,76.55548070159116,71.13359567106582
198,-1541.9541778769849,0.30130584294287427,0.20138023155017046,0.20685286996004312,0.2904610555469122,4.008259218424214,0.21305343022481532,0.0,3.180845923908389e-07,0.21197446912007348,0.18720090061730663,0.18720090061730663,1.7682974229407172e-06,0,7.198273963063179,6.3207112490085615,4.6497564547971754e-07,0,4.573769212403316,4.891765761863168,0.0,0,0.0,0.0,0.0,0.0,0.0,0.0,0.0,0.0,0.0,0.0,6.830887974335051e-05,41.86381926728787,76.37603390133445,70.94913318839967
198,-1541.9541402166838,0.3013231303432733,0.20138254900299682,0.20685247316191013,0.2904418474918198,4.007408498230285,0.21301155377353068,0.0,3.059023205018258e-07,0.2119746105726528,0.18719766704810922,0.18719766704810922,1.7005736774270208e-06,0,7.198149625429735,6.320602069741084,4.471676161991191e-07,0,4.573690208513951,4.891681265137798,0.0,0,0.0,0.0,0.0,0.0,0.0,0.0,0.0,0.0,0.0,0.0,6.569382267996504e-05,41.863871340835075,76.37596138579713,70.94892965288602
198,-1541.9541190807745,0.301584156245452,0.20141032455144942,0.20685001339695971,0.29015550580613886,3.9945600817147344,0.21236077316676727,0.0,1.8712276680950137e-07,0.21196026579326513,0.18713344303962606,0.18713344303962606,1.0402538011530165e-06,0,7.195680075301806,6.318433589720223,2.735358183407077e-07,0,4.572121061187583,4.890003021044144,0.0,0,0.0,0.0,0.0,0.0,0.0,0.0,0.0,0.0,0.0,0.0,4.019951468786433e-05,41.864261606015845,76.3742593560284,70.94522945912732
198,-1541.9539745905945,0.30144940712548485,0.2013960022163472,0.2068512947319028,0.2903032959262652,4.001186264433929,0.21269640591883893,0.0,9.056082874262163e-08,0.21196767024603577,0.1871665876342763,0.1871665876342763,5.034462024120524e-07,0,7.196954555669691,6.319552694444392,1.323817022486859e-07,0,4.572930863523303,4.890869125815896,0.0,0,0.0,0.0,0.0,0.0,0.0,0.0,0.0,0.0,0.0,0.0,1.9451710939972515e-05,41.864067659784396,76.3751588960299,70.94715290744296
198,-1541.9539951274153,0.30142321823141044,0.20142507041913937,0.2068621322999638,0.2902895790494864,3.998696918248226,0.21272719575552465,0.0,3.059023205018258e-07,0.21201217432300307,0.18715491607003035,0.18715491607003035,1.7005736774270208e-06,0,7.196505759126817,6.319158612005794,4.471676161991191e-07,0,4.572645699076803,4.890564134984242,0.0,0,0.0,0.0,0.0,0.0,0.0,0.0,0.0,0.0,0.0,0.0,6.570909211037101e-05,41.86492002298766,76.37289058562095,70.9443382540783
198,-1541.9539675045025,0.3014450875546522,0.20140079626135238,0.20685308232980565,0.29030103385418976,4.000775582282682,0.21270148387356036,0.0,7.562357432043195e-08,0.21197501030507998,0.18716466255747788,0.18716466255747788,4.204069445151692e-07,0,7.196880532360244,6.319487695533944,1.1054644306669337e-07,0,4.572883829257105,4.890818821438405,0.0,0,0.0,0.0,0.0,0.0,0.0,0.0,0.0,0.0,0.0,0.0,1.6243492647185904e-05,41.86421072589789,76.37479167714683,70.9466930891273
198,-1541.9539521038391,0.3014341526947014,0.20141293300822438,0.20685760747280094,0.2902953068242733,3.9997361152301676,0.21271433942605147,0.0,3.781079879818703e-08,0.2119935921443602,0.18715978925030965,0.18715978925030965,2.1019797775055556e-07,0,7.196693143303956,6.31932315162771,5.527177674701195e-08,0,4.5727647626168535,4.8906914765534495,0.0,0,0.0,0.0,0.0,0.0,0.0,0.0,0.0,0.0,0.0,0.0,8.121761231137308e-06,41.86457283413283,76.37386216423891,70.94552917646845
198,-1541.9541725668203,0.3010963310740503,0.20153240208092726,0.20678762342327428,0.29058364342174814,3.993174557447577,0.21196121993171887,0.0,3.059023205018258e-07,0.21172786432365348,0.1873071128622689,0.1873071128622689,1.7005736774270208e-06,0,7.202358050452445,6.324297433312705,4.471676161991191e-07,0,4.5763642335511125,4.894541204832105,0.0,0,0.0,0.0,0.0,0.0,0.0,0.0,0.0,0.0,0.0,0.0,6.564051646646075e-05,41.85600862955394,76.38807998030298,70.96321485385799
198,-1541.9538799759835,0.3013328844974727,0.20144875314970473,0.20683664211639244,0.29038172023643005,3.997768810079222,0.21248838637916914,0.0,2.648701446666868e-08,0.21191397511642698,0.18720392269346264,0.18720392269346264,1.4724674046850396e-07,0,7.198390168338029,6.320813287357158,3.871868346687198e-08,0,4.573843049007917,4.891844732042376,0.0,0,0.0,0.0,0.0,0.0,0.0,0.0,0.0,0.0,0.0,0.0,5.687675907716925e-06,41.86201364813564,76.3781314610011,70.950832678208
198,-1541.9539047800286,0.3012895588764131,0.20142171438742265,0.20684963890760175,0.29043908782856254,3.9948697881159947,0.21250780301291572,0.0,3.059023205018258e-07,0.21195259730751406,0.1872175655454101,0.1872175655454101,1.7005736774270208e-06,0,7.198914765098149,6.321273928985956,4.471676161991191e-07,0,4.574176376764359,4.892201234793328,0.0,0,0.0,0.0,0.0,0.0,0.0,0.0,0.0,0.0,0.0,0.0,6.568447167820684e-05,41.86277771344277,76.37742493487204,70.95037493725455
198,-1541.9538728108369,0.30132605057303824,0.20144448833429504,0.20683869232197366,0.29039076877069303,3.9973114236746086,0.21249144873959175,0.0,2.230962032263206e-08,0.21192006639271196,0.1872060744390172,0.1872060744390172,1.2402375049597757e-07,0,7.198472907544675,6.320885939584187,3.261217411366207e-08,0,4.573895621338167,4.8919009595241745,0.0,0,0.0,0.0,0.0,0.0,0.0,0.0,0.0,0.0,0.0,0.0,4.790613793956331e-06,41.862136485438214,76.37802666690101,70.95076475514898
198,-1541.9539036213832,0.3012952847692905,0.20140155240496735,0.20685379734318793,0.29044936548255423,3.994299512576107,0.2124961660440881,0.0,3.059023205018258e-07,0.21195963309910076,0.187216078162207,0.187216078162207,1.7005736774270208e-06,0,7.198857572041124,6.321223708502441,4.471676161991191e-07,0,4.574140036407668,4.892162367831665,0.0,0,0.0,0.0,0.0,0.0,0.0,0.0,0.0,0.0,0.0,0.0,6.568586502978537e-05,41.86311967858571,76.3772716090328,70.95031735095752
198,-1541.9538670422526,0.30132176168086666,0.20143850260965984,0.2068407980972066,0.290398937612267,3.996891431902966,0.2124921063179972,0.0,1.919983785195982e-08,0.21192558159116878,0.18720746890993425,0.18720746890993425,1.067358325636335e-07,0,7.198526527926101,6.320933022947476,2.8066298122832467e-08,0,4.573929691623764,4.891937398585447,0.0,0,0.0,0.0,0.0,0.0,0.0,0.0,0.0,0.0,0.0,0.0,4.122832614531909e-06,41.86227558680423,76.37792727545484,70.95070615446402
198,-1541.9539035996224,0.30129163054236074,0.2014050846437025,0.20685341670859336,0.2904498681053434,3.9942992900685543,0.2125007741301014,0.0,3.059023205018258e-07,0.2119609132179529,0.1872162402003095,0.1872162402003095,1.7005736774270208e-06,0,7.198863802751823,6.3212291796089035,4.471676161991191e-07,0,4.574143995389072,4.8921666020657915,0.0,0,0.0,0.0,0.0,0.0,0.0,0.0,0.0,0.0,0.0,0.0,6.568565811069244e-05,41.863123740786605,76.37721586190561,70.9502432414095
198,-1541.9538637660753,0.30131863199344827,0.2014350314440584,0.20684210883157333,0.29040422773092,3.9966221228462175,0.21249300657708375,0.0,1.720574529997944e-08,0.21192925107547836,0.18720837991403982,0.18720837991403982,9.56502634882238e-08,0,7.1985615579773015,6.320963782382281,2.515133621117818e-08,0,4.573951949649856,4.891961204126328,0.0,0,0.0,0.0,0.0,0.0,0.0,0.0,0.0,0.0,0.0,0.0,3.694629998321298e-06,41.8623652089841,76.37785775711393,70.95066088539659
198,-1541.9538533021569,0.30130513096543765,0.2014200575377685,0.20684776301196595,0.29042704848482787,3.9954605376548176,0.21249689031810096,0.0,8.603053053881278e-09,0.21194508169905132,0.18721231001592198,0.18721231001592198,4.7826134646308854e-08,0,7.198712678778308,6.321096479602724,1.2575931819764282e-08,0,4.574047971511561,4.892063902018082,0.0,0,0.0,0.0,0.0,0.0,0.0,0.0,0.0,0.0,0.0,0.0,1.847341279170861e-06,41.86275186511632,76.37755788642141,70.95046562345283
198,-1541.953903596338,0.30129306623373847,0.20140381325090106,0.20685369858000718,0.2904494219353533,3.9943022432263477,0.21249882971912684,0.0,3.059023205018258e-07,0.21196043966079484,0.18721608388431893,0.18721608388431893,1.7005736774270208e-06,0,7.198857792068534,6.321223901705664,4.471676161991191e-07,0,4.574140176212654,4.892162517356753,0.0,0,0.0,0.0,0.0,0.0,0.0,0.0,0.0,0.0,0.0,0.0,6.56857636604766e-05,41.86312459245998,76.37723424643725,70.95026684919029
198,-1541.9538531311487,0.3013048525918336,0.20141968272114402,0.20684789996725247,0.2904275647197699,3.995433808676218,0.21249693506547707,0.0,8.404559710101986e-09,0.21194543604205493,0.18721239708909374,0.18721239708909374,4.672266947801007e-08,0,7.198716026927506,6.321099419569221,1.228577450672537e-08,0,4.57405009891902,4.892066177335983,0.0,0,0.0,0.0,0.0,0.0,0.0,0.0,0.0,0.0,0.0,0.0,1.804718412528606e-06,41.8627608065232,76.37755139227194,70.95046166338648
198,-1541.953850253117,0.301298959355153,0.20141174783706858,0.20685079932244338,0.29043849348533507,3.994867985886118,0.21249788239019032,0.0,4.202321190471674e-09,0.21195293775116353,0.1872142404776309,0.1872142404776309,2.3361564531078012e-08,0,7.19878690914905,6.3211616603310175,6.1429476774271384e-09,0,4.574095137344102,4.892114347109217,0.0,0,0.0,0.0,0.0,0.0,0.0,0.0,0.0,0.0,0.0,0.0,9.023658113205393e-07,41.86295010652306,76.37741391448677,70.95037783307603
