-6.818989044692080892e-01
-8.230832484366644719e-01
-5.343295795463008924e-01
7.158067185602593474e-01
-3.016495149873405168e+00
-4.158767646485426739e-01
-2.097182040735489750e+00
-1.427645828161028918e+00
1.375677401201085059e+00
-5.406532982836881329e-01
-1.161562570318322551e+00
-4.136646762329264426e+00
-3.343551805398830012e+00
-1.009785169081613976e+00
-2.489973027681899598e-01
-1.547738053526998447e+00
-1.617435817637611795e+00
-3.118916543264563135e+00
-1.856875764236395110e+00
-2.329417349146262861e+00
-1.411569572941941297e+00
-1.258095687879411617e+00
-1.173602469818372684e+00
