-6.326770023697693146e-01
-6.750739063539036300e-01
-6.280010118746279790e-01
4.689935493595575600e-01
-1.587417099787809427e+00
-2.456002241448323353e+00
-2.200841809303592633e+00
-3.291368520649501361e-01
-5.332822702221693550e-02
-9.989538168212663827e-02
-1.066173743522937034e+00
-3.298011612563757744e+00
-3.238334619939847947e+00
-2.488053511043789856e-01
-1.101684113502620910e-01
-9.158621585270815268e-01
-8.424360081758346386e-01
-1.939603792539097649e+00
-1.105109031589834201e+00
-1.176988449767213840e+00
-1.101425174888627678e+00
-7.472889649733892581e-01
-5.869660965048882906e-01
