-6.868036364331855381e-01
-7.916260703160785672e-01
-5.189130555772645259e-01
5.575589752810072852e-01
-2.340346156270075362e+00
3.364722366212128390e-01
-1.821935724482119934e+00
-8.043013522463346998e-01
-7.521187797541105668e-01
-1.385775060897822764e+00
-3.563106337810020285e+00
-3.266381494871726243e+00
-5.464063486309870266e-01
-5.042407267325526021e-01
-1.387162806656894620e+00
-1.348155838358787495e+00
-2.669744464268295925e+00
-1.419413451054625908e+00
-2.313934754436736796e+00
-1.840375426209920784e+00
-1.294826762717309787e+00
-1.146024466921255147e+00
