-6.842493729170466832e-01
-7.916883836284708265e-01
-5.363730063429869022e-01
6.290561568687611516e-01
-2.945976954327131470e+00
-1.745601123708030000e+00
-5.946446611920790382e-01
-1.058283737154974036e+00
-1.859425490189917873e+00
-3.267294005740036589e+00
-3.882115258775579836e+00
-8.239014276849240259e-01
-9.428067619251210285e-01
-1.510176212103610416e+00
-1.463429570437433602e+00
-2.731670819998528899e+00
-1.719449325903418035e+00
-2.340405569686939025e+00
-1.659548367546312075e+00
-1.082043628143234626e+00
-1.272998066432121878e+00
-6.917313229267879615e-01
-8.741164514931779594e-01
-5.377661511339938416e-01
6.070433436467386201e-01
-2.755537766594833293e+00
-1.540092004625653210e+00
-8.063457234793240946e-01
-6.415394772002401824e-01
-1.334005541112354809e+00
-3.222131277461576904e+00
-3.074312917742747508e+00
-8.332521581573224534e-01
-1.024580592273669932e+00
-1.588159336901747931e+00
-1.280055657620223775e+00
-2.716537861389491049e+00
-1.505160783247827538e+00
-2.113178764086863115e+00
-1.585476753342712986e+00
-1.011852394398839561e+00
-8.882997997599226814e-01
-6.667556231486081453e-01
-7.740535764540099617e-01
-6.396007518867558028e-01
5.764602167704435676e-01
-2.242054059885653317e+00
-1.103746701219127768e+00
-9.676198833458421467e-01
-7.262578673018756925e-01
-1.040034573701248632e+00
-3.201833121287409600e+00
-3.829822753994037488e+00
-9.247079038483466684e-01
-8.451512019709898071e-01
-1.305501229805294816e+00
-1.369528854763949921e+00
-2.549560639196585932e+00
-1.383725522721361845e+00
-2.143113390659577178e+00
-1.649487906771043511e+00
-6.420281310430289157e-01
-8.770856875100400130e-01
-6.444746304456779873e-01
-8.228517766734694261e-01
-5.965886561836452051e-01
5.783383026866162346e-01
-2.339043020789931759e+00
-1.371588149724771721e-01
-1.302497221333676070e+00
-7.458783222761949938e-01
-1.117403648260492766e+00
-3.263139139033356617e+00
-3.621170247870974634e+00
-7.854080890770357426e-01
-6.197910854296655447e-01
-1.671870582955797824e+00
-1.473218393006490601e+00
-3.796893734425719646e+00
-1.447376976184121533e+00
-2.307777822619994534e+00
-1.373256674961376378e+00
-1.184684302440840664e+00
-9.902246295641999874e-01
-7.218089647120519148e-01
-1.109001854994255964e+00
-4.706263747900913952e-01
4.022254937672452568e-01
-1.977548612167352893e+00
-6.278388797944934874e-01
-1.501848981322757348e+00
-1.170433818831092765e+00
-9.726608045944969971e-01
-3.199356108029369317e+00
-3.686318707864272515e+00
-4.739318035980246702e-01
-9.678823938294448537e-01
-1.135547780542705665e+00
-9.451263176533094557e-01
-3.487058478509862169e+00
-9.555106433373052877e-01
-1.301041178401991960e+00
-9.843999900608778608e-01
-1.111064007623368433e+00
-7.089579944158060920e-01
-6.814028491051575820e-01
-7.752649433064126017e-01
-4.980229222284313639e-01
7.264760997791207542e-01
-2.157173554093651635e+00
-7.954671078941795148e-01
-9.048762618297578886e-01
-4.631973804068111739e-02
-1.200826044337229614e+00
-3.105123232545653256e+00
-2.914591684927821280e+00
-5.775955841727207218e-01
-2.874991494245033863e-01
-1.496847625821215999e+00
-8.053156982253303342e-01
-2.712217483858643696e+00
-1.133338107144562512e+00
-1.751551249962141066e+00
-1.479436931783769227e+00
-1.010405302917062986e+00
-7.175475084644106216e-01
-6.525544217893968213e-01
-7.942227928721372621e-01
-5.302245836288167480e-01
4.694899417800819652e-01
-2.232977496904814174e+00
-3.355251427083837390e-01
-1.514435437317348754e+00
-1.164934527690152599e+00
-1.469815314659927541e+00
-2.212474065596104822e+00
-3.356268282548584114e+00
-5.670719924338971651e-01
-6.058731527002592099e-01
-1.579502706126867162e+00
-1.424349062733672344e+00
-5.699064990525435803e+00
-4.661735819676495751e-01
-1.907141759454180407e+00
-1.217874734359305933e+00
-2.358837343331219860e-01
-8.683048710775032042e-01
-6.768586898211416125e-01
-6.924402489980713282e-01
-5.381928111958723671e-01
6.288864240263993821e-01
-1.802793466717683257e+00
-6.153248289347197364e-01
-1.249915404071325932e-02
-4.875746906193371699e-01
-1.379737776012873729e+00
-2.251748862202818557e+00
-3.182029643131412122e+00
-7.058451907383679336e-01
-7.962775235350064706e-01
-1.091364019129284824e+00
-8.512632090936786966e-01
-2.346228103257323117e+00
-1.082513004576522997e+00
-1.671709061454450973e+00
-7.190800165616328954e-01
-8.264803882590159301e-01
-4.890071183066817539e-01
-6.987403321929546163e-01
-8.456326355281595930e-01
-5.517814484141800868e-01
6.396261369875008151e-01
-3.191819674537300422e+00
-1.384975124249468781e+00
-4.395574251530394161e-01
-1.146688728411122016e+00
-1.383375086896249551e+00
-3.587048201344216203e+00
-3.410430515053786582e+00
-7.810069248014610555e-01
-9.868826976107866189e-01
-1.456628155378301370e+00
-1.451797649304266136e+00
-3.039135477040868949e+00
-1.707819736766265528e+00
-2.275646986012670236e+00
-2.134870336165139548e+00
-1.347227025850587179e+00
-1.073314247328020166e+00
-6.578080724573680538e-01
-9.753101918626971845e-01
-4.813750772133276734e-01
9.865618372305220429e-01
-5.908843847224804158e+00
-2.721096049463465505e+00
-5.224429879552154876e-01
-9.600778733801084153e-01
-1.146147460415371411e+00
-4.721046974312935518e+00
-3.219598315473197303e+00
-7.439075507288277489e-01
-1.000936269845414284e+00
-1.858896918541693033e+00
-1.750621910311460416e+00
-3.454617285088834144e+00
-1.866826092287968697e+00
-2.142178157523276560e+00
-1.858968966939581025e+00
-1.296872810062703607e+00
-1.302255500621625872e+00
-7.129297413951896090e-01
-9.425212426019619061e-01
-4.785765242402242881e-01
6.787339950099398056e-01
-2.521711711825961544e+00
-3.992803577516582103e-01
-4.433890292705410241e-01
-2.848235502638085670e-01
-1.258246317914885504e+00
-3.511597231268369868e+00
-2.631673088964364027e+00
-7.642903817501451869e-01
-8.312950627592177177e-01
-1.524612842689598624e+00
-9.702386698621091599e-01
-2.191496891923256474e+00
-1.652161816485705481e+00
-2.193709191439864981e+00
-9.146801175845502563e-01
-1.184244077871807743e+00
-1.417059855065292417e+00
-6.047366969712661966e-01
-6.812106306568115333e-01
-6.277981568658345113e-01
7.093534037833508776e-01
-2.587208824881516822e+00
-9.768952440912884727e-01
-4.797807644263565319e-01
-7.643705451224188652e-01
-1.577037840494881937e+00
-3.087521421165532853e+00
-4.070353207018903241e+00
-8.012799883968495518e-01
-1.174623119626925449e+00
-1.448448204486681545e+00
-1.329854476075700731e+00
-2.837403181640964611e+00
-1.384439326374091284e+00
-1.848881669052203636e+00
-1.633085722558681674e+00
-1.100127911448282259e+00
-9.844780022756136617e-01
-6.809660312523865278e-01
-8.058886059151953996e-01
-4.460361084320976222e-01
7.366589680088100334e-01
-2.411082354771725722e+00
-7.513387584539701347e-01
-1.502055431648726014e+00
-6.272946955944844749e-01
-6.528159927047630928e-01
-2.588028236256932235e+00
-3.455896133178908869e+00
-3.986909027962263763e-01
-6.677405587047952062e-02
-1.078894116277948179e+00
-1.329457322256440310e+00
-2.236468365430051009e+00
-1.520648261981109250e+00
-2.209157294398704341e+00
-1.606908102395574245e+00
-5.509578611964429662e-01
-8.717670901752567758e-01
-5.772694809641243374e-01
-8.566903453361539578e-01
-5.463149510480136417e-01
5.124624082783650891e-01
-1.845355580420209973e+00
-1.627638533407259169e+00
-9.885585464652069110e-01
-1.159673964816243963e+00
-1.138013017639936120e+00
-3.105975223650876416e+00
-2.794416038484893061e+00
-6.130489783810801896e-01
-3.396039129950814695e-01
-1.364243436146579613e+00
-1.115282283858422652e+00
-2.451100465966689068e+00
-1.138506679611227979e+00
-1.491201873348228624e+00
-1.624027364699990983e+00
-1.113367531013739864e+00
-9.969160058780796030e-01
-7.139115890833426237e-01
-7.948524570608501705e-01
-5.154500399127064370e-01
7.829415262932271080e-01
-2.794277946743405128e+00
-1.188191241181490998e+00
-4.814045036366905728e-01
-1.171307502916856480e+00
-8.916991770748027291e-01
-2.516803162923581638e+00
-4.383433518715150967e+00
-6.308236433990954684e-01
-8.575039537638325937e-01
-1.301271497143029698e+00
-1.544162432845811672e+00
-2.893734124693321696e+00
-1.159236804933284626e+00
-1.919415958322526095e+00
-2.014658454684987277e+00
-4.481165476391370528e-01
-1.173587470278046885e+00
-7.474109297195405954e-01
-7.906374817279093747e-01
-6.377688040003206549e-01
4.334604550695584924e-01
-2.263668434187971368e+00
-1.144666203673219806e+00
-5.063545421532075208e-01
-1.169699415324315206e+00
-1.701510970792656119e+00
-2.944847386906002118e+00
-2.296475000373821906e+00
-5.552415993354674617e-01
-3.297083889287208414e-01
-1.405582210110023045e+00
-8.756745486682915303e-01
-2.987982825851490887e+00
-1.172152446510916324e+00
-1.304490691458481955e+00
-1.722895293335562572e+00
-9.316940682202236035e-01
-8.815018727525550934e-01
-6.843044802413678074e-01
-8.213748555044391164e-01
-4.879256613154420164e-01
7.199528381572036784e-01
-2.098755857211463738e+00
-1.127516830701206896e+00
-8.984461367137732690e-01
-6.440175666016119127e-01
-1.335958129575236519e+00
-3.650537801022911921e+00
-3.546052667141936787e+00
-9.702482912144774208e-01
-7.003087146529444196e-01
-1.465081243588024495e+00
-1.286169348128796797e+00
-3.180244057260999124e+00
-1.193904475406909915e+00
-1.880712162034017476e+00
-1.910695368408882988e+00
-1.084958627949668797e+00
-1.226378137441232141e+00
-6.000414880080551239e-01
-5.993724546895716765e-01
-6.342400876294457257e-01
7.062205451525230826e-01
-2.322449622477841480e+00
-6.913318440120478359e-01
-9.066803055213690232e-01
-1.114713407238243859e+00
-1.525473908794373168e+00
-3.220749260319506924e+00
-2.774241038851446906e+00
-6.437654924986172533e-01
-7.149245075320252996e-01
-1.348428015411175185e+00
-1.214364856828569206e+00
-3.096983200604435993e+00
-1.518726675154284500e+00
-1.575732824034455026e+00
-1.206771953016343213e+00
-1.169716238502666483e+00
-9.914123078265885125e-01
-6.115921137287528841e-01
-6.966943149303583827e-01
-6.139778329264630186e-01
6.080029506955962892e-01
-2.067035685583527460e+00
-7.550576193287366067e-01
-7.345009936140273199e-01
-4.854988113550772200e-01
-1.074993197068295991e+00
-3.618769318076390462e+00
-3.034337760887409363e+00
-5.914385153269571260e-01
-5.397118607351127917e-01
-1.219728968748700737e+00
-1.348368891328509900e+00
-2.596461552262767647e+00
-1.687357187892945642e+00
-1.950378136962222841e+00
-8.970347133611628054e-01
-1.107603063743974658e+00
-8.701957986853831040e-01
-6.723542513496850725e-01
-7.525721595149662546e-01
-5.409603804857545661e-01
7.047128857826131521e-01
-2.563114288547937214e+00
-2.765159545954230524e-01
-5.682595163335359967e-01
-4.070568110261735817e-01
-9.978810624148422015e-01
-3.428923541114584417e+00
-3.590641448737729835e+00
-4.491763893818637721e-01
-7.996686967126181989e-01
-1.468655449761635756e+00
-1.053841806975497342e+00
-2.084302971190335363e+00
-1.480619913895578010e+00
-1.934742121286783467e+00
-1.962362499083728506e+00
-1.048220971261778489e+00
-1.022255418074736077e+00
-6.811430495376918914e-01
-1.012430887195339357e+00
-3.499809857004865798e-01
8.139572617531741772e-01
-3.507854947971646098e+00
1.490680249069654406e-01
-1.326341261041385833e+00
-1.021127214574585329e+00
-1.089322306380340777e+00
-5.859511589926567510e+00
-5.738485419272150168e+00
-5.573955240627278540e-01
-3.716653625498486224e-04
-1.621426710062846777e+00
-1.622124143791497275e+00
-2.357939037818270744e+00
-1.394030856043951383e+00
-2.134698523408822712e+00
-2.139681757421194597e+00
-1.326088941245412656e+00
-1.361612934460739499e+00
-7.437232679885316111e-01
-7.681944380149050566e-01
-3.729300397050584470e-01
7.384653591275075479e-01
-2.587891424094421300e+00
-9.583801651630043938e-01
-1.469204496550611694e+00
-6.761065014087975777e-01
-1.427767448145062845e+00
-3.615198034975557917e+00
-2.751240347492314609e+00
-4.345703882891166492e-01
-6.386607753899656847e-01
-1.472264685293999786e+00
-1.187170362746383656e+00
-2.523858872136049758e+00
-1.108480234642132967e+00
-1.825221218217776054e+00
-1.792865726269906368e+00
-1.083440928680995619e+00
-7.807738217028761252e-01
-6.587581187813822403e-01
-8.551124672550090011e-01
-6.505267113771885379e-01
5.853201195592712125e-01
-2.383697753830318344e+00
-9.825596980605356690e-01
-4.208139343484964545e-01
-7.545597721307861772e-01
-2.297841949320914345e+00
-4.130291946796786462e+00
-2.875589414783895847e+00
-8.272651429791957334e-01
-7.849799005837397869e-01
-1.532110640874538188e+00
-1.368877577445665183e+00
-2.788949686157806696e+00
-1.562647194087778635e+00
-1.723829314056828821e+00
-2.258325270335770796e+00
-9.117466909777481865e-01
-1.048747398887698079e+00
-6.823431793612644292e-01
-8.957626130166594924e-01
-5.406788418543923003e-01
5.996386242463379590e-01
-2.097339345897407004e+00
-8.877900164050279708e-01
-8.847492990120259249e-01
-5.470769715224913510e-01
-7.348563365774259948e-01
-3.407434576140976557e+00
-3.163868479195512506e+00
-5.872309073586136074e-01
-7.211812325933386614e-01
-1.179167641797041588e+00
-1.307231062643403163e+00
-2.511954979156145740e+00
-1.360618908561355367e+00
-2.056066227561655246e+00
-1.806451498113196941e+00
-1.124692404403742962e+00
-1.189739772211218183e+00
-7.118642695565209344e-01
-8.010712945644961058e-01
-5.355811614948835508e-01
5.281066394900130190e-01
-2.336977107959256728e+00
-1.285175703604225728e+00
1.580399711677508978e-01
-1.127042283572318837e+00
-1.413927775820192689e+00
-3.313989808237819190e+00
-3.178505593748365499e+00
-8.554766945935293743e-01
-3.071805655236636845e-01
-1.441680402364191593e+00
-1.181562245720526150e+00
-3.161659088116541838e+00
-1.053864267287815126e+00
-1.972127001305703953e+00
-1.620237334964350850e+00
-9.233497731533782948e-01
-9.800771796428142668e-01
-6.939173008076500171e-01
-9.005181468417973178e-01
-5.177432438912661361e-01
6.677599344739347798e-01
-2.932690367044655133e+00
-2.610893448862661170e+00
-1.957549388678510582e-01
-9.890463959408282157e-01
-1.363600293897166083e+00
-2.878974273966530273e+00
-2.932964271592376271e+00
-8.444851031861345669e-01
-8.694529440844737112e-01
-1.477245488938270457e+00
-1.624386115022193433e+00
-3.012715613918868662e+00
-1.750973169027054244e+00
-2.397700666201042274e+00
-1.864176177970566339e+00
-1.226146825851548439e+00
-1.282228508625425478e+00
-7.242292777723029484e-01
-8.530360874678302174e-01
-5.523023132717050920e-01
6.110915000268256625e-01
-2.047153769957328340e+00
-1.109742603082716661e+00
-9.632235141819136537e-01
-4.805158981887282521e-01
-1.843412098505634589e+00
-2.432812971382537270e+00
-2.101364597596785622e+00
-3.595823871133983496e-01
-6.943048357406234050e-01
-1.526454007098041687e+00
-1.212381965167647291e+00
-2.609045561712173278e+00
-1.098934466583207037e+00
-2.378359089317399810e+00
-1.831317346858304829e+00
-5.535100627805170648e-01
-6.475534355212237969e-01
-6.779261480918643556e-01
-8.041148393258187310e-01
-5.101483201293511849e-01
6.444764810221764728e-01
-2.110294898080145920e+00
-1.512837201538934639e+00
-7.740131556245160027e-01
-5.381496433188268647e-01
-1.380214721697137659e+00
-3.708895064227526461e+00
-3.042030991130554529e+00
-6.099297574736658456e-01
-9.096533444830501303e-01
-1.423752567615424569e+00
-1.253440257474682129e+00
-2.470810810098681198e+00
-1.177920594210174476e+00
-1.610139443400455228e+00
-1.450704991757187701e+00
-3.961135262564725035e-01
-8.245527181492403601e-01
-6.563021193682949672e-01
-8.887841677918483230e-01
-4.814952400610034711e-01
8.432657120295833364e-01
-1.490750274511348339e+00
-1.355432253849971069e-01
-4.781078153124805330e-01
-1.805495145381203273e-02
-1.703743689420778695e+00
-2.414635591877191789e+00
-3.391819367975481114e+00
-2.960180123951611231e-01
-1.012833896197375960e+00
-1.361390153862903851e+00
-9.787062355360699462e-01
-2.579964853238964295e+00
-1.129865881793080007e+00
-1.675990069455286502e+00
-1.119325011637356981e+00
-5.577560234476310885e-01
-6.903803961067515038e-01
-6.687984041266075153e-01
-7.717575717812100722e-01
-6.329425260012317977e-01
4.588442338409256527e-01
-3.759633504596898046e+00
-1.341797279150751310e+00
-2.850659981747677429e-01
-1.507975575355497977e+00
-2.292269209891348414e+00
-4.608114461274249507e+00
-3.935883002677883713e+00
-7.265829944721835520e-01
-9.029255006242492554e-01
-1.433027186378468043e+00
-1.745186737729002235e+00
-3.168724492754394717e+00
-1.356248661218897977e+00
-2.153396919326246106e+00
-2.486480518165708364e+00
-1.274338598645167631e+00
-1.174168014301701257e+00
-7.003278731694972947e-01
-7.910416415141794388e-01
-5.213949068715373336e-01
6.130847980016459475e-01
-3.300616935894534087e+00
-1.415128187142274729e+00
-5.731320638500482234e-01
-1.116516123785888492e+00
-1.098878225538702180e+00
-2.980042108678179424e+00
-5.277518474071395183e+00
-8.088864371783024421e-01
-1.181257541701250524e+00
-1.996181402211021805e+00
-1.644147993372081284e+00
-4.069416630158116277e+00
-2.132025582870225033e+00
-2.442478409262884842e+00
-1.933972237019886631e+00
-1.713633689726420384e+00
-1.251891677887021714e+00
-6.535204835405636903e-01
-8.183597770729600374e-01
-6.160413514469359475e-01
6.914899949762373099e-01
-2.298125457874583777e+00
-4.626000461791444085e-01
-1.229022020965715889e+00
-7.608819797447926581e-01
-7.168952366774393736e-01
-2.428353368909991428e+00
-5.154100970220002687e+00
-8.354347279481707522e-01
-6.869824929443358874e-01
-1.083888710487480811e+00
-9.582236501703685905e-01
-2.575120363166768733e+00
-1.057895254922365691e+00
-2.129483529088060045e+00
-1.451182455689628226e+00
-1.300309686706018208e+00
-8.634387709724847815e-01
-6.704690628299707633e-01
-8.297673487430581307e-01
-5.639984346643552859e-01
4.503756903454287364e-01
-2.168284417827362809e+00
-7.510732846772908422e-01
-1.494480387978386615e-01
-6.172256567763217960e-01
-1.883677901854259096e+00
-2.804426027194078408e+00
-3.319026057930661189e+00
-6.002401607240001047e-01
-3.245286202712806545e-01
-1.207673852984703977e+00
-1.061936358820793957e+00
-2.897454205243334524e+00
-1.112806196672262882e+00
-1.792873885742292561e+00
-1.941338566576847446e+00
-9.445448931663285030e-01
-1.111971628702466797e+00
-7.418163922850836700e-01
-9.607266864470493939e-01
-5.162150277185266756e-01
7.158690968861097792e-01
-2.510662261529335026e+00
-9.383045738074385911e-01
-1.444233359938433381e+00
-3.641941973376390806e-01
-2.238813391396306418e+00
-3.334642003449958647e+00
-2.353003741405580218e+00
-6.401740832229239064e-01
-9.375993299928793157e-01
-1.362644494399672279e+00
-1.437954958909196002e+00
-2.999993541686416965e+00
-1.311757432438227955e+00
-1.934658239917019129e+00
-1.565067521575962406e+00
-1.177294227861645393e+00
-9.507880160179591478e-01
-6.322198450931122427e-01
-6.734640031759890899e-01
-6.307620429223069758e-01
4.688755830593542839e-01
-1.582389828951759947e+00
-1.758093107417452450e-01
-1.614823278795490535e-01
-1.263817670547292549e-01
-1.091066265155616666e+00
-3.389294088067112298e+00
-3.212137660319226207e+00
-2.676164653285057482e-01
-1.354601090492931759e-01
-9.394560922075411158e-01
-8.663610192222841455e-01
-1.974151153028082639e+00
-1.121161211985882922e+00
-1.205324199940981167e+00
-1.125089358009358831e+00
-7.702435067191724105e-01
-6.099485710345597944e-01
-6.810195912038304877e-01
-7.975285967955060284e-01
-5.126252906554091826e-01
4.166175527121959155e-01
-2.694428596131481335e+00
-2.115024607434851767e+00
-6.705866333329795204e-01
2.649076912171500695e-02
-3.543661656385466596e+00
-4.667301386527043405e+00
-2.842288230130507021e+00
-1.009093899022243113e+00
-2.726137998548602837e-01
-1.839177643885680391e+00
-1.543758237948705814e+00
-3.320288635965110036e+00
-1.513556834168500398e+00
-4.940896244688853578e+00
-8.669955663505841681e-01
-1.495553994332570857e+00
-1.695617452911911016e+00
-7.384928111441715348e-01
-8.615482809158160338e-01
-4.501727092687308196e-01
8.317611019562601848e-01
-3.157893295105134168e+00
-7.455495696276717155e-01
-1.856092026932615324e+00
-7.705157566947627990e-01
-4.225132404675952524e-01
-3.445915777601368024e+00
-3.025965534807275592e+00
-4.999688962704376682e-01
-8.813983996273757615e-01
-1.573428075375242319e+00
-1.601021054430332269e+00
-2.750739438126744485e+00
-1.648099811255340885e+00
-2.304728365309725913e+00
-2.261529658386154829e+00
-1.254277164564121083e+00
-1.320161714397455333e+00
-6.719771277424596567e-01
-6.705732604973263511e-01
-6.999862281956004129e-01
8.304992035904010805e-01
-2.413139897143357970e+00
-9.686540277320050407e-01
-7.439776532814406096e-01
-7.095741264685132554e-01
-1.280037462821776773e+00
-2.997941018811300484e+00
-3.040929350566949463e+00
-6.191017060829211438e-01
-6.621070326729028288e-01
-1.261489883904751252e+00
-1.238802513030667463e+00
-2.674875307835058447e+00
-1.507746606659924549e+00
-1.451933223731512790e+00
-1.856810884287728669e+00
-9.524790253088230019e-01
-8.965731175248969897e-01
-6.567585823560373459e-01
-8.627777103489421284e-01
-5.173794253593810843e-01
5.479085171334574511e-01
-2.168828585022628985e+00
-1.527024400161670181e+00
-4.347480647438993206e-01
-5.281454660089932585e-01
-1.861995722140173282e+00
-3.121319776252767575e+00
-6.317405950506151946e+00
-2.721601119648273115e-01
-6.819781463632654805e-01
-1.006054500701137888e+00
-1.164468883522356446e+00
-2.508277860536829440e+00
-1.214392404749803367e+00
-1.899759184506951026e+00
-1.259742259734123682e+00
-1.094590892164139628e+00
-1.136056670949588732e+00
-1.590696402338946380e-01
-1.984906874101258323e+00
