-6.548166584597882034e-01
-7.922941215949743654e-01
-6.021585604915680179e-01
6.276884725580628155e-01
-3.021354787170369427e+00
-2.231435513142097093e-01
3.364722366212128946e-01
-3.237322590910933773e+00
-6.522939750691251204e-01
-1.559974483589268379e+00
-1.640425167706772713e+00
-3.291942985842649882e+00
-3.134375054999085197e+00
-7.547801519267147707e-01
-5.203188358881222220e-01
-1.657229518005262303e+00
-1.306531967069189504e+00
-3.486716625118504886e+00
-1.535218999426388731e+00
-2.072837667225160718e+00
-1.374730779245237455e+00
-1.450363839883640926e+00
-1.222310820082752603e+00
