-6.808121177323294138e-01
-9.017879438126987779e-01
-5.228715316944148039e-01
8.309469160330614779e-01
-3.140859462520778411e+00
-2.231435513142096816e-01
3.364722366212128390e-01
-2.392650957464635741e+00
-2.623759134456863373e-01
-5.060632586307445280e-01
-1.346674005212242342e+00
-7.618302655119644662e+00
-1.086342454807455304e+01
-8.719690565585079822e-01
-1.949647054073823327e+00
-5.514019821347898587e-01
-1.205024959394988215e+00
-2.624269607742058419e+00
-1.438568006852814607e+00
-8.822072433425279803e-01
-1.910086230174916633e+00
-1.008645288069648371e+00
-8.750491283385644081e-01
