-7.057190496243571642e-01
-9.666203640409183340e-01
-5.077542665564739321e-01
6.703939180112440388e-01
-2.374079497419199658e+00
3.364722366212128390e-01
-1.489458538980019231e+00
-3.531894665466999150e-01
-6.327598815770461016e-01
-1.863873027853604203e-01
-2.656153993649787548e+00
-2.645846820280703948e+00
-1.089994141827081098e+00
-1.097683874390604331e+00
-2.869912938449513451e+00
-1.400923738761091331e+00
-2.068356767559267784e+00
-1.725609580030022405e+00
-1.085094831940477400e+00
-8.333967322367284991e-01
