112,-949.9044030936611,0.3255952380952381,0.18571428571428572,0.24345238095238095,0.24523809523809526,1.2,0.9,0.0,0.144,0.84,0.21599999999999997,0.21599999999999997,0.958511912157883,0,7.705297919925152,5.7846191762220585,0.16517158751224334,0,0.6486888279508349,0.4444174136555264,0.0,0,0.0,0.0,0.0,0.0,0.0,0.0,0.0,0.0,0.0,0.0,9.87630663370351,37.27639738613293,38.62953059349555,25.202970229820533
112,-897.5978255683921,0.24460011076743177,0.24528058154710966,0.18124230285561765,0.32887700482984095,1.5508482232279441,0.6283039818453805,0.0,0.057157741352206075,0.3712187666107958,0.08657553557842212,0.08657553557842212,0.3804609441536719,0,3.0883809917075093,2.318548626382573,0.06556135331776441,0,0.2600026977017707,0.1781281278129832,0.0,0,0.0,0.0,0.0,0.0,0.0,0.0,0.0,0.0,0.0,0.0,8.718580875491,27.1714285580953,37.304105542294195,22.956330761527315
112,-868.9147888975245,0.3315791222203829,0.18818929558288436,0.2219345569514306,0.2582970252453022,1.8881036395444408,0.479761930482459,0.0,0.0393995744286524,0.2849043544182106,0.08207986669116368,0.08207986669116368,0.262256676554267,0,2.9280084540886913,2.1981517168678506,0.04519229344227295,0,0.24650135426968403,0.16887834290776554,0.0,0,0.0,0.0,0.0,0.0,0.0,0.0,0.0,0.0,0.0,0.0,8.289482468040228,26.279605503436702,37.49309878868603,23.091703356393484
112,-852.9134102165378,0.35621371947761116,0.1744236414732459,0.22379443550102374,0.24556820354811923,2.3775809011501194,0.3486584736171295,0.0,0.024409957393009572,0.2300039451389387,0.09597359124263029,0.09597359124263029,0.16248079816990318,0,3.423634782266602,2.5702346125602626,0.027998829261872304,0,0.2882268352658072,0.19746451481149277,0.0,0,0.0,0.0,0.0,0.0,0.0,0.0,0.0,0.0,0.0,0.0,7.453281046601756,26.04420655999384,38.282545161790665,23.816095469999475
112,-840.759792927401,0.3179311000153916,0.1932783925106473,0.20847264422677292,0.28031786324718816,3.888776000995384,0.17407260672280786,0.0,3.059023205018258e-07,0.15966908130024177,0.15033308089154032,0.15033308089154032,2.036187626095407e-06,0,5.362783219858914,4.026016771045121,3.5087758264559464e-07,0,0.4514786576193119,0.3093085138735435,0.0,0,0.0,0.0,0.0,0.0,0.0,0.0,0.0,0.0,0.0,0.0,0.001167173527166278,25.881969926373042,46.59587292796379,32.043957324957816
112,-831.9166997815836,0.3322782399910475,0.18709070327857047,0.20975979067152814,0.270871266058854,4.285590185717954,0.14947157334700084,0.0,0.009059058442128905,0.17312653198524736,0.16406747354311843,0.16406747354311843,0.06030010715079854,0,5.852725752866506,4.393832655795501,0.010390965723976537,0,0.4927256348034265,0.33756686230106114,0.0,0,0.0,0.0,0.0,0.0,0.0,0.0,0.0,0.0,0.0,0.0,4.14301645352299,26.000086800994254,43.55059223956898,29.50268826074462
112,-1332.2476683557425,0.8420262010963551,0.02127217312182751,0.10920322340435898,0.027498402377458476,32.51086774906575,0.005599285169245417,0.0,3.041015615881388,3.4913400448555536,0.4503244289741654,0.4503244289741654,20.24201175611425,0,16.06427724938018,12.05997836743151,3.488120673087856,0,1.3524093797633352,0.926537120512039,0.0,0,0.0,0.0,0.0,0.0,0.0,0.0,0.0,0.0,0.0,0.0,365.9760282728266,235.03107119469448,84.02500807665669,84.3872023462219
112,-853.3908531027682,0.4164690630311372,0.15715784403089583,0.20490715194582373,0.2214659409921432,7.010511463477022,0.06731436428971656,0.0,0.14944878803996453,0.35911394258923307,0.20966515454926854,0.20966515454926854,0.9947808582907262,0,7.479317033468817,5.614967933292873,0.17142148314126185,0,0.6296640896606283,0.4313835449929267,0.0,0,0.0,0.0,0.0,0.0,0.0,0.0,0.0,0.0,0.0,0.0,18.799134686425283,34.63064713712085,43.868234421067,34.059291106652225
112,-829.3734197950093,0.3508914928869594,0.18035959118498263,0.20931390169451314,0.25943501423354476,4.826081563026409,0.12329508914210885,0.0,0.0323896159468225,0.20646053641119205,0.17407092046436956,0.17407092046436956,0.21559606052255761,0,6.209575469322053,4.66173140991119,0.03715169642255934,0,0.5227678767423839,0.35814883456209246,0.0,0,0.0,0.0,0.0,0.0,0.0,0.0,0.0,0.0,0.0,0.0,7.127073846713433,26.681018616619,42.43610213664883,29.324147805589845
112,-828.430703014041,0.33086485193514537,0.18523605232625048,0.2215619168370256,0.2623371789015785,4.973703316808738,0.11717743474060341,0.0,0.031027702686423145,0.2171037193399196,0.1694344593244023,0.1694344593244023,0.20653071272103982,0,6.044180495351666,4.537563993151639,0.03558954798315561,0,0.5088437075631016,0.34860937128274705,0.0,0,0.0,0.0,0.0,0.0,0.0,0.0,0.0,0.0,0.0,0.0,7.041134676893035,27.22411950087539,42.142645987880094,29.13842591215557
112,-827.9567212191769,0.3250829636036182,0.19067240361301227,0.21802872357792247,0.2662159092054471,5.066485983761876,0.113021572382706,0.0,0.02998025130417732,0.23069261969185767,0.16024743851008386,0.16024743851008386,0.1995585278093116,0,5.716454882523532,4.291529656231002,0.03438809515227064,0,0.4812533475427306,0.32970718596099297,0.0,0,0.0,0.0,0.0,0.0,0.0,0.0,0.0,0.0,0.0,0.0,7.035041423919674,27.84457290253932,41.63731802853144,28.71946663694711
112,-827.8329824371831,0.3259704194777893,0.19148548336863763,0.21623950686798696,0.2663045902855861,5.09737927236624,0.11100863043911989,0.0,0.030351119433519678,0.24215791102637882,0.15344143752642345,0.15344143752642345,0.2020271494746891,0,5.473666617604981,4.109260564548279,0.03481349013616768,0,0.46081364013012455,0.315703920430922,0.0,0,0.0,0.0,0.0,0.0,0.0,0.0,0.0,0.0,0.0,0.0,7.146951986715448,28.330207042134067,41.206602500476784,28.38099002898587
112,-827.8183482572467,0.3272364051486722,0.19028832952707167,0.21591591365634674,0.26655935166790945,5.084815804688528,0.11059343797068072,0.0,0.03100384235984104,0.2470916100289212,0.15177734311311478,0.15177734311311478,0.20637189044842227,0,5.4143039175057845,4.064695043926662,0.035562179594126955,0,0.4558160500626767,0.3122800661011014,0.0,0,0.0,0.0,0.0,0.0,0.0,0.0,0.0,0.0,0.0,0.0,7.226658167868186,28.52421810468153,41.05534806580053,28.304448847640593
112,-827.8168571196883,0.32760208344513286,0.19008954294254354,0.21590905061828858,0.266399322994035,5.073050294751421,0.11041993393359334,0.0,0.03133445525163588,0.24801769226691717,0.15167863910311402,0.15167863910311402,0.2085725598588273,0,5.41078288138103,4.062051686940456,0.03594140081766701,0,0.45551962326378115,0.3120769837823886,0.0,0,0.0,0.0,0.0,0.0,0.0,0.0,0.0,0.0,0.0,0.0,7.259986468329477,28.553934591042502,41.030438764637616,28.29345783616039
112,-827.8157738721667,0.32776246833633027,0.19003152090725253,0.2159112248967111,0.26629478585970606,5.054988778812381,0.11021415007471541,0.0,0.03165812201140482,0.24834165427338328,0.15170244855749013,0.15170244855749013,0.21072699350332777,0,5.4116322283221345,4.062689319469897,0.036312654654722415,0,0.455591127555695,0.31212597144967735,0.0,0,0.0,0.0,0.0,0.0,0.0,0.0,0.0,0.0,0.0,0.0,7.292341090264969,28.558154667418062,41.01516291141941,28.285326380529952
112,-827.8144837725981,0.3277339152900346,0.19004223371704632,0.21593281017940527,0.26629104081351385,5.024988194108488,0.10987946181696576,0.0,0.031972387787735694,0.24797132122955026,0.15165922714936206,0.15165922714936206,0.21281885107413812,0,5.410090405052943,4.061531822311189,0.03667312532956504,0,0.45546132549744967,0.3120370439199791,0.0,0,0.0,0.0,0.0,0.0,0.0,0.0,0.0,0.0,0.0,0.0,7.326440278044064,28.534548109268066,40.999179917273736,28.270340546252907
112,-827.8135257611541,0.32751707711375166,0.19017250170913394,0.21585737262736648,0.2664530485497479,4.990680671199909,0.10954199542985871,0.0,0.03206460390745983,0.24689027312322923,0.1515229260159175,0.1515229260159175,0.21343267224947532,0,5.405228178941767,4.05788159013404,0.03677889951629459,0,0.45505198743030834,0.31175660596996174,0.0,0,0.0,0.0,0.0,0.0,0.0,0.0,0.0,0.0,0.0,0.0,7.340795194175439,28.486769521035004,40.99089347559185,28.252729816407175
112,-827.8134749054395,0.32744245742995837,0.19016095621253643,0.2160581959004543,0.26633839045705093,4.979791763314501,0.10957127085404,0.0,0.03195664317702942,0.24635907926252829,0.1514276191186475,0.1514276191186475,0.21271404970667804,0,5.401828326917282,4.055329210015641,0.03665506586883506,0,0.45476576280305975,0.31156051317001604,0.0,0,0.0,0.0,0.0,0.0,0.0,0.0,0.0,0.0,0.0,0.0,7.332088904457331,28.46568447593028,40.99161563782924,28.243782257022715
112,-827.8134034969257,0.3273460124729532,0.19025808192479096,0.21587785719768857,0.2665180484045673,4.980120102369851,0.10951692384638234,0.0,0.031940101049376314,0.2464290011527815,0.15149295181944847,0.15149295181944847,0.21260393980106734,0,5.4041589191561,4.057078861839195,0.0366360916362983,0,0.4549619692526405,0.31169493441963225,0.0,0,0.0,0.0,0.0,0.0,0.0,0.0,0.0,0.0,0.0,0.0,7.329549513487279,28.46887259569403,40.99561347701432,28.24964038067028
112,-827.8133948334935,0.3273591831058061,0.19024343201825714,0.21589772120492762,0.26649966367100913,4.981577753786621,0.1095176603794947,0.0,0.03192687304780272,0.2465247255191841,0.15150038216868447,0.15150038216868447,0.21251588982132893,0,5.404423979593658,4.057277851379364,0.03662091878894049,0,0.45498428399586816,0.3117102222742157,0.0,0,0.0,0.0,0.0,0.0,0.0,0.0,0.0,0.0,0.0,0.0,7.327815966143839,28.47320331075501,40.996329571549474,28.251000178538668
112,-827.8133854294642,0.32739841114416224,0.19022868195495424,0.21589650904797142,0.2664763978529121,4.980685276395914,0.10948998596535178,0.0,0.03188799228196295,0.2466108568049721,0.15152564922481193,0.15152564922481193,0.21225708650736197,0,5.405325323089128,4.057954519422891,0.036576321581874884,0,0.45506016574135466,0.31176220893965484,0.0,0,0.0,0.0,0.0,0.0,0.0,0.0,0.0,0.0,0.0,0.0,7.32312972509474,28.47726331992369,40.999390680395635,28.253747110551586
112,-827.8133839668019,0.32737943447558915,0.19022787376800604,0.21590512603168163,0.26648756572472315,4.979620424529894,0.10946824997388702,0.0,0.031875174138230815,0.24666152376922448,0.15152968421814544,0.15152968421814544,0.21217176467778556,0,5.405469262097182,4.058062579144247,0.03656161885167213,0,0.45507228358902274,0.31177051089012425,0.0,0,0.0,0.0,0.0,0.0,0.0,0.0,0.0,0.0,0.0,0.0,7.3216324730895685,28.479497762751475,40.99980078837702,28.2544981020244
