-7.176988023339494482e-01
-7.058450203210600016e-01
-5.672972850388936505e-01
6.395676889548383981e-01
-2.446984196601916572e+00
3.364722366212128390e-01
-2.022146436709356454e+00
-5.739070896366225139e-01
-9.772495912139351759e-01
-2.019722387553159582e+00
-3.137689653756265074e+00
-4.053430795081144566e+00
-6.508298780646718518e-01
-1.033224554759904767e-01
-1.066209484037234922e+00
-1.405080639194141945e+00
-1.067413833950874746e+00
-6.875327814966497586e-01
-1.779899917231005935e+00
-1.757478909080538942e+00
