-7.465450742692382180e-01
-7.644432771313349750e-01
-5.853261848295089331e-01
6.447217396526694344e-01
-2.737440680865319553e+00
3.364722366212128946e-01
-2.352406200131348157e+00
-2.855819940530798240e-01
-1.105676154647407428e+00
-2.216269813515344467e+00
-3.351708118027874495e+00
-3.063216535212761826e+00
-5.756735677446949140e-01
-5.787689529400256161e-01
-1.567447412559827224e+00
-1.299438835664753267e+00
-2.789291899324010338e+00
-1.317895068001641246e+00
-1.905473919129485605e+00
-1.653476260389618258e+00
-1.026624956270243194e+00
-9.923729216837875455e-01
