133,-1070.4656572997428,0.30776942355889725,0.19849624060150375,0.2370927318295739,0.2566416040100251,1.2,0.9,0.0,0.14399999999999996,0.84,0.21600000000000003,0.21600000000000003,1.8293735812249672,0,8.904662313571842,7.93723183234439,1.2133850177972518,0,3.097653160538003,3.0964144204325614,0.0,0,0.0,0.0,0.0,0.0,0.0,0.0,0.0,0.0,0.0,0.0,26.755081501851695,43.803734827225085,22.96804854965198,18.567411764911355
133,-992.2964671711629,0.23641608799645805,0.2513482001871544,0.18084649452145082,0.33138921729493676,1.484563953843754,0.6844375264222337,0.0,0.06013422072390575,0.35096592886918204,0.07890135259591219,0.07890135259591219,0.7639441299990565,0,3.252731022919736,2.8993441085152907,0.5067080728006963,0,1.1315232603678274,1.1310707683778545,0.0,0,0.0,0.0,0.0,0.0,0.0,0.0,0.0,0.0,0.0,0.0,26.148247166292258,31.03333470269137,20.621405174889016,16.287201217815568
133,-967.1128993177977,0.3196085161745561,0.19323654191962913,0.22648555661405678,0.26066938529175804,1.7965378267855538,0.5380473631652698,0.0,0.053165890244771204,0.26578913176415087,0.058257318322424215,0.058257318322424215,0.6754185766395185,0,2.401674754423376,2.140749265998914,0.44799093528373934,0,0.8354674362311382,0.8351333358763166,0.0,0,0.0,0.0,0.0,0.0,0.0,0.0,0.0,0.0,0.0,0.0,26.481818404026107,29.661513654322533,20.433708810849634,16.011236514465082
133,-954.6731114982786,0.3205201852471281,0.1937521198765861,0.21883522580664116,0.2668924690696446,2.1390393728111614,0.4318441162682659,0.0,0.05377698908536283,0.22615253898533014,0.05328703651611386,0.05328703651611386,0.6831819660457376,0,2.196773453087804,1.9581090855879482,0.45314022818351124,0,0.7641886901844632,0.7638830939380158,0.0,0,0.0,0.0,0.0,0.0,0.0,0.0,0.0,0.0,0.0,0.0,26.89856598332498,29.05577195852085,20.437415610079277,15.959570753725986
133,-927.3568313257215,0.24806870606213793,0.20471076928855095,0.2638534965126393,0.2833670281366718,4.904443161547622,0.14696046487745387,0.0,0.07833492817819064,0.12982364881429473,0.051488720636104095,0.051488720636104095,0.9951656117801198,0,2.1226373621404857,1.8920273724054297,0.6600724182058356,0,0.7383990657892876,0.7381037827187792,0.0,0,0.0,0.0,0.0,0.0,0.0,0.0,0.0,0.0,0.0,0.0,30.48202686240346,27.163401256222485,20.696924861089485,16.084485628407265
133,-931.2451364608066,0.3696704926868612,0.206824203590313,0.12515417427630487,0.298351129446521,6.505182884141121,0.10172319946233715,0.0,0.10021849879385987,0.15707895114229628,0.05686045234843643,0.05686045234843643,1.2731741253021773,0,2.3440885516655987,2.0894194091736615,0.8444696176569553,0,0.8154349996609009,0.8151089102037826,0.0,0,0.0,0.0,0.0,0.0,0.0,0.0,0.0,0.0,0.0,0.0,33.20818972017378,27.97195640662463,20.88259421358471,16.605641175345585
133,-918.4739540270994,0.30139750433745327,0.20580027892274616,0.20210604981403868,0.2906961669257619,5.629507489340781,0.122801707473863,0.0,0.08843593145201872,0.14248028067469434,0.05404434922267565,0.05404434922267565,1.1234885877037863,0,2.227993887892016,1.985937634298879,0.7451863490196133,0,0.7750493017538924,0.7747393623888247,0.0,0,0.0,0.0,0.0,0.0,0.0,0.0,0.0,0.0,0.0,0.0,31.55655489404648,27.429775133620552,20.77408503944835,16.263687658401285
133,-915.1411153239744,0.31485946046311675,0.1981793050534484,0.20346862776758015,0.2834926067158547,6.006165173927792,0.11285909291790777,0.0,0.10470139853789465,0.16607307552697656,0.06137167698908192,0.06137167698908192,1.3301248083509092,0,2.530065088913805,2.255190871306012,0.8822438078354201,0,0.8801304129293843,0.8797784520144557,0.0,0,0.0,0.0,0.0,0.0,0.0,0.0,0.0,0.0,0.0,0.0,32.73328146656287,28.199571216685946,20.967575076737,16.482479358949266
133,-913.3856684076547,0.3034664227499115,0.19719541293195667,0.21949211678891628,0.27984604752921555,6.592660800980786,0.100032000880904,0.0,0.13355509303844548,0.2075988014550101,0.07404370841656466,0.07404370841656466,1.6966816586289915,0,3.0524732402503956,2.7208429603184405,1.1253732565511656,0,1.0618598490487305,1.0614352152007156,0.0,0,0.0,0.0,0.0,0.0,0.0,0.0,0.0,0.0,0.0,0.0,35.04818230205153,29.883729741397595,21.334196495808825,16.902112229522622
133,-913.2186693712077,0.30558427507133273,0.2001919827951796,0.21542716542917176,0.2787965767043159,6.754592228527653,0.09707111563655224,0.0,0.13067093571738578,0.21052759941269567,0.07149810781653783,0.07149810781653783,1.6600413724675802,0,2.9475301211371328,2.627301191267663,1.101070525423776,0,1.0253534243073392,1.0249433892443043,0.0,0,0.0,0.0,0.0,0.0,0.0,0.0,0.0,0.0,0.0,0.0,34.843231612670195,30.159252964614005,21.260227884919452,16.831637890004544
133,-913.142915368288,0.3052408813811157,0.20090715220242575,0.215272422181829,0.27857954423462955,6.960229777765115,0.09358416746038026,0.0,0.1285053777742807,0.21635153748791877,0.06934841543551024,0.06934841543551024,1.6325301607333558,0,2.858908432567184,2.5483076412841426,1.082822917345057,0,0.9945247141301421,0.9941270073549161,0.0,0,0.0,0.0,0.0,0.0,0.0,0.0,0.0,0.0,0.0,0.0,34.684112629204435,30.594316318224003,21.20871281995371,16.767334549512572
133,-913.1213386974398,0.3046852692778462,0.19935779832767078,0.21583062906533013,0.28012630332915284,7.054380255465508,0.09228158757583567,0.0,0.12714085902529113,0.22297353194339803,0.06887805653480829,0.06887805653480829,1.6151953374660803,0,2.8395177511924907,2.5310236244356332,1.0713250936886167,0,0.9877793033183524,0.9873842940080999,0.0,0,0.0,0.0,0.0,0.0,0.0,0.0,0.0,0.0,0.0,0.0,34.5303679689909,31.007649568932358,21.210784459178313,16.75391938272729
133,-913.1168780088401,0.3043339794782566,0.20000390556296735,0.21668411553369005,0.27897799942508605,7.089977709406806,0.09195757310009535,0.0,0.12641715336637596,0.2257525226753644,0.0691577373192773,0.0691577373192773,1.6060013929313415,0,2.851047672216988,2.5413008986272185,1.0652269436620698,0,0.9917902017718346,0.991393588518043,0.0,0,0.0,0.0,0.0,0.0,0.0,0.0,0.0,0.0,0.0,0.0,34.42809330628515,31.178056642092898,21.22673147793636,16.76347913702336
133,-913.1153320040822,0.30430883822173016,0.19983816450013211,0.21666318681242022,0.27918981046571745,7.089395605971697,0.0921233365191818,0.0,0.12593126874675112,0.22572619514649858,0.06938234508361704,0.06938234508361704,1.5998287228850552,0,2.860307192098709,2.549554435186983,1.0611327414549108,0,0.9950112987676143,0.9946133974089815,0.0,0,0.0,0.0,0.0,0.0,0.0,0.0,0.0,0.0,0.0,0.0,34.37461188391614,31.18145622027818,21.23791322699453,16.772646725929143
133,-913.1143060961317,0.3046041237555335,0.19961938806192078,0.21655730450222635,0.2792191836803194,7.107334210697057,0.0922204671569989,0.0,0.12510295491642387,0.22500102438826772,0.06971215693977251,0.06971215693977251,1.5893058378978056,0,2.873903781015731,2.5616738479803245,1.0541531331788458,0,0.9997411262611461,0.9993413334618955,0.0,0,0.0,0.0,0.0,0.0,0.0,0.0,0.0,0.0,0.0,0.0,34.29623214273259,31.15736964198474,21.25646458043657,16.788027356464003
133,-913.1150097824819,0.3040282674306182,0.2001728965938755,0.2160765994304594,0.2797222365450469,7.112860179237795,0.09235936212066169,0.0,0.12512739277115062,0.22553883806251435,0.06991143939095097,0.06991143939095097,1.5896162959937705,0,2.8821192575563104,2.568996769346627,1.054359053503794,0,1.0025990332737977,1.0021980976080442,0.0,0,0.0,0.0,0.0,0.0,0.0,0.0,0.0,0.0,0.0,0.0,34.29189825477689,31.183928358957328,21.26201343509716,16.79697644839057
133,-913.114235549066,0.3044706138903687,0.19974765305248351,0.2164458421595173,0.2793358908976305,7.108614070203467,0.09225262737154963,0.0,0.12510864438038727,0.22512552366753869,0.0697582755520984,0.0697582755520984,1.5893781167524303,0,2.8758050341135672,2.5633685429702164,1.0542010742228216,0,1.0004025126742524,1.0000024553890077,0.0,0,0.0,0.0,0.0,0.0,0.0,0.0,0.0,0.0,0.0,0.0,34.2952348990865,31.163519390017793,21.25774676298159,16.790098549075342
133,-913.1142255339491,0.30446741338272404,0.19976273743889408,0.21644447252823723,0.2793253766501446,7.10893969080204,0.09225848399520309,0.0,0.1251371409426507,0.22511296390262184,0.06974572844074953,0.06974572844074953,1.5897401366007669,0,2.8752877758285096,2.5629074812498356,1.0544411943735796,0,1.0002225747153382,0.9998225893866214,0.0,0,0.0,0.0,0.0,0.0,0.0,0.0,0.0,0.0,0.0,0.0,34.29827957418558,31.162345564222335,21.257052924075463,16.789543207793745
133,-913.1141668078321,0.30446281041519924,0.199792605659283,0.2164473741526099,0.27929720977290784,7.11572913612238,0.09233796102721233,0.0,0.12521014982923304,0.22507506966411953,0.06971164640540348,0.06971164640540348,1.5906676402695752,0,2.8738827340890842,2.5616550876578925,1.0550563880481982,0,0.9997338046944712,0.999334014823088,0.0,0,0.0,0.0,0.0,0.0,0.0,0.0,0.0,0.0,0.0,0.0,34.306046499117194,31.158935739495774,21.25528972400315,16.78795995612679
133,-913.1141129803141,0.3045235837219823,0.19977886288813393,0.21642424551343797,0.2792733078764458,7.130953834124161,0.09248105085627935,0.0,0.12525748720989552,0.22514112620990195,0.06970305134054833,0.06970305134054833,1.591269013558383,0,2.8735284000608514,2.5613392495913674,1.055455266301515,0,0.9996105429823713,0.9992108024028935,0.0,0,0.0,0.0,0.0,0.0,0.0,0.0,0.0,0.0,0.0,0.0,34.31045089623849,31.16175659437156,21.2549696379648,16.78743999557613
133,-913.1141950977444,0.3042911317251334,0.19975086435475273,0.21660955940520174,0.2793484445149122,7.141186873581895,0.0926469813134172,0.0,0.12518019228246496,0.22479985823177787,0.06969091379514501,0.06969091379514501,1.5902870600986319,0,2.8730280262500543,2.560893237962934,1.0548039572258485,0,0.9994364786032983,0.9990368076315255,0.0,0,0.0,0.0,0.0,0.0,0.0,0.0,0.0,0.0,0.0,0.0,34.30452946988413,31.143915468993136,21.25491185987761,16.78657288498032
133,-913.1141046450932,0.304469450135614,0.19977234446039083,0.21646740437825704,0.2792908010257381,7.133334903431063,0.09251965498325451,0.0,0.12523948850780903,0.22506163896152875,0.06970022537935451,0.06970022537935451,1.5910403583494013,0,2.873411898995378,2.56123540556755,1.0553036041108792,0,0.9995700159100398,0.9991702915371892,0.0,0,0.0,0.0,0.0,0.0,0.0,0.0,0.0,0.0,0.0,0.0,34.30907122911051,31.1575995562306,21.254956179532975,16.78723800607449
133,-913.1141010837152,0.30448479514007637,0.19975626061459498,0.21646166349380697,0.2792972807515217,7.135620659374446,0.09252740323662889,0.0,0.12521031181395276,0.2250806659816533,0.0697103559789627,0.0697103559789627,1.5906696981207336,0,2.87382953588679,2.5616076690753786,1.0550577529775873,0,0.9997152987058475,0.9993155162349412,0.0,0,0.0,0.0,0.0,0.0,0.0,0.0,0.0,0.0,0.0,0.0,34.30615158685902,31.159334821689416,21.25563888365454,16.787736044354407
133,-913.1141007218994,0.30448756017104267,0.19974804041247154,0.2164625537159332,0.27930184570055255,7.136020149717353,0.09252380753342292,0.0,0.1252022300480598,0.22508629746415568,0.06971788593270667,0.06971788593270667,1.5905670275025794,0,2.874139960402192,2.5618843680964556,1.054989653716116,0,0.9998232856735035,0.9994234600190061,0.0,0,0.0,0.0,0.0,0.0,0.0,0.0,0.0,0.0,0.0,0.0,34.305348509756385,31.15988857943521,21.256030581113954,16.788074553829176
