107,-1013.9870754005033,0.3090342679127726,0.22180685358255453,0.22429906542056072,0.24485981308411214,1.2,0.9,1.0,0.0,0.144,0.84,0.21599999999999997,0.21599999999999997,1.3031455907420635,0,7.594322708568369,5.618315214130374,2.5134725167678256,0,6.819936946484669,7.055361223565916,0.0,0,0.0,0.0,0.0,0.0,0.0,0.0,0.0,0.0,0.0,0.0,34.955829974533906,43.652520279371494,33.48011740893824,27.69548350380504
107,-983.8872383656222,0.2168494509384326,0.2718127774667658,0.15557149830338846,0.3557662732914131,1.6919800579890791,0.5570945088883805,0.9953434071936359,0.0,0.07517332032268108,0.42550028292711706,0.09061137060428981,0.09061137060428981,0.6802901452773792,0,3.1857962473826973,2.3568668612929966,1.312125518230855,0,2.860943676647273,2.959703474887347,0.0,0,0.0,0.0,0.0,0.0,0.0,0.0,0.0,0.0,0.0,0.0,35.05053884702589,33.64842097930825,30.96665398300492,25.512073167654876
107,-954.2109878728947,0.28606634107953655,0.22560440158202597,0.19209339056499725,0.2962358667734402,1.958043506000921,0.45188171227592316,0.9910283356271067,0.0,0.08957445447007711,0.39063367614409966,0.09511194253063515,0.09511194253063515,0.8106149679569912,0,3.3440314121132055,2.473929971135932,1.5634925660764565,0,3.003043754243543,3.1067088482808947,0.0,0,0.0,0.0,0.0,0.0,0.0,0.0,0.0,0.0,0.0,0.0,36.11189400579938,33.14612289483757,30.89569962046031,25.740801809641503
107,-934.2482486617245,0.34761412864751245,0.18826777030359887,0.21944574900645633,0.24467235204243232,2.6696847211231303,0.290574328645628,0.9792592374795563,0.0,0.13334372829367272,0.31783064130024,0.12112701321593297,0.12112701321593297,1.2067103581875511,0,4.258692717994541,3.150600653672441,2.3274708079826576,0,3.8244379289290653,3.9564575563428233,0.0,0,0.0,0.0,0.0,0.0,0.0,0.0,0.0,0.0,0.0,0.0,39.798256444061565,31.63197431332013,31.23483148243951,26.898924898320395
107,-922.9430109845841,0.3164455930640452,0.2111926664058379,0.20212507579613215,0.2702366647339848,3.429226665159325,0.203295290257041,0.9668836513295113,0.0,0.15513417264663865,0.2821640665141392,0.12702989386750058,0.12702989386750058,1.4039056462353139,0,4.466231516967545,3.304138821134932,2.707815828880842,0,4.0108141967360815,4.149267534381748,0.0,0,0.0,0.0,0.0,0.0,0.0,0.0,0.0,0.0,0.0,0.0,42.972535472358985,30.947956364899674,31.400314766667574,27.57815325003489
107,-921.0193608421871,0.29624524563546156,0.22304225812662207,0.20117077172737585,0.2795417245105405,3.656561907703382,0.1844052080611245,0.9565600266478911,0.0,0.1716964961897958,0.30479822018186425,0.13310172399206843,0.13310172399206843,1.5537884163582911,0,4.67971039380817,3.462071485794537,2.996905724988774,0,4.202524838399595,4.3475960289046895,0.0,0,0.0,0.0,0.0,0.0,0.0,0.0,0.0,0.0,0.0,0.0,44.51844740055757,31.804088186450805,31.54686009093095,27.84765781700756
107,-920.2217389481378,0.28985721717249197,0.2292433307547765,0.19816076761112192,0.2827386844616096,3.866030404408764,0.16816338787323457,0.9406617573123315,0.0,0.19508306042386805,0.33519146964400776,0.1401084092201397,0.1401084092201397,1.765427986248828,0,4.926057749082856,3.644320403468127,3.4051104920996487,0,4.423752391451964,4.576460358829996,0.0,0,0.0,0.0,0.0,0.0,0.0,0.0,0.0,0.0,0.0,0.0,46.76892008880138,33.00256417707122,31.682737676273995,28.231300988845252
107,-919.9844507811932,0.2881836468804403,0.2265092430766696,0.2034158532118561,0.28189125683103405,3.951975371379929,0.1593994743184013,0.9163730757100815,0.0,0.20914718885072534,0.34627674986895124,0.13712956101822593,0.13712956101822593,1.8927030344925029,0,4.821324718781136,3.5668384211838813,3.6505952162190853,0,4.329698887238069,4.47916012691022,0.0,0,0.0,0.0,0.0,0.0,0.0,0.0,0.0,0.0,0.0,0.0,48.27290573626924,33.493162232009546,31.49452555831598,28.171237625127407
107,-919.9154865094206,0.29719950275369134,0.2256150895007393,0.19737652100512448,0.2798088867404449,3.9474838884075885,0.15543429329477246,0.8849793067471828,0.0,0.22023768936480745,0.35463707219754853,0.13439938283274108,0.13439938283274108,1.9930678736872856,0,4.725334653075276,3.4958245247172313,3.8441762456589803,0,4.243496835952539,4.389982380135705,0.0,0,0.0,0.0,0.0,0.0,0.0,0.0,0.0,0.0,0.0,0.0,49.46279669821397,33.829365213486675,31.288789843205596,28.142964537244435
107,-919.861497967894,0.2944167360006793,0.22504366565024073,0.20115366085606456,0.2793859374930154,3.9132614148229545,0.15701275284335142,0.8803815237944452,0.0,0.21829183810543315,0.3521265394629809,0.13383470135754777,0.13383470135754777,1.975458655014414,0,4.705481072750422,3.4811367537764157,3.810212053560679,0,4.225667706065194,4.371537788544293,0.0,0,0.0,0.0,0.0,0.0,0.0,0.0,0.0,0.0,0.0,0.0,49.19338867625483,33.69056875378941,31.2805903529285,28.07527688725166
107,-919.826399605188,0.2932645442076879,0.22499979575260623,0.2025730859047816,0.27916257413492424,3.8665051906010883,0.15832523885153288,0.8658016847917889,0.0,0.21751307689271088,0.35059707683824726,0.1330839999455364,0.1330839999455364,1.9684111602880252,0,4.679087235803236,3.461610470608024,3.796619033384969,0,4.201965223215405,4.347017095799936,0.0,0,0.0,0.0,0.0,0.0,0.0,0.0,0.0,0.0,0.0,0.0,49.04308889614734,33.586139153644396,31.246398810361367,28.01247217955116
107,-919.7328602379097,0.2910265300701796,0.2254091347759204,0.20426849980933087,0.27929583534456914,3.743734332313295,0.16026889787036822,0.8092794437647107,0.0,0.21708335122332495,0.34848299355688955,0.1313996423335646,0.1313996423335646,1.9645223053485186,0,4.619867072553479,3.4177991187683134,3.789118313525586,0,4.148783682896057,4.291999728290103,0.0,0,0.0,0.0,0.0,0.0,0.0,0.0,0.0,0.0,0.0,0.0,48.824923307774,33.40715607418014,31.14931040010853,27.880053982865757
107,-919.5716343668341,0.28867998500917613,0.22600688581881226,0.20523745177164537,0.2800756774003663,3.5797583839838025,0.16047443081121715,0.7024623425481177,0.0,0.21749095736101362,0.347728860445006,0.13023790308399244,0.13023790308399244,1.9682109868838547,0,4.579021596792085,3.387581446079778,3.796232944252991,0,4.112103180903749,4.2540530150802605,0.0,0,0.0,0.0,0.0,0.0,0.0,0.0,0.0,0.0,0.0,0.0,48.637468768154335,33.29027575792059,31.04600375586365,27.768555034683082
107,-919.2226198217065,0.2861155691917091,0.22728268599672705,0.20597407032121573,0.2806276744903481,3.3661013519371514,0.15561291029575947,0.4978251288219369,0.0,0.2168906843706537,0.34690715766806784,0.13001647329741411,0.13001647329741411,1.962778743129486,0,4.571236368752431,3.3818218982149877,3.7857553771430767,0,4.105111805058667,4.246820296885968,0.0,0,0.0,0.0,0.0,0.0,0.0,0.0,0.0,0.0,0.0,0.0,48.33386496499861,33.24790413943271,30.96146350118478,27.699887800502186
107,-918.7502910076438,0.2865105128339689,0.21947100408173434,0.2084874759646367,0.28553100711966006,3.2538940420442075,0.15028528854705567,0.2658202198943694,0.0,0.2115573885742232,0.34601727869937077,0.13445989012514756,0.13445989012514756,1.9145144313153084,0,4.727462023004704,3.497398362872292,3.6926644576422336,0,4.245407280022051,4.391958772749536,0.0,0,0.0,0.0,0.0,0.0,0.0,0.0,0.0,0.0,0.0,0.0,47.686821760337125,33.3390853298288,31.05474067440207,27.89629457983781
107,-918.244809557771,0.28632853351651155,0.2306523482614928,0.20417268184872212,0.27884643637327344,3.304515367569708,0.13741346999217838,0.11209760744163129,0.0,0.21181802954523463,0.34734744909477877,0.13552941954954414,0.13552941954954414,1.9168731336218379,0,4.765065502612005,3.525217591747512,3.6972138598462676,0,4.279176369081286,4.426893571028937,0.0,0,0.0,0.0,0.0,0.0,0.0,0.0,0.0,0.0,0.0,0.0,47.95666538889683,33.6589500952633,31.136488875739474,27.986289428455983
107,-918.0089794553425,0.29096053273134204,0.22656154681375176,0.20160107225995294,0.2808768481949533,3.437709727491447,0.1373367889658564,0.07863522765116875,0.0,0.21177894709756537,0.3492552595047549,0.1374763124071895,0.1374763124071895,1.916519452237424,0,4.833516116685921,3.5758576739808015,3.6965316886094293,0,4.340647140056761,4.490486313502402,0.0,0,0.0,0.0,0.0,0.0,0.0,0.0,0.0,0.0,0.0,0.0,48.07208895918618,33.84564564778008,31.195266063301656,28.148511400957755
107,-917.8677012666129,0.29527697274653775,0.2243998700205232,0.19929424365107853,0.28102891358186055,3.6118593015219775,0.13970994510292178,0.05161740741325231,0.0,0.21290919398058128,0.3519087383407534,0.13899954436017214,0.13899954436017214,1.9267477594738973,0,4.887071278773666,3.615478031647894,3.716259775259589,0,4.388741333918856,4.540240719315228,0.0,0,0.0,0.0,0.0,0.0,0.0,0.0,0.0,0.0,0.0,0.0,48.25743630538182,34.02927880294008,31.236820378255874,28.264838409374214
107,-917.7905353058148,0.2951534973335009,0.22458781911214618,0.1983655214559006,0.2818931620984523,3.717637867561015,0.14311207064833137,0.037131259255604974,0.0,0.2143440312152409,0.35343483010692034,0.13909079889167944,0.13909079889167944,1.9397324943056975,0,4.890279687851841,3.617851627586439,3.741304386060645,0,4.391622584617748,4.543221430810927,0.0,0,0.0,0.0,0.0,0.0,0.0,0.0,0.0,0.0,0.0,0.0,48.385594086886925,34.07986835687531,31.219663651537193,28.270239340222272
107,-918.0111177109466,0.30578267429415773,0.22174176993295058,0.20578635917421095,0.26668919659868073,3.84783945014044,0.15353592561936177,0.014853273624473699,0.0,0.2198398094614224,0.35526225736746453,0.13542244790604216,0.13542244790604216,1.9894672108974167,0,4.7613044971424685,3.5224351824319204,3.8372313831441707,0,4.275798869712094,4.423399480354932,0.0,0,0.0,0.0,0.0,0.0,0.0,0.0,0.0,0.0,0.0,0.0,48.67838860454914,34.046260530730486,31.042425441467973,28.014534586439208
107,-917.7601828985597,0.297863874825562,0.22390470446408975,0.20025685938104984,0.27797456132929843,3.7508503587184183,0.14573551212526803,0.029304083580579284,0.0,0.21577250869138218,0.35390608723577266,0.1381335785443905,0.1381335785443905,1.952659675725891,0,4.856624872016099,3.5929536385102887,3.76623798937386,0,4.361399517893662,4.511955063585601,0.0,0,0.0,0.0,0.0,0.0,0.0,0.0,0.0,0.0,0.0,0.0,48.465708561828535,34.07228599572982,31.171724481260103,28.20390086511596
107,-917.691332217493,0.2944017325061948,0.22535359364199634,0.2004356451357608,0.2798090287160481,3.8076097878115274,0.14975679605834502,0.01856058194055215,0.0,0.21704241740893854,0.354375453831955,0.13733303642301647,0.13733303642301647,1.9641518697948386,0,4.828478690481302,3.5721309626766407,3.788403827293178,0,4.336123375343773,4.4858063883959085,0.0,0,0.0,0.0,0.0,0.0,0.0,0.0,0.0,0.0,0.0,0.0,48.5213922700322,34.02516214901009,31.119309140554364,28.14119197082582
107,-917.6662236567739,0.29236763229740614,0.22610156170944812,0.20122509112431863,0.2803057148688271,3.7896900431329525,0.1510287859581961,0.012673703313737085,0.0,0.21698418506820938,0.35341660774819894,0.13643242267998956,0.13643242267998956,1.963624889113868,0,4.7968141006650145,3.5487053520539416,3.7873874009875546,0,4.307687593211453,4.456389002840526,0.0,0,0.0,0.0,0.0,0.0,0.0,0.0,0.0,0.0,0.0,0.0,48.471580917841194,33.94400923497939,31.08048926164142,28.081251274578477
107,-917.6516964326355,0.2915759270533924,0.226369272398176,0.201632304698291,0.2804224958501406,3.7503100282266635,0.15106148387504167,0.00840015592791548,0.0,0.21639621044159638,0.35220028627476857,0.13580407583317217,0.13580407583317217,1.9583039409045697,0,4.774722115814817,3.53236159904827,3.7771244977615224,0,4.2878483067493365,4.435864864053556,0.0,0,0.0,0.0,0.0,0.0,0.0,0.0,0.0,0.0,0.0,0.0,48.391099802506425,33.872061419115454,31.057306537517597,28.04356936182831
107,-917.6398213727463,0.29160974179334304,0.22633439525404014,0.20164152019017834,0.2804143427624385,3.7136204186314523,0.15054853434932094,0.004929126290669241,0.0,0.21560562877257222,0.351358492152587,0.13575286338001485,0.13575286338001485,1.9511494755149146,0,4.7729215422223445,3.5310295263412024,3.7633251554187956,0,4.286231335909486,4.434192075367585,0.0,0,0.0,0.0,0.0,0.0,0.0,0.0,0.0,0.0,0.0,0.0,48.304468958983556,33.832405590049554,31.05760592043805,28.037604515804233
107,-917.6454241777515,0.29026689602141503,0.22537218424821218,0.20405123882436452,0.28030968090600833,3.7465424424982445,0.14707432265403933,0.0020917523265603162,0.0,0.21617177660951167,0.3536525008181573,0.13748072420864563,0.13748072420864563,1.9562728995247465,0,4.833671230778439,3.575972428106925,3.7732070792283436,0,4.340786437314868,4.490630419302955,0.0,0,0.0,0.0,0.0,0.0,0.0,0.0,0.0,0.0,0.0,0.0,48.428038524981666,34.007197966897216,31.140835605604288,28.130368302290965
107,-917.6365452129448,0.291108534383598,0.22597553452852848,0.2025400849505554,0.28037584613731814,3.725856603096806,0.1492441936615484,0.00358119211826976,0.0,0.21581744237895714,0.3522117315502424,0.1363942891712852,0.1363942891712852,1.9530663086206068,0,4.795473368391353,3.5477134720904147,3.7670222920738374,0,4.306483574114639,4.455143420995011,0.0,0,0.0,0.0,0.0,0.0,0.0,0.0,0.0,0.0,0.0,0.0,48.350339112379004,33.897282793774245,31.088223783795982,28.071844496104173
107,-917.6279658193389,0.29208461411824266,0.2260627930251005,0.20152302876562356,0.2803295640910332,3.7142980772300405,0.14913998402568576,0.0017812851926780103,0.0,0.21560845413026092,0.3519978414574796,0.13638938732721867,0.13638938732721867,1.9511750439344584,0,4.795301024939,3.5475859716038576,3.7633744711056054,0,4.306328804357901,4.454983308585052,0.0,0,0.0,0.0,0.0,0.0,0.0,0.0,0.0,0.0,0.0,0.0,48.33172176871536,33.88816098789008,31.085219241893434,28.07669925827972
107,-917.6252864244302,0.2926444092861763,0.22578153989978444,0.20119984527188964,0.28037420554214965,3.7165680395101384,0.14913431495735044,0.0009903663920065688,0.0,0.21558341306056225,0.35202477583165664,0.13644136277109442,0.13644136277109442,1.950948431715255,0,4.7971284244469325,3.548937890247785,3.7629373874911742,0,4.3079698657004855,4.4566810193781015,0.0,0,0.0,0.0,0.0,0.0,0.0,0.0,0.0,0.0,0.0,0.0,48.3338799625386,33.89305046332564,31.085453148380573,28.08380455050025
107,-917.6240279228067,0.29276985081795026,0.22578586423309904,0.20112714134370752,0.2803171436052432,3.7207987165098335,0.14911360601850687,0.0005646590426494938,0.0,0.21557666289121916,0.35208160154025797,0.13650493864903882,0.13650493864903882,1.9508873452331978,0,4.799363682472814,3.550591544517723,3.762819565511123,0,4.30997719662131,4.4587576433781155,0.0,0,0.0,0.0,0.0,0.0,0.0,0.0,0.0,0.0,0.0,0.0,48.33671027160707,33.8987925474218,31.088254644884795,28.087755243086562
107,-917.6238575958799,0.2928481259261497,0.22498742760853538,0.20140986457874638,0.28075458188656854,3.71759981113061,0.14952293456161836,0.00025531585341213246,0.0,0.21533442063360728,0.35154811478769793,0.13621369415409065,0.13621369415409065,1.9486951443311262,0,4.789123845983321,3.5430160659205057,3.7585913067826002,0,4.300781506382619,4.449244517839993,0.0,0,0.0,0.0,0.0,0.0,0.0,0.0,0.0,0.0,0.0,0.0,48.308104762370185,33.8698449911895,31.074700751592648,28.07690940125008
107,-917.622711645484,0.2926575616679648,0.22564675198200806,0.20129795682968313,0.2803977295203441,3.7215584318147954,0.14936083861103142,0.0001806621373139796,0.0,0.2154139471077696,0.3517881723626713,0.1363742252549017,0.1363742252549017,1.9494148288738475,0,4.794767943132954,3.5471915952076714,3.759979415165673,0,4.305850080389476,4.454488059061469,0.0,0,0.0,0.0,0.0,0.0,0.0,0.0,0.0,0.0,0.0,0.0,48.31813874398594,33.88338268278632,31.083513281453495,28.08062534931324
107,-917.622453416005,0.29250645751007126,0.22585712484142106,0.20127256328225607,0.28036385436625155,3.723535691419514,0.14936380578333597,0.00011202502580635237,0.0,0.21543104393411888,0.3518483829233971,0.13641733898927821,0.13641733898927821,1.9495695486924085,0,4.7962837746701155,3.5483130144196413,3.7602778346320123,0,4.307211344046769,4.4558963135509275,0.0,0,0.0,0.0,0.0,0.0,0.0,0.0,0.0,0.0,0.0,0.0,48.31994922258949,33.88614260275788,31.085827683978973,28.08121821745717
107,-917.6223159992196,0.29248026377128755,0.2258990729362949,0.20132732444948984,0.28029333884292784,3.7245882901935445,0.14945319575326435,6.498551782908979e-05,0.0,0.2154459421799981,0.3518529656637088,0.1364070234837107,0.1364070234837107,1.9497043721884313,0,4.795921092826681,3.548044700707274,3.760537878601217,0,4.306885644521114,4.455559370875083,0.0,0,0.0,0.0,0.0,0.0,0.0,0.0,0.0,0.0,0.0,0.0,48.31931062130817,33.8851276940673,31.08544692209375,28.07946640950069
107,-917.6224624977796,0.292156238917025,0.22587686584796504,0.20115553967356592,0.280811355561444,3.726285317075648,0.14946810883030948,2.378171356412309e-05,0.0,0.21551571124805466,0.35194518615993964,0.13642947491188498,0.13642947491188498,1.9503357558926542,0,4.796710460376791,3.5486286784873227,3.761755674678166,0,4.307594521023462,4.456292717799872,0.0,0,0.0,0.0,0.0,0.0,0.0,0.0,0.0,0.0,0.0,0.0,48.3279736405893,33.88767549129111,31.084505664747237,28.082773590534376
107,-917.6222760288475,0.29237937300927613,0.22589220780649905,0.20127384180088181,0.28045457738334295,3.7251164044673186,0.14945783726714904,4.752627103873793e-05,0.0,0.21546765550583621,0.3518816665676184,0.13641401106178216,0.13641401106178216,1.9499008695830582,0,4.79616676839532,3.548226452634074,3.7609168775438677,0,4.307106268788965,4.455787611094398,0.0,0,0.0,0.0,0.0,0.0,0.0,0.0,0.0,0.0,0.0,0.0,48.322004727675385,33.88592079625514,31.085151996527713,28.08049599526392
107,-917.6222017973245,0.29244035183621175,0.22585005780990242,0.20131733861689996,0.2803922517369859,3.725788542689829,0.14951641375842603,2.8476760019109723e-05,0.0,0.21549181740372805,0.3518992246312015,0.13640740722747344,0.13640740722747344,1.950119525629598,0,4.795934584835809,3.548054682158295,3.7613386155043127,0,4.306897760763084,4.455571905369821,0.0,0,0.0,0.0,0.0,0.0,0.0,0.0,0.0,0.0,0.0,0.0,48.322961559687506,33.88610708733243,31.08462448068346,28.07980848085822
107,-917.6221603845762,0.29249403828669884,0.2258145239387162,0.20132654808525732,0.28036488968932755,3.7263015475438235,0.14952966102206175,1.5744706623124326e-05,0.0,0.21551477578997566,0.3519117643725921,0.13639698858261642,0.13639698858261642,1.9503272903504947,0,4.795568276728263,3.547783685718893,3.7617393465658595,0,4.306568804739969,4.455231593782199,0.0,0,0.0,0.0,0.0,0.0,0.0,0.0,0.0,0.0,0.0,0.0,48.32520788893986,33.886736096428336,31.08403560189145,28.079598072595985
107,-917.6221337666894,0.2925119874325136,0.22580272692794698,0.201323697706869,0.28036158793267046,3.725970175641905,0.14950155961173717,8.618562389468292e-06,0.0,0.2155229818931653,0.35190252479644174,0.13637954290327645,0.13637954290327645,1.9504015524837497,0,4.794954905807994,3.547329911063075,3.7618825813911156,0,4.3060179786608614,4.454661753182505,0.0,0,0.0,0.0,0.0,0.0,0.0,0.0,0.0,0.0,0.0,0.0,48.326704544344196,33.886656384664825,31.083393296119663,28.079234653904
107,-917.6221168617711,0.29251163859547336,0.225804455304596,0.20131313766372338,0.28037076843620723,3.7236806806251175,0.14938678650111473,3.7204648217559756e-06,0.0,0.21555776581170674,0.35202052726887734,0.13646276145717057,0.13646276145717057,1.9507163338037221,0,4.797880778741384,3.5494944854493773,3.762489723219445,0,4.308645503153156,4.457379979840957,0.0,0,0.0,0.0,0.0,0.0,0.0,0.0,0.0,0.0,0.0,0.0,48.32944560316435,33.89225572817767,31.086314049975122,28.08294732825864
107,-917.6221032008617,0.29250609351614126,0.22581486230856754,0.20130571278665133,0.2803733313886399,3.7220138283345303,0.14937386062805152,2.046055215081696e-06,0.0,0.21549724270984144,0.351871716891537,0.13637447418169557,0.13637447418169557,1.9501686226000152,0,4.794776695125563,3.547198069972455,3.761433312433556,0,4.305857939949839,4.454496189933918,0.0,0,0.0,0.0,0.0,0.0,0.0,0.0,0.0,0.0,0.0,0.0,48.324630069972976,33.88560461559844,31.083432353035654,28.079326771924308
107,-917.6221018210393,0.2925004921409419,0.22581734460629277,0.2013088064951722,0.2803733567575931,3.7221690887072754,0.14937449662546287,1.832821146006722e-06,0.0,0.2155108533695518,0.35189716342527316,0.13638631005572135,0.13638631005572135,1.9502917939277142,0,4.795192831453757,3.5475059295609346,3.7616708820107583,0,4.306231643257998,4.4548827934832165,0.0,0,0.0,0.0,0.0,0.0,0.0,0.0,0.0,0.0,0.0,0.0,48.325690089063265,33.88664178696007,31.083790344786603,28.079766184849476
