-7.363924966462654931e-01
-7.578421933722343518e-01
-3.786593698023508203e-01
7.327384979586822888e-01
-2.478145145511161829e+00
-2.231435513142096816e-01
3.364722366212128390e-01
-1.691960386092317137e+00
-9.770290845076112785e-01
-7.128822031944673787e-01
-1.473823525492695019e+00
-4.576419763113181993e+00
-2.606965179594262771e+00
-3.815157370107693513e-01
-6.258035824561790639e-01
-1.413561047110476476e+00
-1.141506201899529449e+00
-2.385670289106080144e+00
-1.016766849013257756e+00
-1.715266553690199425e+00
-1.736404331942344781e+00
-1.011991730657400668e+00
-7.043858755136472860e-01
