-5.985173956005365170e-01
-5.986884392138996924e-01
-6.299890934390676156e-01
6.940640393652822704e-01
-2.267080030331421803e+00
3.364722366212128946e-01
-1.315890898840530454e+00
-5.686770816399477901e-01
-1.015479942339257979e+00
-1.540071666900133751e+00
-2.863002948709750139e+00
-3.126937817013129450e+00
-5.550146474855403023e-01
-6.479344999825797924e-01
-1.259079273630957729e+00
-1.174429129033848884e+00
-3.262571335280258111e+00
-1.381445556111950523e+00
-1.461592389852216511e+00
-1.132743622607874645e+00
-1.106279325314549311e+00
-9.439039265554659552e-01
