-6.519275816656219247e-01
-7.768611298097446438e-01
-5.295110934199773745e-01
4.111304450679014733e-01
-2.031043860055795847e+00
-2.231435513142096816e-01
3.364722366212128390e-01
-1.406722905243909416e+00
-6.471996444282347438e-01
-1.684579346107439868e+00
-1.162991413247618233e+00
-1.302741409767217418e+00
-3.352902333503934962e+00
-5.810983334116612831e-01
-5.625926460368944060e-01
-1.568021966922788391e+00
-1.363614780359343914e+00
-4.336104696438825457e+00
-6.813254966954982450e-01
-1.785091525969621618e+00
-1.197240294393992599e+00
-4.119574932244515764e-01
-5.079742351895883967e-01
