-7.395471749102048298e-01
-7.886613894966755245e-01
-6.382306247857637560e-01
4.047958324125857099e-01
-2.284347852238438836e+00
-1.362268859348900518e+00
3.364722366212128390e-01
-2.127690241176373398e+00
-2.742509179196483404e-01
-1.205214044299437903e+00
-1.592694099559740728e+00
-3.100724727718807472e+00
-2.113330377254843295e+00
-4.819739542504251628e-01
-2.464606323568201141e-01
-1.393455454011825800e+00
-7.143014089145098833e-01
-2.751679122006339462e+00
-9.954982592233125871e-01
-1.169502569996714092e+00
-1.559192568351805530e+00
-7.859838052381292739e-01
-7.357325816521826933e-01
