-7.679332978210117178e-01
-8.396213199155106999e-01
-5.264865263727100952e-01
6.508293537059310907e-01
-2.809811776457101562e+00
-3.446388354914702856e-01
3.364722366212128390e-01
-1.372779504479374468e+00
-8.959005444494805293e-01
-1.371159920534204435e+00
-1.320756419222318401e-01
-3.114833896529609181e+00
-3.171581686350115170e+00
-1.671939645586395740e+00
-1.262928089066900128e+00
-2.946750351667723589e+00
-1.205603677310739030e+00
-1.693883223316297260e+00
-1.432282158870521016e+00
-1.164991621615171891e+00
-1.101871712410844584e+00
