-6.035756127089755285e-01
-7.055965211794251735e-01
-5.854209731734529853e-01
5.753787096510576404e-01
-2.277628348449967532e+00
4.485481733160003870e-01
-2.749742790481492172e+00
-8.049402868107722320e-01
-2.816228676519876850e-01
-6.974857920259756039e-01
-8.511978103732126266e-01
-1.867724944790498887e+00
-7.571150282999290049e+00
-7.201710884222404241e-01
-1.307058912646255289e+00
-1.448923989454899086e+00
-1.040095406034184045e+00
-3.176106999669404907e+00
-1.640009105677774581e+00
-2.357408869317788369e+00
-1.894499499864190861e+00
-3.083834245399152962e-01
-6.468359010536827158e-01
