-6.734949512908647851e-01
-6.711508320470948030e-01
-5.684929542881652642e-01
5.055064327502901689e-01
-2.300407311038050295e+00
-2.231435513142097093e-01
3.364722366212128946e-01
-2.132666753231353240e+00
-5.042012297365013884e-01
-1.015417229097923757e+00
-1.970932865523660871e+00
-2.922001805598818613e+00
-2.821382313786498841e+00
-6.542536319649702170e-01
-7.556648542798324319e-01
-1.244652264074599612e+00
-1.082917941079944546e+00
-2.519821636948483157e+00
-1.051980828926789791e+00
-1.929694394400967683e+00
-1.371008931704780665e+00
-7.635537260609475130e-01
-2.774748808272164968e-01
