-6.573052306254504318e-01
-6.291000893216246448e-01
-6.206682672316111704e-01
5.234868990333307881e-01
-2.429559992322775308e+00
-2.231435513142097093e-01
3.364722366212128946e-01
-1.818223813591126170e+00
-2.256661499779880342e-01
-1.065817329328462515e+00
-1.316065600006255387e+00
-2.749723423436338354e+00
-4.007882216505201711e+00
-7.543443069618801511e-01
-5.071192707651144271e-01
-1.677157306643274559e+00
-1.305592260037807373e+00
-2.823739320119131424e+00
-1.252803924869561047e+00
-1.559639654557764876e+00
-5.304577991285601701e-01
-1.596025105540903599e+00
-1.329775792809039459e+00
