-6.614787212966486418e-01
-9.264131003787412499e-01
-4.049149684821648498e-01
6.962920400138870036e-01
-2.641630143143895992e+00
-1.530467526107862630e+00
3.364722366212128946e-01
-8.251124304544179555e-01
-1.087687625672533187e+00
-2.893575939917733542e-01
-1.411999044863847752e+00
-4.405767232025258551e+00
-4.292061904443959186e+00
-5.618063920431320968e-01
-1.193005758787147652e+00
-7.898037750470083829e-01
-1.256983391856508758e+00
-3.098835376255566487e+00
-1.261952558914827272e+00
-1.207049886789287152e+00
-5.042388364446140914e-01
