-6.712230487555661540e-01
-8.753114780573848508e-01
-4.651955310214938022e-01
6.195706156791265240e-01
-2.830808710587917165e+00
-2.231435513142097093e-01
3.364722366212128946e-01
-2.344487075990045355e+00
-7.698099275237251238e-01
-1.233604750197078603e+00
-1.765845219446968040e+00
-4.385429358057800542e+00
-2.539595122040398056e+00
-4.755422273212382978e-01
-1.007323740405595469e+00
-1.752305826676259004e+00
-1.315661187104385066e+00
-3.041876506171248717e+00
-1.708702177013660117e+00
-1.416323524935675815e+00
-1.836824585480566041e+00
-1.057473546663532549e+00
-1.070808589421871959e+00
