-6.986750854763803531e-01
-8.654566764210568364e-01
-4.673640087652335962e-01
7.027544358598944996e-01
-2.606384586125050973e+00
3.364722366212128946e-01
-1.658090954254371141e+00
-9.409062684418745270e-01
-3.352964136077787871e-01
-1.682336716324182024e+00
-3.664001304389695957e+00
-1.056150591375670977e+01
-7.334343737263187002e-01
-1.792622243363524825e+00
-1.701448856134846643e+00
-1.028874450232860394e+00
-3.209771150682226182e+00
-1.307569801454002256e+00
-1.988255872626181420e+00
-2.262807130208263295e+00
-1.357618054330924195e+00
-1.293328157777061893e+00
