-6.953023242990491459e-01
-7.171121465989140908e-01
-5.945229514641264812e-01
5.778602634493650303e-01
-3.447460619481748534e+00
3.364722366212128946e-01
-2.068082805509070532e+00
-8.223041431838130633e-01
-1.278052156992647292e+00
-1.706388908209801603e+00
-3.501858155978454956e+00
-3.628728016122832134e+00
-9.297673314713984505e-01
-3.147238154572201685e-01
-9.097478394196719664e-01
-1.431236633582196216e+00
-3.511416828538189261e+00
-1.915345069518024301e+00
-1.344020664858170733e+00
-1.168213868140646428e+00
