-7.110478382175050571e-01
-7.989124353219946295e-01
-5.372012494554975204e-01
5.326423739710564043e-01
-2.331337668809476238e+00
1.557067924586623409e-01
-1.811042180897279419e+00
-1.124972936835114456e+00
1.204343930431393123e-01
-1.159145447932235173e+00
-1.406783998114385925e+00
-3.318844924355281112e+00
-3.191510747410384763e+00
-8.821998706181249927e-01
-3.364140887062981311e-01
-1.447988039620624834e+00
-1.219939679589897796e+00
-3.205810962199604486e+00
-1.074748749564735206e+00
-1.999313407506750684e+00
-1.646220144269244345e+00
-9.469893008810839063e-01
-1.011951221888295338e+00
