-6.511596327764973546e-01
-8.226145408361681399e-01
-6.213022969529690132e-01
6.763335582495296761e-01
-2.230115893890282752e+00
-2.231435513142096816e-01
3.364722366212128390e-01
-1.256874212283683789e+00
-5.598524966012433657e-01
-7.438095567281290954e-01
-7.825198257872290064e-01
-2.432349166885782843e+00
-3.472394633421255872e+00
-7.137326996996535833e-01
-6.536398260078134514e-01
-1.040453658112765467e+00
-8.889471073716991301e-01
-2.447696624754412298e+00
-9.868586340680374214e-01
-2.028814788202426556e+00
-1.395020713206669205e+00
-1.210665829588811304e+00
-8.042917347944132933e-01
