-6.629284409929944166e-01
-7.570168836595967399e-01
-6.455986536932845077e-01
4.580517955224105986e-01
-3.724581928063150471e+00
-1.534519603878194416e-01
-9.111946487611933820e-01
1.287148508524320611e-01
-5.779191445949299677e+00
-2.020451825570597215e+00
-2.064427568736644236e+00
-3.883894675342049130e+00
-4.938874233220533760e+00
-8.523369321179866676e-01
-9.642443843648701440e-01
-1.537830202415806147e+00
-1.969716973979789287e+00
-3.237489939161944719e+00
-1.498167425055093593e+00
-2.314944955113943159e+00
-2.619254212251707070e+00
-1.393754987769732612e+00
-1.370661455154343900e+00
