-6.628791638606199577e-01
-7.570450279385563253e-01
-6.455945861264557051e-01
4.579779920748637823e-01
-3.724281973351963870e+00
-1.534395428897012970e-01
-9.111860930336482811e-01
1.309436992040876324e-01
-9.000000000000000000e+00
-2.018866503468971008e+00
-2.066506309600663283e+00
-3.880092803643771848e+00
-4.952845046724290157e+00
-8.521877574659142418e-01
-9.641047217892552146e-01
-1.538031069380296767e+00
-1.969603916478784855e+00
-3.237432652879528749e+00
-1.498217093386422505e+00
-2.315005764464677096e+00
-2.618802377501467049e+00
-1.393657081670056419e+00
-1.370642417476738206e+00
