-7.069855388932597684e-01
-7.264137109690465000e-01
-5.142644673039541425e-01
4.117706301792327106e-01
-1.623957775250747693e+00
3.364722366212128946e-01
-1.917301811371686426e+00
-3.419683799538154600e-01
-1.218621199409636313e+00
-2.845544658436439112e-01
-3.844881189044624392e+00
-2.118624621325441826e+00
-1.319473562636735542e+00
-6.524475363704270725e-01
-2.347797565845270995e+00
-5.943419671288558970e-01
-1.953624611352454021e+00
-1.332520977334638257e+00
-7.125705921084740657e-01
-7.154619625632887558e-01
