-6.420123001557473952e-01
-7.258476385008022502e-01
-6.021829845010303606e-01
6.171099790252078110e-01
-3.250640588910389095e+00
-4.887688322488463188e-01
-2.513488074742856959e+00
-1.901091624740145480e+00
-3.378151558836770540e-01
-7.259917767833640179e-01
-2.118322708263562948e+00
-3.258370439115646722e+00
-9.925480460445950115e+00
-5.137867120234373974e-01
-9.971839314474526539e-01
-6.263816724528735724e-01
-1.434299840958353389e+00
-2.368085160082169960e+00
-1.623479550811372407e+00
-1.509213828979136141e+00
-8.475200323376651523e-01
