-6.824098783263796708e-01
-7.440758609494170228e-01
-6.660008696322015087e-01
5.733807776861485905e-01
-2.604121652448283530e+00
3.836673129432915386e-01
-1.423194804578680861e+00
-1.585375521892638861e+00
-1.206141880401476074e+00
-1.318539734628457749e+00
-1.664935429304833736e+00
-3.970825097769048018e+00
-3.651769125575931696e+00
-1.406110459391057166e+00
-1.506887874981034159e+00
-1.514396072793912529e+00
-1.702932426624490292e+00
-2.664959342589993341e+00
-1.594959287148555838e+00
-2.389338787802140374e+00
-2.010016353913793630e+00
-1.678900046596063511e+00
-1.191245787260697409e+00
