183,-1584.6505492874064,0.30892531876138435,0.22695810564663021,0.21675774134790532,0.24735883424408012,1.2,0.9,1.0,0.0,0.14399999999999996,0.84,0.21600000000000003,0.21600000000000003,1.582995173985456,0,11.609549158149694,11.392039913293555,0.16618524840236587,0,1.4254964353096142,1.297258131828449,0.0,0,0.0,0.0,0.0,0.0,0.0,0.0,0.0,0.0,0.0,0.0,13.260311523919086,56.70585654856559,60.86520744296131,58.99599113338342
183,-1487.0329277484677,0.22922073620578853,0.2858675168392891,0.15997061395050438,0.32494113300441796,1.5953317614000824,0.582322939918802,1.0473698541493297,0.0,0.06193919467073469,0.38567876491928166,0.09345663765897635,0.09345663765897635,0.6808989322522133,0,5.023099208598471,4.928989566542926,0.07148180869582321,0,0.6167689992541344,0.5612841813724627,0.0,0,0.0,0.0,0.0,0.0,0.0,0.0,0.0,0.0,0.0,0.0,11.598572073702961,41.09383050990408,58.564037574465495,56.03711601646058
183,-1422.9925278023761,0.3043205864712638,0.23892989595953357,0.18087156589632775,0.27587795167287493,2.0508561389443005,0.3973759511483318,1.089296491279954,0.0,0.037212694617311186,0.2777200019092654,0.09639223101223915,0.09639223101223915,0.40907997215415404,0,5.180881224075517,5.083815476957597,0.04294583957430031,0,0.6361425078679989,0.5789148403968224,0.0,0,0.0,0.0,0.0,0.0,0.0,0.0,0.0,0.0,0.0,0.0,10.361696563301159,39.250238888142206,59.661424121686125,56.53949111576615
183,-1364.6654468104036,0.3391179191973131,0.21429313697316868,0.1910592083209751,0.25552973550854313,3.523476281542601,0.1741763181754261,1.1979239557374137,0.0,3.059023205018258e-07,0.1562482545943147,0.1424274325733624,0.1424274325733624,3.362790951842657e-06,0,7.6551772218958405,7.511754613998476,3.5303092444066714e-07,0,0.9399527658501321,0.85539419028353,0.0,0,0.0,0.0,0.0,0.0,0.0,0.0,0.0,0.0,0.0,0.0,0.00026066915489269323,38.45154674833121,70.46519111914803,65.24243589364409
183,-1348.307549657203,0.3149323653003394,0.23884798630705653,0.16465122213146172,0.2815684262611424,4.442962633804234,0.12020833555514816,1.2794251721224672,0.0,0.01861676450119629,0.17174030776040392,0.15312354325920763,0.15312354325920763,0.20465450250428813,0,8.23007084600848,8.075877391082525,0.02148494189638648,0,1.0105419679536016,0.9196331558675573,0.0,0,0.0,0.0,0.0,0.0,0.0,0.0,0.0,0.0,0.0,0.0,7.467084712595248,37.96564133159711,66.9188370546297,63.40832219887392
183,-1341.0512889671186,0.3028868103661168,0.23250859336662344,0.18611179204656225,0.27849280422069744,5.19465527558788,0.09262053135152123,1.3602034703154273,0.0,0.024758540657929956,0.20004014194818076,0.1752816012902508,0.1752816012902508,0.2721711831696238,0,9.421020216196117,9.244513879465481,0.028572946036931706,0,1.1567745269195073,1.052710567748564,0.0,0,0.0,0.0,0.0,0.0,0.0,0.0,0.0,0.0,0.0,0.0,8.409525568064645,39.44471059203208,68.97229355086797,65.51992707976918
183,-1338.8251941521994,0.3231608549183324,0.22415051491991045,0.17604007199079896,0.2766485581709583,6.133163604528028,0.0691080613539033,1.492830917141177,0.0,0.022948085721351992,0.22989456740353062,0.20694648168217866,0.20694648168217866,0.2522688121465609,0,11.122941445348973,10.914548977958576,0.026483564763622687,0,1.3657475552676483,1.2428842880346918,0.0,0,0.0,0.0,0.0,0.0,0.0,0.0,0.0,0.0,0.0,0.0,7.502539309900049,41.83582207242363,73.71413223797376,70.1569105328179
183,-1338.0243895705757,0.31227391201867516,0.2245247461168498,0.1860976432120991,0.27710369865237594,6.223553402542872,0.06639959819388512,1.5509504741257423,0.0,0.020230240842066604,0.22663692023823104,0.20150600659129195,0.20150600659129195,0.2223914834830202,0,10.830527264740924,10.627613286372183,0.023346997219295323,0,1.3298430281914921,1.2102097484390302,0.0,0,0.0,0.0,0.0,0.0,0.0,0.0,0.0,0.0,0.0,0.0,6.964237177601795,41.82293023971606,73.32894332842542,69.66690810844011
183,-1337.611151354392,0.31101248031736467,0.2242276004738549,0.1882890243973992,0.27647089481138126,6.260528072284585,0.0643120202380187,1.6252607178788914,0.0,0.01729807889659287,0.22560404101052955,0.19724294401854872,0.19724294401854872,0.1901581625869874,0,10.601396549451431,10.40277542071682,0.01996309401606951,0,1.301708859205625,1.1846065420085456,0.0,0,0.0,0.0,0.0,0.0,0.0,0.0,0.0,0.0,0.0,0.0,6.313615939865348,41.98269990302134,73.21547006241732,69.45605575838847
183,-1336.5037888733318,0.31067489915908053,0.22395924044650836,0.19100039382623446,0.2743654665681767,6.228692200721233,0.059518876554463335,1.9365952218933824,0.0,0.012124489418808271,0.23249651431585422,0.18872226060069577,0.18872226060069577,0.13328477942368908,0,10.143427600374604,9.953386691157933,0.013992439484836873,0,1.2454764340271476,1.1334328112097236,0.0,0,0.0,0.0,0.0,0.0,0.0,0.0,0.0,0.0,0.0,0.0,5.034712246761407,42.904446907196075,73.06462040231051,69.09738189828502
183,-1334.4252718654905,0.31130019150684474,0.22320458969082832,0.19275088327856116,0.2727443355237658,5.967627753520641,0.05332695753217882,2.8409920067817054,0.0,0.008635169801680049,0.24817491448640644,0.17778170754219474,0.17778170754219474,0.09492661196253102,0,9.55539570893936,9.376371797102612,0.009965540545061165,0,1.1732740294659951,1.067725767590089,0.0,0,0.0,0.0,0.0,0.0,0.0,0.0,0.0,0.0,0.0,0.0,4.153644489582204,44.351446189933284,72.65607967666696,68.57739507875613
183,-1329.5484490994572,0.31278469256631386,0.2235627639340989,0.19411073395912232,0.2695418095404649,5.179251886108724,0.0424224747231707,8.373164363047284,0.0,0.008545428615447633,0.2788737409270315,0.15916971245264783,0.15916971245264783,0.09394008512424183,0,8.5550398204054,8.394757950222324,0.009861973452519796,0,1.050443785696786,0.9559453880555246,0.0,0,0.0,0.0,0.0,0.0,0.0,0.0,0.0,0.0,0.0,0.0,4.725652843691419,46.65049083545152,71.32930178947782,67.59117279972844
183,-1326.1851576804052,0.2986478892657778,0.2233465095193296,0.1942052429980891,0.2838003582168034,4.272151329878026,0.0411770190980916,31.39970326098182,0.0,0.003936514428263012,0.27660944411076155,0.16146778925593777,0.16146778925593777,0.04327418987683657,0,8.678556651965575,8.515960647754236,0.004542990472919348,0,1.0656099907484413,0.9697472344473497,0.0,0,0.0,0.0,0.0,0.0,0.0,0.0,0.0,0.0,0.0,0.0,2.7189613462133537,46.25513385982913,73.97505191772981,70.05464411538365
183,-1326.025015338137,0.3253959331886678,0.21486720520370303,0.2055398217835697,0.2541970398240595,3.7982363645990915,0.053770278633651414,58.77001480144161,0.0,0.03138790654871688,0.24238232411262842,0.13930513106183012,0.13930513106183012,0.34504794852864806,0,7.487360032614826,7.3470815425136955,0.03622366004603307,0,0.9193470729119326,0.8366421947934582,0.0,0,0.0,0.0,0.0,0.0,0.0,0.0,0.0,0.0,0.0,0.0,12.521851818332134,41.63911959466397,68.8661027177294,66.504210381366
183,-1318.937871479699,0.31105541588467844,0.22527048881619677,0.19123983427267366,0.27243426102645113,4.312857515182757,0.06645957179486296,28.68753312496933,0.0,0.03205541659208905,0.21453591260342736,0.16669028103686712,0.16669028103686712,0.3523859011484048,0,8.95925468464489,8.791399697824582,0.036994009506928056,0,1.1000759324944993,1.0011126044992842,0.0,0,0.0,0.0,0.0,0.0,0.0,0.0,0.0,0.0,0.0,0.0,12.138363034640111,39.54658984697494,72.01084271559552,69.56585606684399
183,-1317.4688986938972,0.3055841639372733,0.22906877236205828,0.1847293469903164,0.28061771671035207,4.60188691347697,0.07093632111395802,33.04030935778628,0.0,0.032023261090569834,0.21223803438063055,0.18021477329006075,0.18021477329006075,0.3520324150114465,0,9.68616791451742,9.504693936507042,0.03695689999298727,0,1.1893310968292217,1.0823383339173689,0.0,0,0.0,0.0,0.0,0.0,0.0,0.0,0.0,0.0,0.0,0.0,11.92027889552899,39.25583154106438,74.27615615740845,71.81539759676676
183,-1316.6081827627456,0.30842854719476254,0.22963335085383205,0.18090152428723574,0.28103657766416956,5.052701141923764,0.07437887077191269,37.815463415149665,0.0,0.030050910280035543,0.22086647503389326,0.19081556475385775,0.19081556475385775,0.3303503190775431,0,10.255938329398182,10.06378948959999,0.03468068048336748,0,1.2592912377695142,1.146004828964722,0.0,0,0.0,0.0,0.0,0.0,0.0,0.0,0.0,0.0,0.0,0.0,11.184018221032956,39.931413127113345,76.38368956688345,73.82914308981647
183,-1315.710181622413,0.3107446045882725,0.2304933095017007,0.17865151041350374,0.2801105754965231,5.725634746131143,0.08473615887926948,46.99733739331212,0.0,0.03148005583166691,0.2239944299059913,0.19251437407432442,0.19251437407432442,0.3460609476272322,0,10.347245784566148,10.153386265451063,0.03633000623684662,0,1.2705025647630142,1.1562075799156541,0.0,0,0.0,0.0,0.0,0.0,0.0,0.0,0.0,0.0,0.0,0.0,11.711140953209881,40.02382867937727,77.53046094104579,75.00761711769727
183,-1317.7080807485727,0.3009333738624838,0.2147249614600448,0.21235330764365937,0.271988357033812,7.511780881532244,0.11132389794610062,51.346063729802395,0.0,0.025143322663990674,0.23392422077490263,0.20878089811091194,0.20878089811091194,0.27640110024344716,0,11.221537499542936,11.01129779820733,0.029017009184556436,0,1.3778538241566884,1.2539014715038304,0.0,0,0.0,0.0,0.0,0.0,0.0,0.0,0.0,0.0,0.0,0.0,9.8480470663504,40.69943768785308,82.42652292301673,79.56859125251098
183,-1315.4166753962988,0.30814578788104485,0.2263559999556196,0.1873946535655485,0.27810355859778696,6.147405245485921,0.09101105224902814,48.09880111096818,0.0,0.029906447131001976,0.2265523184581138,0.1966458713271118,0.1966458713271118,0.3287622324960231,0,10.569305138515203,10.371285254365027,0.03451396073123463,0,1.2977684657182915,1.181020628099938,0.0,0,0.0,0.0,0.0,0.0,0.0,0.0,0.0,0.0,0.0,0.0,11.259498431919493,40.20692535039208,78.71469932841015,76.10683264120897
183,-1315.0671223159134,0.31176443455811376,0.22749009333652515,0.184982580391656,0.2757628917137052,6.713518159637774,0.10141132231956318,60.1576766897252,0.0,0.03173640374969753,0.22644728559830082,0.188861391675304,0.188861391675304,0.3488789859404523,0,10.150905605236133,9.96072459280199,0.0366258481982032,0,1.2463946324109199,1.1342684080519716,0.0,0,0.0,0.0,0.0,0.0,0.0,0.0,0.0,0.0,0.0,0.0,12.139341449085308,40.096919642631704,78.36090516469743,75.82939667880393
183,-1315.001238129867,0.31242923399182426,0.22795797774873278,0.18494275810255714,0.2746700301568859,6.764290558461387,0.10189475949354099,60.22265310174526,0.0,0.030011158695464633,0.21941394762325903,0.1867613378243007,0.1867613378243007,0.3299133290321679,0,10.038032094041762,9.849965809048772,0.034634804601726486,0,1.2325352838990522,1.1216558527950657,0.0,0,0.0,0.0,0.0,0.0,0.0,0.0,0.0,0.0,0.0,0.0,11.766336860791027,39.7449460504898,78.19788258988066,75.66826854846074
183,-1314.9906223512003,0.3106718773854946,0.22761400627219888,0.1851978378007173,0.2765162785415892,6.82737379530288,0.10026946162650467,62.064047911100424,0.0,0.028893911763126428,0.21629925387566976,0.1846802543887234,0.1846802543887234,0.3176314088791024,0,9.926178203080902,9.740207542562704,0.03334542988660561,0,1.2188011310333238,1.1091572305273982,0.0,0,0.0,0.0,0.0,0.0,0.0,0.0,0.0,0.0,0.0,0.0,11.530175228938534,39.65194764731832,77.93292714077609,75.37784480096991
183,-1314.9834698574696,0.3124951336075337,0.22726861834998197,0.18509105708637125,0.27514519095611306,6.830651916681571,0.10023837200355894,60.82580148240824,0.0,0.02851924069735701,0.21567335086170364,0.1854470208396762,0.1854470208396762,0.3135126415947623,0,9.967390299401071,9.780647514847097,0.03291303541345235,0,1.223861421971047,1.1137622954056936,0.0,0,0.0,0.0,0.0,0.0,0.0,0.0,0.0,0.0,0.0,0.0,11.404478825275461,39.633276284484396,78.06504217188382,75.50975272834344
183,-1314.9826342750707,0.3122734138448999,0.22746062627361846,0.18511874468513106,0.2751472151963506,6.832195483923253,0.10019540335502414,61.00334241105214,0.0,0.02870675554447008,0.21593187902353495,0.18562188678675084,0.18562188678675084,0.3155739964421971,0,9.976788979070744,9.789870106738531,0.03312943959016497,0,1.2250154533794357,1.1148125096270938,0.0,0,0.0,0.0,0.0,0.0,0.0,0.0,0.0,0.0,0.0,0.0,11.453165035227368,39.63826274445164,78.07573533198347,75.52539964817977
183,-1314.9815241326028,0.3121569686060472,0.22755519518276723,0.1851778834629811,0.27510995274820443,6.850396032383083,0.09998424733042768,61.22064622460562,0.0,0.029051002373447373,0.21547528395439153,0.18570633427799144,0.18570633427799144,0.31935830942088356,0,9.981327855463523,9.794323945584782,0.03352672254006301,0,1.2255727663319094,1.1153196864545214,0.0,0,0.0,0.0,0.0,0.0,0.0,0.0,0.0,0.0,0.0,0.0,11.558257631331369,39.59233542695755,78.05961974042145,75.5227940202958
183,-1314.981091327012,0.3122668634382982,0.2274716480687666,0.18521304086592608,0.2750484476270092,6.870917871927571,0.09972525862192276,61.207376772184475,0.0,0.02927234502826647,0.215077292986827,0.1856825244568589,0.1856825244568589,0.32179153410404854,0,9.980048127274241,9.79306819358168,0.03378216617945989,0,1.225415632928438,1.1151766888430328,0.0,0,0.0,0.0,0.0,0.0,0.0,0.0,0.0,0.0,0.0,0.0,11.628698085356719,39.560725711575074,78.03203817625204,75.50422897008085
183,-1314.9810422265773,0.31230137680974906,0.2274881116907214,0.1852058018378143,0.27500470966171525,6.880064712946558,0.0996337858634473,61.085099120114066,0.0,0.029257460975030535,0.21506601244756687,0.18568938588362416,0.18568938588362416,0.32162791337875807,0,9.980416914641491,9.7934300715797,0.03376498902609706,0,1.2254609150552669,1.1152178973692697,0.0,0,0.0,0.0,0.0,0.0,0.0,0.0,0.0,0.0,0.0,0.0,11.62400248364807,39.56473014762375,78.0276017407692,75.49992692618102
183,-1314.9811143904417,0.31241183459750305,0.2272802706033204,0.18518832785973505,0.27511956693944145,6.886157080028137,0.09946753000103954,61.18630550437059,0.0,0.029247891079650423,0.21526449481920704,0.18558890218563268,0.18558890218563268,0.32152271130790905,0,9.975016125607118,9.788130468347502,0.03375394475220172,0,1.2247977708270557,1.1146144098954935,0.0,0,0.0,0.0,0.0,0.0,0.0,0.0,0.0,0.0,0.0,0.0,11.623163903469152,39.583144673407816,78.01124009949493,75.48080216448056
183,-1314.981030417842,0.3123314922640716,0.22743142086361826,0.18520103923138584,0.2750360476409244,6.881725428253431,0.09958842413277876,61.11267918863805,0.0,0.02925485128658256,0.215120137864233,0.18566198086988633,0.18566198086988633,0.3215992250161279,0,9.978943952353672,9.791984705791155,0.03376197727802081,0,1.2252800551043739,1.115053307661287,0.0,0,0.0,0.0,0.0,0.0,0.0,0.0,0.0,0.0,0.0,0.0,11.623773738851419,39.569749461929504,78.02313817440489,75.49471044092581
183,-1314.9810283544243,0.31233433866502935,0.22743537814399728,0.18519200136704797,0.2750382818239254,6.882188989142076,0.09960070221668198,61.10769441275222,0.0,0.029237558927983007,0.21515500726826586,0.18566051720985452,0.18566051720985452,0.32140912973689234,0,9.978865283681959,9.791907511006423,0.03374202078559491,0,1.2252703956499393,1.1150445171757384,0.0,0,0.0,0.0,0.0,0.0,0.0,0.0,0.0,0.0,0.0,0.0,11.61846577786699,39.57312205323791,78.02456099269068,75.49544131523584
