183,-1585.702208713261,0.30892531876138435,0.22695810564663021,0.21675774134790532,0.24735883424408012,1.2,0.9,0.0,0.14399999999999996,0.84,0.21600000000000003,0.21600000000000003,1.586015152851403,0,12.332265891381548,11.78770001246054,0.15157746513957635,0,2.141100888178564,2.618379647835877,0.0,0,0.0,0.0,0.0,0.0,0.0,0.0,0.0,0.0,0.0,0.0,13.117983855814426,56.716687419217905,57.96463434814986,61.54645465523724
183,-1494.8300463787873,0.22787483190799365,0.28685941224950784,0.15901557424464594,0.3262501815978526,1.604269123235187,0.605073096411252,0.0,0.06085074380557564,0.3793524697260294,0.09182427988125952,0.09182427988125952,0.6702097342911225,0,5.242599235094118,5.011097523613439,0.06405278817990927,0,0.9102085518987119,1.1131056741586818,0.0,0,0.0,0.0,0.0,0.0,0.0,0.0,0.0,0.0,0.0,0.0,11.307471324873001,40.965341747254826,55.25802337886793,58.94869910798315
183,-1436.17859195984,0.3031642675304332,0.23982111866883046,0.18083258964324064,0.27618202415749576,2.0313509466017723,0.4372737753856744,0.0,0.03782876601961894,0.28262098691947,0.09683003327959806,0.09683003327959806,0.4166458063943466,0,5.528396836459848,5.284274928224409,0.03981936432369432,0,0.9598281030430893,1.173786057585973,0.0,0,0.0,0.0,0.0,0.0,0.0,0.0,0.0,0.0,0.0,0.0,10.074499591038297,39.34469764827435,55.41691427217622,60.1684452059571
183,-1385.6189921883326,0.34591756677389973,0.2108149387106413,0.19431653969887097,0.248950954816588,3.3608594872225384,0.21850183958300692,0.0,3.059023205018258e-07,0.16965750069257832,0.14282925436678368,0.14282925436678368,3.3692063583909877e-06,0,8.154668249624745,7.7945759420327105,3.21999293902646e-07,0,1.4157955712157524,1.7313945034701845,0.0,0,0.0,0.0,0.0,0.0,0.0,0.0,0.0,0.0,0.0,0.0,0.00025999832958538297,38.63633888086165,64.07925898757274,69.67422949594337
183,-1369.8020399832658,0.31318094028967147,0.24063734161762276,0.16375316176458268,0.28242855632812314,4.455529443063214,0.14626497482108902,0.0,0.006475312280726395,0.16118638892288578,0.15471107664215938,0.15471107664215938,0.07131905136581142,0,8.83304691431953,8.442998889178543,0.006816051538192194,0,1.533574183377728,1.875427473956512,0.0,0,0.0,0.0,0.0,0.0,0.0,0.0,0.0,0.0,0.0,0.0,3.2600005741470253,38.34044579213558,63.58765878836182,69.32518762448919
183,-1364.260292730476,0.30263253466588563,0.23618314954507866,0.1818247609885713,0.2793595548004644,4.8511943499438575,0.1286673535977681,0.0,0.01173904821225563,0.18298778423014783,0.17124873601789214,0.17124873601789214,0.12929380794924034,0,9.777245120998398,9.345503368944254,0.012356772021979058,0,1.6975037999415057,2.0758990977169787,0.0,0,0.0,0.0,0.0,0.0,0.0,0.0,0.0,0.0,0.0,0.0,4.657241082163272,39.0898902850206,64.22851761794821,69.94332821509428
183,-1361.7518818498734,0.31608429750329,0.2270272381796395,0.1816425076034005,0.27524595671366997,5.598200653815824,0.10325285647181123,0.0,0.014470206866466703,0.21653880196239023,0.2020685950959235,0.2020685950959235,0.1593747732993793,0,11.536868717689101,11.027425837639356,0.015231647756002192,0,2.003005779781835,2.449501374379419,0.0,0,0.0,0.0,0.0,0.0,0.0,0.0,0.0,0.0,0.0,0.0,4.779366461190807,41.00440864619961,67.678847455691,73.23927710354835
183,-1361.427952602743,0.30853217881196354,0.22688216961700947,0.18791704332693282,0.2766686082440942,5.775246320854252,0.09782071702604088,0.0,0.012672784298063606,0.2171326532015154,0.1956030334851733,0.1956030334851733,0.13957797170518207,0,11.167725083796135,10.674582778937484,0.013339642501118801,0,1.9389158737292864,2.3711250089469313,0.0,0,0.0,0.0,0.0,0.0,0.0,0.0,0.0,0.0,0.0,0.0,4.412354071913537,41.3181023869417,67.4185694978846,72.93011890468647
183,-1361.3534767087958,0.31060818320283057,0.22680703190634216,0.1864480220035117,0.27613676288731553,5.796816214632665,0.09664039530558827,0.0,0.012110488154804654,0.21949466018018093,0.1932807830430239,0.1932807830430239,0.13338484529130287,0,11.03513892676389,10.547851336502942,0.01274775761186219,0,1.9158965566725312,2.3429743918409045,0.0,0,0.0,0.0,0.0,0.0,0.0,0.0,0.0,0.0,0.0,0.0,4.2879452769277515,41.55321250476989,67.31387895177548,72.78129782273678
183,-1361.2969134162392,0.3128019017216955,0.2268604910945229,0.1849167783116177,0.275420828872164,5.798407458268215,0.09501850656070593,0.0,0.010914807954130941,0.22732277691948594,0.19150391508401657,0.19150391508401657,0.12021563059524097,0,10.933690741002989,10.45088288065789,0.011489159181753151,0,1.8982833457225003,2.321434971004069,0.0,0,0.0,0.0,0.0,0.0,0.0,0.0,0.0,0.0,0.0,0.0,3.9541172601805,42.15945808921235,67.35755549720149,72.73184351776996
183,-1361.285897910102,0.3124817233203764,0.22711905722899578,0.18484140201029275,0.27555781744033514,5.758628161073294,0.09485166002972494,0.0,0.010125345186255371,0.23077618622871665,0.19188777472619922,0.19188777472619922,0.11152049231425025,0,10.955606755689873,10.471831132088164,0.010658153868026397,0,1.902088356004043,2.3260881667203495,0.0,0,0.0,0.0,0.0,0.0,0.0,0.0,0.0,0.0,0.0,0.0,3.705461054647711,42.40075532560242,67.49909532265683,72.84024713715857
183,-1361.2770737407702,0.3122471196640997,0.22709782688387506,0.18505628498215632,0.2755987684698689,5.678126926200957,0.09446073615747991,0.0,0.009845631470281073,0.23258811991060963,0.19208093640699922,0.19208093640699922,0.10843972709205851,0,10.966635094614187,10.482372483695448,0.010363721256691983,0,1.9040030719592418,2.3284296973395557,0.0,0,0.0,0.0,0.0,0.0,0.0,0.0,0.0,0.0,0.0,0.0,3.610591068688466,42.51023073729344,67.53988310051533,72.86504494983102
183,-1361.2710947979958,0.3117307228872733,0.22758711048074606,0.18513712422473416,0.2755450424072464,5.58206933500853,0.09363257195879408,0.0,0.009550928806660306,0.23190143785192383,0.19266774488098254,0.19266774488098254,0.10519387368866819,0,11.000138234097882,10.51439619784399,0.010053510960014781,0,1.9098198133705213,2.33554306477222,0.0,0,0.0,0.0,0.0,0.0,0.0,0.0,0.0,0.0,0.0,0.0,3.5074119029115147,42.46348260709392,67.62582296539904,72.96054417639337
183,-1361.2719735137534,0.3120024879874585,0.22642394818849487,0.18503501866613933,0.27653854515790727,5.540471144241189,0.09304909861747512,0.0,0.00986683762389227,0.23128072548346207,0.19236937639546253,0.19236937639546253,0.10867329154317693,0,10.983103236426393,10.498113428397314,0.010386043305370771,0,1.9068622345309316,2.331926203799807,0.0,0,0.0,0.0,0.0,0.0,0.0,0.0,0.0,0.0,0.0,0.0,3.6071466059204997,42.412253020163945,67.56553686424775,72.89797966813269
183,-1361.270259292612,0.31184230984579886,0.2271086774394354,0.18509521048545494,0.27595380222931076,5.564947037203301,0.09339249437625487,0.0,0.00968073029888068,0.23164640611692047,0.19254514712793572,0.19254514712793572,0.10662350656036428,0,10.9931386596152,10.507705709255482,0.010190142773640467,0,1.9086045626393304,2.3340569191173675,0.0,0,0.0,0.0,0.0,0.0,0.0,0.0,0.0,0.0,0.0,0.0,3.5484746762029915,42.44243020080784,67.60094165797213,72.9347282366856
183,-1361.2698897364698,0.3118750556827076,0.22721898836284157,0.18509096454723273,0.275814991407218,5.56200049681687,0.0932021698870964,0.0,0.009836992511155357,0.2311507506338057,0.19250094840306542,0.19250094840306542,0.10834457764707066,0,10.990615185415383,10.505293666155,0.010354627704430035,0,1.908166442597311,2.3335211365170863,0.0,0,0.0,0.0,0.0,0.0,0.0,0.0,0.0,0.0,0.0,0.0,3.5964065948220822,42.408269194498345,67.57576175693934,72.91545272618328
183,-1361.269875660495,0.3118310392843154,0.22728070276213883,0.1850145916037114,0.27587366634983446,5.565530483560124,0.09314382478798004,0.0,0.009886495580139031,0.23097372717742815,0.1924957608892861,0.1924957608892861,0.10888980415763146,0,10.990319010418894,10.505010569598328,0.010406735688549306,0,1.908115021345643,2.333458252811056,0.0,0,0.0,0.0,0.0,0.0,0.0,0.0,0.0,0.0,0.0,0.0,3.611640640234653,42.39729337248467,67.57101702293168,72.91240665012516
183,-1361.26986029856,0.3118904334277131,0.22724416722070756,0.18506153487308175,0.2758038644784977,5.565179119345258,0.09315255997567382,0.0,0.009883944410727182,0.2309271854373456,0.1924706273023972,0.1924706273023972,0.10886170559273782,0,10.988884037843347,10.503638962272015,0.010404050273322989,0,1.907865884562259,2.3331535802537084,0.0,0,0.0,0.0,0.0,0.0,0.0,0.0,0.0,0.0,0.0,0.0,3.611423184799089,42.39454012892577,67.56836999435312,72.91015144942443
183,-1361.2698598820443,0.31188903218929004,0.22724434057482246,0.18505615970428058,0.27581046753160704,5.565152833626437,0.09315395378722992,0.0,0.009877342804183438,0.23093977250113612,0.19247451862432316,0.19247451862432316,0.10878899553710213,0,10.989106208290846,10.503851322158658,0.010397101281755283,0,1.9079044573068509,2.333200751356181,0.0,0,0.0,0.0,0.0,0.0,0.0,0.0,0.0,0.0,0.0,0.0,3.60936468852832,42.3955501491713,67.56977173801134,72.91138581520129
