-6.799935617303660695e-01
-7.962686620656082015e-01
-4.663165292483301694e-01
4.994579697763640302e-01
-2.620092085631104517e+00
-1.663736614373225731e+00
-1.348131546056773766e+00
-5.358816415183187409e-01
-9.731461313118799916e-01
-5.909062118275711928e-01
-1.288810810615138580e+00
-4.230938627852308009e+00
-2.857998374460907431e+00
-8.534924846893546801e-01
-5.531755394163307971e-01
-1.626295080296845219e+00
-1.306036424901152238e+00
-3.461956412048213583e+00
-1.805433641307761183e+00
-1.696372321914875858e+00
-2.452740733287870789e+00
-1.166383732657479966e+00
-1.474378556360703252e+00
