-6.327410628807885740e-01
-6.750790785162695817e-01
-6.279598188225633537e-01
4.690130728662086912e-01
-1.587426426608703256e+00
-2.456072146874481721e+00
-2.202143819775432387e+00
-3.299904685847446784e-01
-5.293722525200728057e-02
-1.000158932774658782e-01
-1.066748679262139898e+00
-3.286720148496876437e+00
-3.245528692567416940e+00
-2.487007569926743544e-01
-1.102250935746387911e-01
-9.159957819833884907e-01
-8.426579470445254572e-01
-1.939172870171818275e+00
-1.105367994230850082e+00
-1.176886789380154008e+00
-1.101356129660347127e+00
-7.472821711113120102e-01
-5.869250057048238656e-01
