-6.048344495025453904e-01
-7.026263065298665733e-01
-6.119006919925074062e-01
6.080316097559401722e-01
-2.140004063556023794e+00
3.364722366212128946e-01
-1.174374466179730270e+01
-2.164605359875466650e-01
-3.800439039313346923e-01
7.662653821847228465e-03
-2.738848058312302047e+00
-2.783864879227952560e+00
-1.426506102083213268e+00
-1.024549257583363682e+00
-2.781435094875321035e+00
-1.250289878386484643e+00
-1.913646075425256887e+00
-1.688192987482797891e+00
-9.341524299975790813e-01
-7.463328327509883842e-01
