-6.494324228916307229e-01
-8.201530662442759745e-01
-5.397221822617499498e-01
4.611582617036972254e-01
-2.201102882616643441e+00
-4.730787405782599375e-02
-1.834632755947181559e+00
-5.337951699070506706e-01
-1.531434903160079575e+00
-1.010695707321786152e+00
-6.934916758846755291e-01
-2.478411016452406024e+00
-1.140626467712204217e+01
-6.786811642932227828e-01
-9.661252196390246461e-02
-1.703228658022017505e+00
-8.323413464264592942e-01
-2.341306227365872683e+00
-1.534192709501871033e+00
-1.918281446767321041e+00
-1.457328279593840925e+00
-1.106938461102182192e+00
-6.671768522234883259e-01
