-6.802828591336298469e-01
-7.977410494883803160e-01
-5.163114862515536529e-01
4.194136434114467682e-01
-2.646767589073433680e+00
-1.408584779590958291e+00
-2.403730914650038741e+00
-6.640458374298376931e-01
2.760578978889338675e-02
-2.916998883176173063e+00
-4.084756544633050268e+00
-2.967135948811553181e+00
-1.055920748197325842e+00
-2.563897124419586282e-01
-1.822709856762403824e+00
-1.545153043254461123e+00
-3.233123593255403438e+00
-1.543936648716407900e+00
-5.924420020003744902e+00
-8.249902199493452937e-01
-1.505033576653992622e+00
-1.693623442077122343e+00
