-6.611996492522949076e-01
-9.290510281492082578e-01
-4.006831089656603950e-01
6.932779925907077700e-01
-2.538734075829305326e+00
-2.231435513142097093e-01
3.364722366212128946e-01
-9.765183052315519197e-01
-1.006884595719436559e+00
-3.284113169556249212e-01
-1.389401811810748288e+00
-4.047376156517883850e+00
-4.065204570935575745e+00
-5.802715738740630291e-01
-1.182506933111480141e+00
-1.339944838135519456e+00
-1.297221630754659127e+00
-3.078781813161408198e+00
-1.252508989504589998e+00
-1.643983142914639650e+00
-1.055982549438473805e+00
-1.226483335412015485e+00
-5.068826362640808103e-01
