-6.540817256538519198e-01
-8.314173851903209345e-01
-5.226377863189580752e-01
7.259394806526554556e-01
-2.504779099399516706e+00
-9.151512276248633393e-01
-1.533092911336344066e+00
-4.489457058877643902e-01
-4.822973995694634364e-01
-7.906537527044219527e-01
-2.155503629127930587e-01
-2.582872755394912012e+00
-2.791506613102510137e+00
-1.188335759228198230e+00
-1.142758120490702245e+00
-2.252622681163048313e+00
-1.458445647558343605e+00
-1.876140439355000522e+00
-1.769469571625563065e+00
-1.079167209089395341e+00
-9.504824685555485209e-01
