-6.978260764016075424e-01
-8.447959009288158461e-01
-5.519492729295704114e-01
6.422655658518926503e-01
-3.191381246810839567e+00
-1.023293565095904079e-01
-1.636106483185586047e+00
-1.185321896798044561e+00
-5.096768365349132468e-01
-1.158422955307551572e+00
-1.374839884493738174e+00
-3.590605360394215850e+00
-3.440094408414426930e+00
-8.017702543793883141e-01
-1.019754732585922641e+00
-1.477536545582456950e+00
-1.484873301061555795e+00
-3.059566949460164054e+00
-1.738650187799618330e+00
-2.313284168771936766e+00
-2.159518269929996848e+00
-1.375539096418457952e+00
-1.100279169942492530e+00
