-6.766997883785172974e-01
-7.651878987722089409e-01
-5.115766340805225632e-01
7.136092724028297862e-01
-2.790784293238838920e+00
-1.879306336396382449e+00
-2.146152853717271380e+00
-8.210999712662184757e-01
-1.471957720594313512e+00
-2.215973403352258786e-01
-1.672917757875238776e+00
-2.764732628444321882e+00
-1.063497987939555678e+01
-9.926070612569622975e-01
-9.911648457031460024e-01
-1.400917109415045880e+00
-1.995851654597371461e+00
-2.806100381110624653e+00
-1.949197727059167606e+00
-2.875802614287135572e+00
-1.678017194717608129e+00
-2.203824783387341724e-01
-1.070715176653579181e+00
