-6.782355585817387844e-01
-7.693634879814771343e-01
-5.683639380636990035e-01
6.345020077072949238e-01
-2.785293288373312581e+00
3.364722366212128390e-01
-1.739481209689883290e+00
4.274076165156460473e-03
-1.281210747549976769e+00
-2.059501235723656176e+00
-4.232799940142789374e+00
-3.254001345192306438e+00
-1.244245273447166067e+00
-1.278777981032279021e+00
-2.118156666876586325e+00
-1.083580018665918354e+00
-3.070176258675739955e+00
-1.903108167593878797e+00
-2.261246963876847982e+00
-2.109460510662699129e+00
-1.777858358704740072e+00
-1.520796159442801221e+00
