-7.109128521708477644e-01
-1.047444184592526639e+00
-3.761778449444941885e-01
6.409104555419591343e-01
-3.372225494744325314e+00
-1.442769354859499975e+00
-1.177443239478679127e+00
-2.379210554964003854e-01
-8.996254281905839534e+00
-5.199817214788908792e-01
-2.798035177487137926e+00
-4.472962804831180250e+00
-4.312822145815369268e+00
-9.797765116611740766e-01
-4.657748814595218390e-01
-1.898596521099809920e+00
-1.506923367791090485e+00
-3.786423101683784154e+00
-1.815983280076210571e+00
-2.337915099234526117e+00
-2.697822084925532327e+00
-1.762357741723806770e+00
-1.418439417239935496e+00
