-7.094783321653411745e-01
-7.819617121273715332e-01
-5.276586919342263204e-01
7.790300474603735204e-01
-2.697600561797922847e+00
-1.100645962133872446e+00
-1.184110487600187556e+00
-5.297983190344348614e-01
-1.101548500527567143e+00
-9.247733990484359179e-01
-2.528271277096122649e+00
-4.506319927206085652e+00
-6.964054072959665609e-01
-9.053924450264668744e-01
-1.349831690312015331e+00
-1.578462683793735888e+00
-2.936968145742394842e+00
-1.201531189156546553e+00
-1.978024303882977009e+00
-2.059873063134479931e+00
-4.754657742115592223e-01
-1.226883320699775348e+00
