-6.304360308366215859e-01
-6.691094264688652871e-01
-6.227009323420867881e-01
4.558530184956059994e-01
-1.513731436241769757e+00
3.364722366212128946e-01
-1.107785756739658956e+00
1.999937214318766587e-01
-9.162275183546732260e-02
-1.045723697949937359e+00
-2.964157481304196651e+00
-3.209455283142559345e+00
-1.920843587211198134e-01
-8.263756610690095594e-02
-8.563963776011084272e-01
-7.896359690020093858e-01
-1.822265545487521399e+00
-1.052268486075964127e+00
-1.090236698857493414e+00
-1.009102256961570854e+00
-6.793326207972493203e-01
-5.098826078891872671e-01
