-7.210928889633593242e-01
-7.022035334814759056e-01
-6.091453788193649244e-01
5.466604714926109887e-01
-3.637241556556397803e+00
-1.053605156578262814e-01
3.364722366212128390e-01
-2.251412378229988409e+00
-1.562299295860015425e-01
-1.116852489727092168e+00
-6.221313771753602673e-01
-2.748154870757329338e+00
-2.468778319978329527e+00
-1.226374410077581079e+00
1.304961272019462770e+00
-1.467020605039706771e+00
-1.656903869519366967e+00
-2.462234926096723786e+00
-1.513284459543727367e+00
-1.520860883365501515e+00
-1.888604060080574021e+00
-1.340964857427238366e+00
-1.363331020078403455e+00
