-6.601414513646958193e-01
-7.280184060544637736e-01
-5.080125093689091820e-01
5.971584454905244366e-01
-2.250524408101557405e+00
3.364722366212128946e-01
-2.018009623348991699e+00
-6.773491093850632083e-01
-7.288157449558116951e-01
-1.426444508013088974e+00
-3.413392016054457301e+00
-2.535092718155077307e+00
-8.302260358295585618e-01
-7.882167762382438214e-01
-1.289167856923330913e+00
-1.160305211455683549e+00
-3.102872261985451630e+00
-1.036418101241803225e+00
-1.453735817885588144e+00
-1.786302781831195174e+00
-7.434152318758867617e-01
-8.192661085201906612e-01
