-6.670467569897595705e-01
-8.837492455223895371e-01
-4.469143152094114391e-01
5.168049375776746501e-01
-1.693732822376016856e+00
1.745835600609239313e-01
-2.689527646092395141e+00
-1.088241569361848571e+00
-1.255517280423908755e+00
-1.964519357880072092e-01
-1.218826794915341960e+00
-2.151801007661977128e+00
-1.271369797974126747e+01
-1.212877681943620667e+00
-8.636136459084245987e-01
-1.368409811286305011e+00
-1.081282852759255508e+00
-1.315677531646017195e+00
-1.116428203369666639e+00
-2.088485004164740477e+00
-1.812834581321391525e+00
2.711584165118530731e-01
-4.446366857028070663e-01
