-6.783692626923365498e-01
-6.955804715506759273e-01
-5.368640233095245407e-01
6.291673537693742713e-01
-1.822454394590696802e+00
2.201624443708927736e-01
-2.781041853033492384e+00
-7.571677865997994417e-01
5.303800096282667437e-02
-4.647859869482982020e-01
-1.352406995179772142e+00
-2.244241466629697701e+00
-3.084590291948264174e+00
-6.784502095301192526e-01
-7.522477985983067050e-01
-1.046856963946876773e+00
-8.089062728343671127e-01
-2.324807785734460452e+00
-1.037042577751523975e+00
-1.642841929458507710e+00
-6.656193146523475823e-01
-7.841621071874678162e-01
-4.482274684455984648e-01
