-7.064716437522544634e-01
-7.867157382526819287e-01
-5.453221492488292688e-01
5.304702503205211972e-01
-2.226357091623255346e+00
-1.354922122314077715e+00
-1.458634433292513188e+00
1.331945729331529549e-01
-1.103206500130345047e+00
-1.488936970854185304e+00
-3.259471041408764869e+00
-3.305719311750592748e+00
-8.821475118989847708e-01
-3.335198995282654955e-01
-1.486130946187412372e+00
-1.200706052269729707e+00
-3.148460597144667084e+00
-1.103679046189296242e+00
-2.003176259729889885e+00
-1.639402540703823741e+00
-9.623587982751939940e-01
-1.008440786233864461e+00
