-7.250100075355498941e-01
-8.462682208349805446e-01
-4.361233927125977572e-01
7.113807250746206901e-01
-3.404378918786983732e+00
-9.964961413054790329e-01
-1.400925216847835220e+00
-6.912057617394103959e-01
-1.149070916760292382e+00
-1.324779787165847322e+00
-1.205775986165086078e+00
-3.059397319784108227e+00
-3.109816390423130184e+00
-4.773264681674057597e-01
-9.694770574981598221e-01
-1.472812599240528764e+00
-1.653408524281928305e+00
-4.734266124671354881e+00
-1.497940055987674546e+00
-2.353821682708680640e+00
-1.921151990058997283e+00
-1.029682344951815764e+00
-1.129404460315788228e+00
