-6.997737655528578626e-01
-7.975939684511746952e-01
-5.135074275231024110e-01
6.229984571351391276e-01
-3.302813318217126870e+00
3.364722366212128946e-01
-1.885307281973263915e+00
-4.586453501867752691e-01
-1.047954120642482723e+00
-1.133234951333631502e+00
-3.054878622291033796e+00
-4.722960137070779219e+00
-7.136585773985381076e-01
-1.128659222353499469e+00
-1.946932113453123225e+00
-1.567421473901133844e+00
-4.099784093959785380e+00
-2.033944436654189669e+00
-2.371216673166366196e+00
-1.872366631560861583e+00
-1.628756100388295991e+00
-1.189386806966624022e+00
