-6.909872308432314369e-01
-7.905082884937779664e-01
-5.375406165755335364e-01
6.580403204826394958e-01
-2.213890924878923805e+00
-2.231435513142097093e-01
3.364722366212128946e-01
-1.576063734332168398e+00
-1.402038123436976091e-01
-6.668003005028415586e-01
-1.186324751483396778e+00
-2.868635146474423969e+00
-2.610811946195475741e+00
-3.560564392710597326e-01
-8.800723845332452111e-01
-9.966476521369416197e-01
-1.320614900400223668e+00
-2.673025829530912389e+00
-1.208065854050057064e+00
-1.465193965440517054e+00
-1.442874964347054867e+00
-8.303126382909604697e-01
-6.824821759311070490e-01
