-6.670967019015869859e-01
-7.750006525566748294e-01
-6.389141908278197501e-01
5.758232276818320283e-01
-2.243980438907187569e+00
-2.288119060619622225e+00
-2.114931259629242888e+00
-1.160085214501759721e+00
-9.298255753435622495e-01
-7.194919841754129353e-01
-1.040418952170950817e+00
-3.190697845942572108e+00
-3.821040948812038263e+00
-9.204855578363401181e-01
-8.308351034177519079e-01
-1.296957454791684450e+00
-1.359068571970407646e+00
-2.541942735158161160e+00
-1.371448841091443160e+00
-2.135799071646358627e+00
-1.636268266711389252e+00
-6.325996866899136206e-01
-8.671956321532486855e-01
