-7.234205308786315625e-01
-9.838832102952974612e-01
-5.057650854745410207e-01
5.676575171244506723e-01
-2.067001314387201472e+00
3.364722366212128946e-01
-1.832404264046052944e+00
-4.553056969932930964e-01
-1.112843509648794749e+00
-1.957178915934243424e+00
-3.978781983486790352e+00
-3.272461562442287253e+00
-4.841118695977660868e-01
-6.199788972094512074e-01
-1.214361678178166093e+00
-1.087552760456478307e+00
-2.768369269052477488e+00
-1.128329717732195148e+00
-1.470521171780620140e+00
-1.945704626719413799e+00
-6.847033402489777210e-01
-9.712781300850595878e-01
