112,-930.5885093501659,0.3255952380952381,0.18571428571428572,0.24345238095238095,0.24523809523809526,1.2,0.9,1.4,0.144,0.84,0.21599999999999997,0.21599999999999997,1.8554259337356453,0,7.978859001540302,7.150881132783837,0.927997431017645,0,2.5711752114816284,2.732427132394461,1.2494885936686522,0,1.2298275909007106,1.061313088020186,1.6809517625545132,0.0,5.800312967196764,4.904681645839768,1.6809517625545138,0.0,6.858199971312071,5.294606701164868,23.71739587971556,34.90806651208024,33.31029675485907,25.350966307103327
112,-876.3716785335286,0.26076267693664135,0.22629788568649653,0.19311844385920712,0.3198209935176551,1.5171441767957847,0.6666645580903598,1.3404287438599285,0.06094225107813598,0.35647825298417973,0.07629983383897204,0.07629983383897204,0.7852349521569625,0,2.8184519261208867,2.5259770473779954,0.39273786417321177,0,0.9082418583654264,0.965202482309242,3.2108050714593688,0,3.697055437278619,3.218006215322253,0.311937618629837,0.0,2.681010377979896,1.5675766188367561,0.31193761862983693,0.0,3.679136356613685,1.8217366438031022,17.90891506958365,24.480497910996192,27.287241835230795,18.644153059578592
112,-857.8701674679953,0.35992118352365887,0.16187792420936628,0.24113243184300656,0.23706846042396826,1.8325733671636228,0.5149641732605432,1.327909341282134,0.05067345468219476,0.26882018142720615,0.06560947427833198,0.06560947427833198,0.6529225136758481,0,2.423559001999982,2.172062739577735,0.3265613594851791,0,0.7809882125129108,0.8299680910196798,4.094440166712298,0,4.479716165392244,3.92360819685498,0.22178370084781823,0.0,2.5883319905766053,1.3307165971913881,0.22178370084781868,0.0,3.600339464490144,1.5985320382620931,17.445343792163218,23.252863912815013,27.351433457228012,18.438490142454704
112,-848.5822204335112,0.34303649836693895,0.17419620884472714,0.22464738957402186,0.258119903214312,2.0137272537042206,0.4502539190660471,1.3282118183032872,0.050245025683639845,0.24733155991683758,0.06950584171753851,0.06950584171753851,0.6474022478794371,0,2.567487550220452,2.301055611834287,0.32380038024884283,0,0.8273689688763922,0.8792576285598014,4.238434507374161,0,4.305596624769932,3.781793505094789,0.21948839349241653,0.0,2.5144480676912306,1.3233520924769129,0.21948839349241592,0.0,3.4523564065985792,1.5713376035229496,17.290300043488244,23.22240753687162,27.622698702473954,18.775446608947686
112,-824.2732897890583,0.32916829118954233,0.18392565263599706,0.19694377805715252,0.28996227811730807,3.5239988333720964,0.20235556483154127,1.3281175337398126,0.046437382629850976,0.14338361870506577,0.09694623607521481,0.09694623607521481,0.5983411390710465,0,3.5811127239545324,3.2094954187252847,0.2992623040533689,0,1.1540081437177703,1.226382064052943,5.102308418776419,0,3.318409386944548,2.949765569162319,0.2323715072918958,0.0,2.4823615176532883,1.4892525078916568,0.23237150729189576,0.0,3.1890542121971475,1.6401960018981603,16.787675909582262,22.23048627459515,30.054066852412312,21.21003974746987
112,-820.7113797002028,0.285325163243533,0.18870272874377877,0.24606826918878186,0.27990383882390635,4.111801689037386,0.15711795003715306,1.3129205739116585,0.06095055931032502,0.16239371121692148,0.10144315190659645,0.10144315190659645,0.7853420029171503,0,3.7472250265489233,3.3583700047176177,0.39279140596576545,0,1.20753758128151,1.2832686141907272,3.9689243799467624,0,3.215308852407361,2.864973031855774,0.3708645706587269,0.0,2.5811662911175635,1.714604643095457,0.37086457065872697,0.0,3.301269829212196,1.896422932730347,18.402066964036138,22.87499392108785,29.83456214839707,21.35256266253023
112,-816.6987344222238,0.3110305809018824,0.18681465009852863,0.23334199823477533,0.26881277076481364,4.476166427004896,0.13550066053778467,1.3055114931343472,0.07444524728751128,0.18543059084983016,0.11098534356231889,0.11098534356231889,0.9592197393098032,0,4.099705590376163,3.674273144885733,0.47975693218252624,0,1.3211239083574375,1.4039785372583384,3.282380887755018,0,2.9584821228982765,2.639216872604964,0.521207751405496,0.0,2.738654867312282,1.9699653234960453,0.5212077514054962,0.0,3.443546529173613,2.186928139997074,19.711199597711822,23.530361277970485,30.094029177563996,22.05036648703944
112,-815.4005672545984,0.3356531087932469,0.18426720807880703,0.21701662444417086,0.2630630586837752,4.963975275970427,0.11217121650916961,1.2909894418164525,0.09123578163908644,0.2098919775643461,0.11865619592525968,0.11865619592525968,1.1755641342903014,0,4.383060448827723,3.9282238552307502,0.5879622984580489,0,1.412434581720996,1.5010157832078366,2.7079006255122864,0,2.7873008924261202,2.489699198731033,0.7455641266531616,0.0,2.8896119450743214,2.241029417806188,0.7455641266531615,0.0,3.574490261025261,2.5029624775473107,21.601448773636232,24.488703959871106,30.33216899461292,22.79699992864088
112,-815.3042504048881,0.3298604775036439,0.18446952944693673,0.22130939285161622,0.2643606001978032,5.036812252941474,0.10847347266115859,1.285920084309786,0.09299103201674212,0.21138169804559293,0.11686141514020966,0.11686141514020966,1.1981803639493407,0,4.316762750575001,3.868805966095115,0.5992738806890019,0,1.3910702490146807,1.4783115808292675,2.661448408352612,0,2.8333672482256977,2.5313661763443887,0.7699817636885335,0.0,2.8673761871049104,2.231875021914853,0.769981763688534,0.0,3.555439381164647,2.4990372444447977,21.87172196403715,24.601382583523524,30.167736443369222,22.677997133123572
112,-815.280619998824,0.328870080850731,0.1843526040426844,0.2213164499470891,0.2654608651594955,5.057037277821077,0.1063819449047808,1.2813058273535036,0.09425212681122591,0.21345837822330552,0.11510898135151476,0.11510898135151476,1.214429447189509,0,4.252029314882725,3.8107900137060815,0.6074009135331039,0,1.3702099975459068,1.4561430732739213,2.628446270767377,0,2.878377271030371,2.571877644053656,0.7865005957552871,0.0,2.842366234788062,2.217689396620615,0.7865005957552872,0.0,3.5314022093551865,2.4904618395551514,22.062720538477155,24.71400247100685,30.016543225031576,22.566086994786495
112,-815.2676006973718,0.3287981084736236,0.18418996217989245,0.22063812700775262,0.26637380233873137,5.012998217291965,0.10547740838232045,1.2763090905973138,0.09505765296246303,0.214774839693493,0.11398020333238498,0.11398020333238498,1.2248085729624787,0,4.210333200722195,3.7734207662982286,0.612592067692587,0,1.3567734879993705,1.441863889542807,2.6072925737817623,0,2.90770211169537,2.5982106205255735,0.7954466795028703,0.0,2.8243883344264082,2.2055182266240307,0.7954466795028684,0.0,3.5144362789376746,2.4818248361392126,22.171752474826942,24.766530533274004,29.912151660856715,22.48124706226902
112,-815.2552601004014,0.328821331475137,0.1842089764131429,0.22000591423051283,0.26696377788120734,4.921570047242852,0.10460653959022254,1.2691758074643205,0.09584613889953336,0.2153536591171083,0.11332900066261045,0.11332900066261045,1.234968137240438,0,4.186278319779798,3.75186209553476,0.617673407442551,0,1.3490218391004125,1.433626093970679,2.586913785069332,0,2.925204065473589,2.61397641300979,0.8030334196293584,0.0,2.8117702006186187,2.196537549848848,0.8030334196293575,0.0,3.5031966170909588,2.4752084910050183,22.262332122299256,24.77118392394228,29.839749208458286,22.418033104917285
112,-815.2425504288251,0.3286022903900992,0.184352934401259,0.2199225543037498,0.267122220904892,4.788311090464181,0.10335490765164,1.2591887672214894,0.09657852589371826,0.21473494855417163,0.11356451663761918,0.11356451663761918,1.2444048721191974,0,4.194978082544636,3.7596590711929045,0.6223932216725115,0,1.3518253244562013,1.436605400638393,2.568824512296324,0,2.9202770702560943,2.609755587234298,0.8087840793747858,0.0,2.809278469106841,2.1949595842177083,0.8087840793747858,0.0,3.501904421495097,2.4737487175167163,22.32530153433527,24.713720473427117,29.834300934907795,22.407454364738328
112,-815.2431123481445,0.3302058134692179,0.18391401284285214,0.220969689090516,0.26491048459741395,4.704535893950192,0.10140386666508888,1.247643982516048,0.09478994207090047,0.2117360315964855,0.11349282202343317,0.11349282202343317,1.221359144275335,0,4.1923297435735245,3.757285554230381,0.6108668245007433,0,1.3509719012395724,1.4356984547631688,2.6197261840739747,0,2.923900901732582,2.61327841293925,0.7780438819481139,0.0,2.7909529215627424,2.1649589387710506,0.7780438819481135,0.0,3.4806418878491474,2.4384563696021733,22.097702943386953,24.61961967544874,29.904104244817,22.418264850033616
112,-815.2390534684106,0.32937348869356403,0.18414289153580152,0.22042617888862087,0.26605744088201355,4.74778474338821,0.10241074662246649,1.2536161293244985,0.09571517834955783,0.21328591464418936,0.11352998661683485,0.11352998661683485,1.2332807233465428,0,4.193702572511495,3.758515922701509,0.6168294417901763,0,1.3514142932826243,1.4361685915380538,2.593159584680575,0,2.9220256527585073,2.611455692061059,0.7938664956365014,0.0,2.800425171116314,2.1804817752431873,0.7938664956365015,0.0,3.4916336693819217,2.4567232605646017,22.215363590723342,24.668146400386092,29.867938791345907,22.412686215265044
112,-815.2365017760443,0.32893380218434776,0.18468639328431166,0.22010151306879977,0.2662782914625408,4.696486150302105,0.10230380076862623,1.250258837270407,0.09548166537883704,0.21251746614752914,0.11446881295344685,0.11446881295344685,1.2302719315289108,0,4.2283820306909385,3.789596642782247,0.6153245845892166,0,1.362589696081619,1.4480448626249294,2.5996337747727516,0,2.8981570834251227,2.5901394620750255,0.7886234438059079,0.0,2.8072899071058095,2.1857000171606713,0.7886234438059077,0.0,3.4965664157774135,2.4589618359363703,22.15588168684247,24.624425489469285,29.941108755727093,22.471278823009406
112,-815.2361256265972,0.32886661643511517,0.18433143939643556,0.22044149985444603,0.2663604443140032,4.700474504484808,0.10233513562220364,1.2498884105220804,0.09544512228329438,0.21263711136142763,0.11470827165273255,0.11470827165273255,1.2298010773124606,0,4.237227434386739,3.7975241459989277,0.6150890852920984,0,1.3654401140065127,1.4510740452500042,2.600590324018881,0,2.89207877852074,2.5847026455818995,0.7878711536630727,0.0,2.809910543684518,2.1879788235678594,0.7878711536630727,0.0,3.498678053819755,2.4607645382503742,22.145115791309593,24.631794786580173,29.9601765873316,22.48921111051736
112,-815.2360470239717,0.3288578856422046,0.18435925774035136,0.22043736310451706,0.266345493512927,4.705062732157295,0.10235887940432055,1.249697230564545,0.09530827254426333,0.2126300204697285,0.11473793737961878,0.11473793737961878,1.2280377817928554,0,4.238323261479347,3.79850625751134,0.6142071671930966,0,1.3657932426250334,1.451449320421514,2.6042949971340974,0,2.8913096093680886,2.5840118036113866,0.7857267884063526,0.0,2.809059726426841,2.1867824936317843,0.7857267884063526,0.0,3.497257824687222,2.4591519746861827,22.12664565757221,24.63528505390215,29.967295994161866,22.494122818035045
112,-815.2357357683059,0.32883080796160297,0.18445568773888787,0.220447093604967,0.2662664106945422,4.712154867484539,0.10234646730530704,1.246027713425284,0.09493810819719091,0.21314055257423176,0.11485698610755309,0.11485698610755309,1.223268250339366,0,4.242720821731664,3.8024474765042444,0.6118216702268638,0,1.3672103497464367,1.4529553017839434,2.614464601538998,0,2.888323964269572,2.581345269452138,0.7778038398302042,0.0,2.8025621792950495,2.179988434691151,0.7778038398302041,0.0,3.487930857489351,2.4510132397482898,22.063205766760184,24.669946167720973,29.990217473711528,22.510906728712015
112,-815.2353870103734,0.32886775603093665,0.18437463479146252,0.22029190120539746,0.26646570797220337,4.714532396334582,0.10237364203506939,1.2362676402849757,0.0941432055359847,0.2135942364385533,0.1149710164794403,0.1149710164794403,1.2130260071977166,0,4.246933008116763,3.8062225581472657,0.6066989783691662,0,1.3685677204202906,1.4543978003120066,2.6365058693543673,0,2.8854348103119127,2.57875927425347,0.7603788693287763,0.0,2.785257056935787,2.161422128477816,0.7603788693287763,0.0,3.4650598526634004,2.4293889621422937,21.93032957099345,24.71334990249658,30.03085366431624,22.532991250003207
112,-815.2351888389047,0.32854416590588903,0.18453121840391692,0.22051257421666887,0.2664120414735252,4.711258304874132,0.10232135159966929,1.2283238374640273,0.09403216542507294,0.21414557053673275,0.11500866002778624,0.11500866002778624,1.2115952662152822,0,4.248323529249031,3.8074687828678124,0.6059833885242633,0,1.3690158137461206,1.4548739959270995,2.639684923433241,0,2.8845374306914313,2.5779647896334845,0.753937490092347,0.0,2.7738480156682708,2.1506285588064884,0.7539374900923475,0.0,3.450924640325078,2.4175240084849876,21.889886801544982,24.744775270079984,30.040208536240225,22.536294712013746
112,-815.2349941163837,0.32878551737740586,0.18447339540585178,0.2204030378603917,0.2663380493563507,4.7095726619031,0.10237614280922074,1.2237544768214301,0.094116215675722,0.21439846767913634,0.11510082987086048,0.11510082987086048,1.2126782454846659,0,4.251728206017936,3.810520151348605,0.6065250441956432,0,1.3701129656709292,1.4560399560197133,2.637258806495889,0,2.8821783013755997,2.5758485208529156,0.7524845034385576,0.0,2.769344205879992,2.1467149245465684,0.7524845034385574,0.0,3.445252392176272,2.4133930766143594,21.88495177286555,24.755305667512324,30.046613102571683,22.541186553447353
112,-815.234905043074,0.3288222358981887,0.18442297572300734,0.22037324833959848,0.2663815400392055,4.70750066762546,0.10239961677429002,1.22134886548043,0.09420195501598277,0.21421001115835417,0.11509857498819755,0.11509857498819755,1.2137829885087021,0,4.25164491254186,3.8104455013583687,0.607077585081054,0,1.370086124474597,1.4560114314707848,2.6348290377139882,0,2.8822136597327277,2.5758767490938643,0.7525431397733959,0.0,2.7669679664328832,2.1445003640842772,0.7525431397733962,0.0,3.4427880343830224,2.4111137180150948,21.891447747926804,24.745536505940727,30.045473366390105,22.538291448817233
112,-815.2348226441378,0.32882408999338236,0.18442463877223414,0.2203691257199532,0.2663821455144303,4.711540057906318,0.10247250118504389,1.21737743883614,0.09424132652846912,0.2138476546894822,0.11514368744663199,0.11514368744663199,1.214290286601185,0,4.25331132895418,3.811938991302222,0.6073313119035721,0,1.3706231246359657,1.456582109736689,2.6336369488427307,0,2.8810189247582234,2.57479853158318,0.7511817760264362,0.0,2.7629022046809655,2.1404264224708824,0.7511817760264355,0.0,3.4381587799271287,2.4065763447046313,21.888708838798003,24.73051308331128,30.050955809049416,22.539221989742018
112,-815.2348173014348,0.3287882166791004,0.18443577512420442,0.22036583030163162,0.26641017789506355,4.715216099182954,0.10240520962833038,1.21691504886165,0.09423538616682739,0.21371434353333263,0.1151571369639269,0.1151571369639269,1.2142137456217001,0,4.253808142852953,3.8123842500960614,0.607293029678969,0,1.3707832221613132,1.4567522478199029,2.633887291251682,0,2.880742913587436,2.574561518620421,0.7510054970094416,0.0,2.762455769861252,2.1400600089912776,0.7510054970094413,0.0,3.437538870225005,2.4060685299996396,21.888547179795395,24.726891192069125,30.05391421106271,22.5415123504848
112,-815.2348152102803,0.32880882063370925,0.18443788320817042,0.22037935899979547,0.26637393715832486,4.714123313979398,0.1024378627963874,1.2167447262671516,0.09421717095753614,0.213717819743404,0.11515851108935478,0.11515851108935478,1.2139790444292877,0,4.253858901894802,3.812429741797896,0.6071756430996098,0,1.3707995791855614,1.4567696306791735,2.634355579370187,0,2.8806791957847473,2.574499885017735,0.750611246044838,0.0,2.762198791021353,2.13964520134122,0.7506112460448374,0.0,3.4372599428964197,2.405607292591959,21.88533169277357,24.726650738188944,30.054177870841635,22.541104794385816
112,-815.2348147121564,0.3287974192458562,0.18444186363958254,0.22037240460372534,0.2663883125108359,4.714028628128047,0.10244806893835139,1.2168423365487726,0.09422459425224435,0.2137292809683895,0.11516225006225507,0.11516225006225507,1.2140746928564778,0,4.253997016420644,3.8125535239773805,0.6072234819775189,0,1.370844086382032,1.4568169291560256,2.634135246015854,0,2.8805764975485193,2.574406637047387,0.7507579738977354,0.0,2.7623851051274935,2.139871843394491,0.7507579738977359,0.0,3.437471627932115,2.405851890707221,21.886256347051294,24.72681199916589,30.05402065172901,22.54119652261045
