-7.331228672700869087e-01
-8.214229898608256253e-01
-5.194640728151294073e-01
7.944163106563763010e-01
-2.732417812921036138e+00
3.364722366212128946e-01
-1.820013166669146365e+00
2.403456882786084992e-01
-1.489747284422946183e-01
-1.106030728250835926e+00
-1.052569534053177414e+01
-3.323974753182052488e+00
-5.115208929810782790e-01
-3.888097818493582158e-01
-1.068610501980133742e+00
-9.295874419121408216e-01
-1.168109162121692179e+01
-1.302090231060449854e+00
-1.343793606890156589e+00
-1.572964597780647678e+00
-8.770876206196099867e-01
-2.789904647009889826e-01
