-6.880564517486279508e-01
-8.200117144359453381e-01
-4.870111632404837132e-01
7.124407192375686870e-01
-2.078441935864663748e+00
-1.053605156578262814e-01
3.364722366212128390e-01
-1.587657445223933816e+00
-7.052323170131464813e-01
-6.101461167403575692e-01
-1.355842329587218176e+00
-3.466048353485875477e+00
-3.649498625489605796e+00
-8.964846285796713721e-01
-6.474430239336688153e-01
-1.400545109914355546e+00
-1.204821115864795678e+00
-3.056388956303554671e+00
-1.110886616189129317e+00
-1.786302218114884210e+00
-1.831363773922335847e+00
-1.022387671955787614e+00
-1.141500366042896619e+00
