-6.944868700197676104e-01
-8.895703031597695931e-01
-5.252859953833693973e-01
6.573482515131831017e-01
-2.811674893954661414e+00
-2.231435513142097093e-01
-1.554912179508040726e+00
-3.062930659236822617e+00
-2.058644612307388710e-01
-1.019443977610054564e+00
-1.329004252027613520e+00
-2.772966870700292574e+00
-2.974398048043496612e+00
-8.866173360982820828e-01
-8.791681108068608586e-01
-1.512343277553104492e+00
-1.617812594508721835e+00
-3.015223618993799093e+00
-1.783025282671703904e+00
-2.404326321687561219e+00
-1.864136212166059847e+00
-1.237867119541397720e+00
-1.312192348310772916e+00
