-7.419769569252385732e-01
-9.558740437827031311e-01
-5.138670611611965144e-01
7.011172365398379291e-01
-2.435919775393984299e+00
3.364722366212128390e-01
-1.591221986453622561e+00
-1.051342590555772949e+00
-4.039536860139607000e-01
-1.973647033601573009e+00
-3.253416686068165919e+00
-2.332162726193563795e+00
-6.272677537451457619e-01
-8.724780044790818589e-01
-1.312601396776991836e+00
-1.336092885206271230e+00
-2.899816541253725788e+00
-1.207754091939827301e+00
-1.872307942676628478e+00
-1.468163249359341282e+00
-1.120893896834034953e+00
-8.856878159800795070e-01
