-6.598429083890683389e-01
-6.986381079135175476e-01
-6.483714771477364636e-01
6.584567081683080358e-01
-2.300411455729256094e+00
3.227915532422299671e-01
-1.945020860654571360e+00
-1.155330212312075222e+00
-5.076858431759003754e-01
-9.214972298062837908e-01
-2.485394751770392041e+00
-3.766277084973868483e+00
-2.531760127361578849e+00
-1.041896719030761309e+00
-4.997481809540042508e-01
-1.404015589246711881e+00
-1.145277253282355190e+00
-3.057333379335975376e+00
-1.674254614662041396e+00
-2.064479236249936900e+00
-1.965269065491835665e+00
-1.099130881588728403e+00
-9.504368030187048122e-01
