-7.415038526013614240e-01
-9.598992157706330852e-01
-5.173261018991132110e-01
7.180304405789228461e-01
-2.506781951775412853e+00
-2.386436751878571183e+00
-1.759868707020318723e+00
-9.392958791949052033e-01
-1.460680949166150544e+00
-3.589282363614413884e-01
-2.188991393618636927e+00
-3.343993506863808918e+00
-2.348772817690678139e+00
-6.435434156437279674e-01
-9.376546035687806091e-01
-1.366278061615412431e+00
-1.441990403255587472e+00
-3.007572970993957373e+00
-1.312764385394434186e+00
-1.936878417741158653e+00
-1.569523009410439540e+00
-1.181509535322187610e+00
-9.531349921293295058e-01
