-6.904012474604813709e-01
-8.703873171924828567e-01
-5.391785967297376692e-01
5.977737828060433189e-01
-2.786171244272621195e+00
-1.002467963998776357e+00
-1.731628909743612610e+00
-1.434734330269116453e+00
-8.405822803888416406e-01
-6.414921748106752197e-01
-1.329364270639368462e+00
-3.177221215839437729e+00
-3.087735708268294577e+00
-8.358560966294987793e-01
-1.021458240840396270e+00
-1.593148676821299459e+00
-1.303808504001809032e+00
-2.718984258953682343e+00
-1.509893206286696099e+00
-2.113025665916060447e+00
-1.596031359774770619e+00
-1.016723250757094243e+00
-8.958129253157010030e-01
