-6.732174024892728648e-01
-7.555711512978837696e-01
-5.389468620791604270e-01
7.041509403462262728e-01
-2.565585978369321118e+00
-7.961386673148143633e-02
-2.305791798319643426e+00
-3.890875457442257157e-01
-4.631184074492839531e-01
-3.930507229208865527e-01
-9.820653488648818374e-01
-3.427007681738179379e+00
-3.568996625180662186e+00
-4.324355644212560801e-01
-7.667052103116621664e-01
-1.441903058050898245e+00
-1.034897637301052109e+00
-2.066845242946655947e+00
-1.458698133736370472e+00
-1.910135413482576539e+00
-1.942141643661855710e+00
-1.025604387869620160e+00
-9.992775673289014948e-01
