-6.440269829354995368e-01
-8.083732525936377922e-01
-4.814211155923238672e-01
6.561578894880045754e-01
-2.075530260828128082e+00
-1.852858130929924130e+00
-1.163589151261680943e+00
-6.519959950603773091e-01
-3.151474468719224764e-01
-5.292065930029640208e-01
-4.123829749110198506e+00
-3.103424972821424266e+00
-6.473857368831434922e-01
-5.431244011885778544e-01
-1.437226817857639727e+00
-1.261346894502469729e+00
-1.120830819453467964e+00
-1.652844919617651120e+00
-1.734562425364711835e+00
-1.303180429969527987e+00
