-6.682769952483993414e-01
-8.258398190338661626e-01
-5.665437970499628273e-01
4.352920398217262066e-01
-2.074897663046839646e+00
-2.231435513142097093e-01
3.364722366212128390e-01
-1.626856133898262335e+00
4.623480225421440493e-02
-4.912394880267596520e-01
-2.151413995261257650e+00
-2.564146296411078385e+00
-3.057735355893365981e+00
-6.335105454669650582e-01
-2.819610383209508186e-01
-1.150384217657593799e+00
-1.025960465179682535e+00
-2.800466315873946233e+00
-1.050554664111537750e+00
-1.726777610966083065e+00
-1.850676882743764740e+00
-8.789037565520269046e-01
-1.030071904487673384e+00
