-7.124622252518603149e-01
-1.030118237984414709e+00
-3.844156859897256973e-01
5.807186853728860676e-01
-2.074291229376869161e+00
3.882300444099942016e-01
-3.084872672371810953e+00
-7.552230780387721998e-01
-4.706783839486985421e-01
-5.712268357973565580e-01
-1.520053063999833309e+00
-4.172954079739253253e+00
-2.773852198388273571e+00
5.152319834930895182e-01
-9.991188766702346902e-01
-8.696593240873460307e-01
-1.078538687570036680e+00
-3.411187188108808943e+00
-1.831268723226963546e+00
-1.439547756497956632e+00
-1.879715814652286765e+00
-1.088617711079137962e+00
-1.101169914236771907e+00
