-6.682770005543178238e-01
-8.258398346750354113e-01
-5.665437821447786293e-01
4.352921423758002728e-01
-2.074897556086350292e+00
3.364722366212128390e-01
-1.626855796093430451e+00
4.623457813071162048e-02
-4.912395314322474671e-01
-2.151413921358416914e+00
-2.564145884610937731e+00
-3.057736206384610966e+00
-6.335104410191674251e-01
-2.819610379330878547e-01
-1.150384173538034016e+00
-1.025960460035331367e+00
-2.800466409282716285e+00
-1.050554640311465837e+00
-1.726777496838161507e+00
-1.850676871618866848e+00
-8.789036740057720731e-01
-1.030071860225802771e+00
