-6.600903469145877889e-01
-8.166417441474785877e-01
-5.863498973452700991e-01
6.922536923815706400e-01
-3.508460538508221482e+00
-1.053605156578262814e-01
3.364722366212128390e-01
-1.290711782495752136e+00
-4.702469788136109941e-01
-8.424346924588594909e-01
-1.967724023124376886e+00
-2.009988784125714023e+00
-4.253906718957478184e+00
-6.429626694359631411e-01
1.551277549197931371e+00
-1.299099925728006921e+00
-1.520544303072513204e+00
-5.503100279168354092e+00
-1.554693649674314004e+00
-1.968268195555075151e+00
-2.107528163249274389e+00
-1.787987283185666687e+00
-1.172826051065765096e+00
