-6.630755352418307158e-01
-8.556736043811792314e-01
-5.215049169900261017e-01
5.357320378157475194e-01
-2.201319594982654504e+00
-1.879668100766573591e-01
3.364722366212128390e-01
-1.771170818514588019e+00
-3.517084585402156516e-01
-5.322033408159289047e-01
-1.977360075000425432e+00
-3.327980552502245448e+00
-4.132752954889086006e+00
-2.233915000445399757e-01
-6.556515113422546337e-01
-9.677201160280182179e-01
-1.135488674915258400e+00
-2.487665140380729500e+00
-1.144821909807032911e+00
-1.817776245510133837e+00
-1.228926700945598638e+00
-1.050180529997783330e+00
-1.071870464653872146e+00
