-6.818610605572817951e-01
-7.890007799850612402e-01
-5.411595188498222742e-01
6.252148364259915159e-01
-2.942433195398078460e+00
2.892811272998965788e-01
-1.399284591640473918e+00
-1.289972858655979326e+00
-7.669505631719727434e-01
-1.093951773980034403e+00
-1.903219341423062927e+00
-3.261546059384540008e+00
-4.076388700884319150e+00
-9.163503815363921445e-01
-9.385010335859009789e-01
-1.567489342956619458e+00
-1.529840484266945522e+00
-2.798356351834428324e+00
-1.771512424843938449e+00
-2.407291714898687207e+00
-1.727969880703412509e+00
-1.140354429386684076e+00
-1.340181953091254430e+00
