-7.221081855644476688e-01
-8.397449889410996127e-01
-5.630264714582676744e-01
6.071849328438106985e-01
-1.952555396083571981e+00
-1.588848419716677229e+00
-1.379422268114481653e+00
-8.633580477599818170e-01
-5.208344999429234123e-01
-1.744023352117854531e+00
-2.477755786241071956e+00
-2.070533317242805538e+00
-3.807911812799826823e-01
-7.142162246634153888e-01
-1.540719188139438867e+00
-1.196908896050818516e+00
-2.580837321600645939e+00
-1.090336268719628521e+00
-2.387991561352501790e+00
-1.825269844955373477e+00
-5.517635314231631449e-01
-6.537864520558054338e-01
