-7.221090658357136594e-01
-8.397553084462876516e-01
-5.629963628715370927e-01
6.073101172049438778e-01
-1.952527376823487204e+00
-1.589775128300630058e+00
-1.380693321127585360e+00
-8.627328552160130615e-01
-5.208682452639030735e-01
-1.742263591704809045e+00
-2.476862422530364150e+00
-2.070383751192810706e+00
-3.807701361663026196e-01
-7.142358628727916159e-01
-1.540651878900758165e+00
-1.196908659822433663e+00
-2.579652804408473443e+00
-1.090411083881295706e+00
-2.387645931042218006e+00
-1.825802359930865704e+00
-5.518893779569487013e-01
-6.537960760667967941e-01
