-6.601090548851342721e-01
-8.166410862933514148e-01
-5.863368947755662752e-01
6.918378209749161956e-01
-3.508338167152552423e+00
-2.231435513142097093e-01
3.364722366212128390e-01
-1.291767350932866876e+00
-4.704995023172269808e-01
-8.422209393516842946e-01
-1.964670460900030502e+00
-2.010704518305161503e+00
-4.256786512685484247e+00
-6.429924347089980285e-01
1.551099943372843404e+00
-1.299659266217240816e+00
-1.519904412246767977e+00
-5.508572078498044533e+00
-1.553918037526470508e+00
-1.967993125840006741e+00
-2.107382015338534309e+00
-1.787482991374871544e+00
-1.172515343197427340e+00
