-6.902222254392198497e-01
-7.898500652117527165e-01
-5.172863262157212372e-01
5.516007604405401832e-01
-2.455123025849751173e+00
-4.033509937425754366e-01
3.364722366212128390e-01
-1.428677833375063155e+00
-9.422386729452634224e-01
-7.562458461658939646e-01
-1.385461682056287946e+00
-3.551892131547067066e+00
-3.387724140056739053e+00
-5.951738703229215721e-01
-4.666331765817197108e-01
-1.426180725554555107e+00
-1.330262302429813914e+00
-9.783862704362583651e-01
-1.399580298639504949e+00
-2.331613471551194028e+00
-1.855314915936550069e+00
