-5.802560365215388982e-01
-8.647094780042832163e-01
-5.426852818263373512e-01
5.231559884874968924e-01
-1.847179612664267889e+00
3.364722366212128946e-01
-2.227739806194932726e+00
-7.595713316283029259e-01
-1.186679381783626086e+00
-1.201109762896162225e+00
-3.259819939080003781e+00
-2.657537795992044760e+00
-5.273585242730884914e-01
-3.042322504377685810e-01
-1.334144306654934997e+00
-1.038453113688346141e+00
-2.422937221749394965e+00
-1.063404431332716449e+00
-1.419452262600055414e+00
-1.554398091499458179e+00
-1.050480085730465918e+00
-9.287311887076113992e-01
