-6.543274003931186522e-01
-8.647953665321344019e-01
-5.143904782606421033e-01
5.185610188324557557e-01
-2.237858688154694242e+00
-1.207908646214863380e+00
-1.401528409775380402e+00
-1.498212472041440702e+00
-4.090669114484216107e-01
-4.775565648073157310e-01
-1.882020283800990068e+00
-3.062597262606745918e+00
-1.336794964039787281e+01
-2.213327421122862071e-01
-6.382067045174736331e-01
-9.469555116306017650e-01
-1.122251743076893682e+00
-2.443657613381487792e+00
-1.171772064787207857e+00
-1.861024030294368581e+00
-1.206950794991528797e+00
-1.051186980315860442e+00
-1.083011082164790917e+00
