-6.511844215585824713e-01
-7.896677961374902743e-01
-5.353350668636245313e-01
4.747157571332531467e-01
-2.220699861863041136e+00
-1.366008094010390472e+00
-1.749879346690244253e+00
-8.735048929026013875e-02
-2.737224342482876605e+00
-1.263312954206412542e+00
-1.511387428596238980e+00
-2.270449386502164213e+00
-3.508991591619513351e+00
-6.416279863032583464e-01
-6.509235128625008304e-01
-1.641931083487884191e+00
-1.487979633185462003e+00
-7.108611557078541310e+00
-4.925305958252284566e-01
-1.959671393339938783e+00
-1.286243319737822466e+00
-2.875119634712471339e-01
-9.581985022666502649e-01
