-6.910689005702898013e-01
-8.400268769660362844e-01
-5.264947173465112096e-01
6.855496031703849358e-01
-2.662577102836716225e+00
-1.601764047576835492e-01
-1.704290201432671070e+00
-1.242069866941006850e+00
-1.047507266542568649e+00
-8.140802991303084379e-01
-1.475013380003577623e+00
-2.875356482821520565e+00
-3.397973706358213608e+00
-1.072090243025654477e+00
-1.021636331791492713e+00
-1.418614084355796612e+00
-1.105981540383328410e+00
-3.361891975751051032e+00
-1.636304072085649208e+00
-2.148555100049988731e+00
-1.950589666426181035e+00
-1.426194492920464629e+00
-1.142150473428708013e+00
