-6.092775180677256763e-01
-6.773195006399911344e-01
-6.202823571000211089e-01
6.962944252064873218e-01
-2.520622343885295269e+00
-1.053605156578262814e-01
3.364722366212128946e-01
-1.523884547148557145e+00
-2.891907117511307024e-01
-7.799277535990829513e-01
-1.549005831165920277e+00
-2.953361125577662616e+00
-3.837560278903846545e+00
-7.921136365959834391e-01
-1.056470484750202887e+00
-1.401538831206399216e+00
-1.252640634065188552e+00
-2.804054439472670968e+00
-1.323741381097235603e+00
-1.774200603128229581e+00
-1.548693853745810589e+00
-1.031614996695357167e+00
-9.213868976389184562e-01
