-6.593668152276843664e-01
-1.022675256511382136e+00
-3.665151635359462645e-01
5.890420412915585713e-01
-2.576659062256423827e+00
5.757738785085643185e-01
-2.308160801059039091e+00
-8.740488734836736606e-01
-1.322182618352627514e+00
-9.725973650109895896e-01
-6.912307033453485294e-01
-4.110838710646076422e+00
-3.600415920353939203e+00
-8.407151946404496368e-01
3.007153927415837646e-01
-1.348269353128508374e+00
-1.464248244701787938e+00
-4.090041511879661584e+00
-1.508100569944641034e+00
-1.222191811920684490e+00
-2.147142539824659746e+00
-1.339486403779106993e+00
-1.266454062795696389e+00
