-6.808583002748764823e-01
-8.507937223896622214e-01
-5.364507120061391410e-01
7.283092304585847554e-01
-2.555325884754731547e+00
-4.086142297488713493e-01
-1.887994236431895567e+00
-1.117320784148597479e+00
-9.952472134989174268e-01
-9.957636557255384879e-01
-1.185525366659496926e+00
-3.059890331187593571e+00
-2.271698498030593427e+00
-4.470531636186354518e-01
-9.745541146698074586e-01
-1.241645369876307248e+00
-1.210714337245097028e+00
-7.825598462063850791e-01
-9.450785412587826562e-01
-1.737542163531083483e+00
-1.489397469944571339e+00
