-6.708577279565091089e-01
-7.165517281491406987e-01
-5.957687259053424667e-01
5.224936500978285547e-01
-2.163839979120547596e+00
-2.590668657900746519e-01
-1.703972251616528322e+00
-7.532108964674086860e-01
-7.295765363727063635e-01
-3.330513666913084148e-01
-1.281593754657660567e+00
-3.033461255379462873e+00
-2.941333751322896539e+00
-6.011710341096433430e-01
-3.411265590867256781e-01
-1.042048049582406932e+00
-1.315298717500923420e+00
-2.830588206647561833e+00
-1.054553862636916861e+00
-2.003374969942296691e+00
-1.727758553136267361e+00
-1.080062739362083635e+00
-7.276130095932346054e-01
