-7.411705168329265625e-01
-9.528773678736862651e-01
-5.235608273751005681e-01
7.200291991181991813e-01
-2.428770192050953458e+00
-1.469881715493583485e+00
-1.109437937553673814e+00
-1.378707230819423479e+00
-3.766559203925409771e-01
-2.036643379103283635e+00
-3.397526816621007306e+00
-2.343265072404459914e+00
-6.599752419588936769e-01
-9.370365650594379980e-01
-1.379040050336219458e+00
-1.438719681866494238e+00
-3.011486011393779805e+00
-1.301833224423311508e+00
-1.946179844718489926e+00
-1.567591998959975141e+00
-1.190600276932346269e+00
-9.590517655122295926e-01
