-7.441617523382461075e-01
-8.874414399985355306e-01
-5.135100321464739492e-01
6.478174162641729961e-01
-3.015413015957850718e+00
-2.231435513142097093e-01
3.364722366212128946e-01
-2.096531763612165200e+00
-8.103755145035737018e-01
-1.157185178713732610e+00
-1.964690033257606938e+00
-3.437400558659108984e+00
-2.755046004310379271e+00
-9.302588625675574097e-01
-8.651563549599365910e-01
-1.561720569434188244e+00
-1.344914002061125213e+00
-2.673189222519060326e+00
-1.357151480957857759e+00
-2.062106581343892131e+00
-2.061008900286880774e+00
-1.267500099679809811e+00
-9.853995264882090543e-01
