-6.618028568147716895e-01
-9.769401574119583875e-01
-4.786456095224192464e-01
9.571940388957115298e-01
-5.973808485106198773e+00
-1.381551055796427363e+01
-3.766368022418227657e+00
-4.290673442558258777e-01
-1.027692549456291626e+00
-1.179127715868161230e+00
-3.963527696061996952e+00
-3.425945599552238097e+00
-7.010614726952409947e-01
-9.136293236678451057e-01
-1.806602912539283734e+00
-1.680880129516843180e+00
-3.431640478129609484e+00
-1.805681470175145131e+00
-2.088717309108765630e+00
-1.806430303108965241e+00
-1.253333366207061150e+00
-1.234034167983538710e+00
