-6.421727968492038086e-01
-7.034305896862371732e-01
-4.931463519890604830e-01
6.584793383809133260e-01
-2.847045666339302894e+00
3.364722366212128390e-01
-2.502286216005501718e+00
-1.279664912058252835e+00
-4.127964220627389214e-01
-2.240912571419721111e+00
-4.341867799630282576e+00
-4.166428683868488747e+00
-1.314357397231852520e+00
-5.912555484367841840e-01
-8.656103839431489311e-01
-1.925478863700290866e+00
-3.004063520859351133e+00
-1.919602721289324965e+00
-1.391044141267349099e+00
-1.203181619049867423e+00
