-6.516222673936994392e-01
-8.166907005308945422e-01
-5.430850369613668960e-01
8.068263243125487483e-01
-2.636051282485558644e+00
-6.031005412497694035e-02
-1.922199410036113720e+00
-9.899646423957250141e-01
-5.978760224920953714e-01
-6.475900041756823544e-01
-1.336852701242484232e+00
-3.171439439655587833e+00
-4.567250634219364613e+00
-9.165719644491205909e-01
-1.233151001343483877e+00
-1.540423514672346395e+00
-1.429938220070153587e+00
-3.759764330325327641e+00
-1.604212901433935023e+00
-2.076852323514088994e+00
-1.681695144958781363e+00
-7.984709960860844058e-01
-1.090254586252058067e+00
