-6.027666355861696079e-01
-7.823106581534818860e-01
-6.248936354149559058e-01
6.027434206324491228e-01
-4.286722338805605048e+00
-1.684638114206391535e+00
-4.682457079096868036e+00
-3.210048278403432320e+00
-3.424722404662662867e-01
-7.383108656959662675e-01
-5.852927445716628041e-01
-6.381495213289653634e+00
-4.242143442709938483e+00
-1.309035700126413015e+00
-1.578065841044379525e+00
-3.801414921978086170e+00
-1.505606968541060020e+00
-2.462788372238468693e+00
-1.733377203679484557e+00
-9.824507680743811422e-01
-1.158308330191568647e+00
