-7.217916837007448683e-01
-6.910986655238897658e-01
-5.775173527947893293e-01
7.799711128812761851e-01
-2.747330482770592219e+00
-2.604706662118382088e+00
-2.457904995796907688e+00
-1.458172120928119320e+00
-1.042305144138517381e+00
-1.017480932672637284e+00
-3.036003413508709059e+00
-3.931537251005833955e+00
-1.358997734101161869e+00
-1.129539939588749098e+00
-3.841644424921287992e+00
-1.991715225806948375e+00
-2.178564550437387837e+00
-1.977525883535913298e+00
-2.191355083620495137e+00
-1.135601420031035813e+00
