-6.912124845159210995e-01
-8.953630985603525660e-01
-5.223531310689489837e-01
6.675844914525270735e-01
-2.931033880257382318e+00
3.911155124363956403e-01
-1.421328857304550830e+00
-1.764396617650132892e+00
-3.102290307061698615e-01
-1.054295902056790135e+00
-1.391470066941500772e+00
-2.983288517870974932e+00
-2.904112207225536313e+00
-9.238215623586460978e-01
-8.952845151214557928e-01
-1.534327725218398664e+00
-1.697338007265034365e+00
-3.034858523628979121e+00
-1.821817023898291144e+00
-2.434416362665858369e+00
-1.942596000522422095e+00
-1.280878791784862081e+00
-1.339012787340408739e+00
