-6.606444044577792774e-01
-8.574604735615984907e-01
-5.040260752703861202e-01
6.818913885624385829e-01
-3.522522496371458089e+00
-1.089713662920662740e+00
-1.386007336614310637e+00
-1.384016675864537360e+00
-6.342529531998393200e-01
-1.047806513081347202e+00
-1.617833806240750683e+00
-9.201014241530122817e+00
-5.477178486315658290e+00
-9.781959243619210431e-01
-7.641297462157384812e-01
-2.200464197063721539e+00
-1.483516966306212881e+00
-3.759562751550154847e+00
-1.778049749721305473e+00
-3.096594385347008593e+00
-2.109350452846178392e+00
-1.519125576899148733e+00
-1.897399983189601569e+00
