-6.193794339898439638e-01
-7.832232317781462339e-01
-5.074586000271439357e-01
4.986036043474319501e-01
-2.663824178676856835e+00
-1.364201924192051940e-01
-1.960087550773135012e+00
-2.294731893314103655e+00
-1.262906722307580276e+00
-7.365404234871338884e-01
-1.894119854443667039e+00
-5.170000234804805750e+00
-2.776596106779916973e+00
-8.178746559045653175e-01
-9.599949741610739329e-01
-1.495697482550888413e+00
-1.561859594599106060e+00
-3.153348687190476785e+00
-1.464512332208280698e+00
-2.246938894098348349e+00
-2.146772998215431105e+00
-1.102548545503035715e+00
-7.163677127600540651e-01
