-7.081799874567844544e-01
-9.680094168519263187e-01
-5.067706690404696346e-01
6.640532379387542594e-01
-2.437131132857756732e+00
-1.276379502845061076e+00
3.364722366212128946e-01
-1.344651613231045761e+00
-3.801590343895989155e-01
-6.061177025610204883e-01
-1.905981344740672601e-01
-2.815449488991117910e+00
-2.590339430448476588e+00
-1.098999628073222379e+00
-1.092657155348514486e+00
-2.986916760582518648e+00
-1.379452668100311641e+00
-2.067456754437334343e+00
-1.739465570904295877e+00
-1.076999150104605230e+00
-8.406245695530245587e-01
