-6.808035839686841229e-01
-8.006538913299401372e-01
-5.081169670735985466e-01
6.288731929632861428e-01
-2.084947597731921398e+00
-2.231435513142097093e-01
3.364722366212128390e-01
-2.242218567064741208e+00
-5.811011623682210692e-01
-5.422830617940992415e-01
-1.399676026952048957e+00
-3.480286344277398580e+00
-3.017170562168257408e+00
-5.678307402103894841e-01
-8.596137241637108461e-01
-1.368931252903317741e+00
-1.193126033934969632e+00
-2.407151440159544187e+00
-1.089232836950770222e+00
-1.517270177231961448e+00
-1.387262148975505038e+00
-3.117669149126493511e-01
-7.524917163079083426e-01
