-6.983235996538080803e-01
-8.404715134428104584e-01
-5.536088103726196641e-01
6.237541424001959989e-01
-3.124400800214189644e+00
3.364722366212128946e-01
-2.064856968113726321e+00
-3.084385440707420045e-01
-1.101498791470730154e+00
-1.473987770101677697e+00
-3.542453864812769027e+00
-3.325589878802054145e+00
-7.526050845535359191e-01
-9.156867644488345670e-01
-1.412943871351187042e+00
-1.382839312147104760e+00
-2.989926036604944937e+00
-1.641287359590205774e+00
-2.183784575428018293e+00
-2.087987387176793330e+00
-1.292054651513083297e+00
-1.016952245390438714e+00
