-6.319495288347072304e-01
-6.692341203986915676e-01
-6.319494740869986416e-01
4.690219229984568527e-01
-1.522336775251830643e+00
-1.561655379615004557e+00
-5.329182480730998428e-01
2.343722448606869180e-02
-1.087344275362519957e-01
-1.087130055525993955e+00
-3.190583152109434995e+00
-3.323371640516222136e+00
-2.587257736826613641e-01
-1.168481940189057544e-01
-9.254646880629218142e-01
-8.491539842620478007e-01
-1.928144734910206770e+00
-1.129366290588626365e+00
-1.175153652166543550e+00
-1.105599692945091528e+00
-7.549770177495339629e-01
-5.945349460471096581e-01
