-6.955662935369499866e-01
-8.699092940259248730e-01
-5.337531900475983582e-01
5.955238711665326035e-01
-2.689693069801161851e+00
-2.231435513142097093e-01
3.364722366212128946e-01
-2.416254633808457175e+00
-5.690969537323173899e-01
-6.123966617388718614e-01
-1.438769142804283252e+00
-3.285299899153051317e+00
-3.031358029625214279e+00
-8.329224796072476344e-01
-9.522415097800198680e-01
-1.531141591154128179e+00
-1.205925236485471119e+00
-2.692272270921507005e+00
-1.412729055871151385e+00
-2.043525873077364441e+00
-1.504542943653264908e+00
-9.628376653603154534e-01
-8.124529796165540496e-01
