-6.524563430388553575e-01
-7.971332001104020071e-01
-5.592111967892452462e-01
5.984806379130738208e-01
-2.339948299417765831e+00
-1.284620540247768616e+00
-1.747771583734678558e+00
-1.376115629701446297e+00
-1.084146133929783540e+00
-2.832474695381332341e-01
-1.173339570181814562e+00
-1.134989800844254404e+01
-3.065619105812044776e+00
-1.066450394824217218e+00
7.273233156083697137e-01
-1.515484000555554100e+00
-1.342448426329297728e+00
-2.643481529076385783e+00
-1.198347499136121375e+00
-1.982388318672015481e+00
-1.236998293727901599e+00
-1.290891288925730018e+00
-8.704528926068509920e-01
