-6.524429034502959857e-01
-7.970992926560498404e-01
-5.591965009289817656e-01
5.984241210331194827e-01
-2.340054087790556903e+00
-1.285772127707376145e+00
-1.747541477994474457e+00
-1.377131581924074366e+00
-1.083908974914729484e+00
-2.831660887616788136e-01
-1.172240461721143046e+00
-1.191547180525381222e+01
-3.064535117462561686e+00
-1.067145968213079055e+00
7.274484635196543092e-01
-1.515224633533300613e+00
-1.342605530602168917e+00
-2.643921852673433825e+00
-1.198410329040217714e+00
-1.982745518246428418e+00
-1.236974828881304056e+00
-1.290867277382042211e+00
-8.705283412517910158e-01
