-7.150920742995697799e-01
-8.348901355475825126e-01
-5.354875624119231903e-01
5.854010872363782925e-01
-2.317431044122161055e+00
-5.697693494584548102e-01
3.364722366212128946e-01
-1.975878626628705614e+00
-8.293090122644268813e-01
-1.366295105198077398e+00
-1.598512852519182958e+00
-4.297056731452423506e+00
-2.875970661581481735e+00
-8.670478448794225468e-01
-2.305467001220639078e-01
-6.410908988800934072e-01
-9.937743980903951391e-01
-3.132006831526825685e+00
-1.444582051397282019e+00
-1.111562957718287725e+00
-1.200356897255007160e+00
