-7.117985277345373341e-01
-7.917659600555355670e-01
-5.196310465799016676e-01
7.836428926462012390e-01
-2.789548925614378394e+00
-1.948900612824066458e+00
-1.232799740626559171e+00
-7.992311571064164566e-01
-7.136451583604179749e-01
-1.043345138532039362e+00
-1.004616158073547316e+00
-2.442856268168274614e+00
-5.777679462599070170e+00
-6.936371501538081130e-01
-9.056480128820891817e-01
-1.338215455777681528e+00
-1.584087628161371386e+00
-2.900552180584361484e+00
-1.200456306518688399e+00
-1.976253280935776235e+00
-2.058864172732366882e+00
-4.869779833571568073e-01
-1.222597360417688517e+00
