-6.792157275183360321e-01
-1.144849099265629500e+00
-3.852786642599563272e-01
6.907589284669420904e-01
-3.682746533128679278e+00
-1.537929753734104121e+00
-3.329058622189906114e+00
-1.004756591855277881e+00
-6.007863665889230376e-01
-1.202664001941343486e+00
-3.431592481867974609e+00
-2.113452243923029439e+00
-4.561594091762684045e-01
-1.491723972652873043e+00
-1.937083250054337125e+00
-1.699522380084819373e+00
-3.106843282979631304e+00
-1.488813712617777618e+00
1.830950006797627205e+00
-1.801068820444589935e+00
-1.442431979348878679e+00
-1.051984356505272222e+00
