-6.436992595810659967e-01
-8.306856778916003048e-01
-5.914226130209309096e-01
5.550444736403999935e-01
-2.395268654970132971e+00
-5.283763762126384433e-01
3.364722366212128390e-01
-4.024846834411883734e-01
-8.544997334977152414e-01
-6.328566902016591333e-01
-1.133558951559721750e+00
-3.189943332206641724e+00
-3.512496136640881339e+00
-7.374430687289337261e-01
-5.039470885970199765e-01
-1.592455581880581672e+00
-1.401182986137431641e+00
-3.631503505199952464e+00
-1.354170468431209029e+00
-2.233214116981604214e+00
-1.282565164535569791e+00
-1.114950484125250219e+00
-9.167203926359841493e-01
