-7.110441075425742996e-01
-6.998092670963425022e-01
-6.155481048621702644e-01
5.724944866533506760e-01
-3.634465242354600445e+00
-3.648237683675481069e+00
-1.303565644358726683e+00
-1.431568322100671864e+00
-3.521571422233021331e-01
-8.839062558038236483e-01
-5.566674080625896304e-01
-2.879319482547866293e+00
-2.602493597492082422e+00
-1.489126966724081402e+00
1.301006363568053992e+00
-1.536533054427144940e+00
-1.781017235209930938e+00
-2.450849176989255973e+00
-1.718505261866532408e+00
-1.601979539547712994e+00
-2.006086693597354031e+00
-1.462103882101878138e+00
-1.467526376549882050e+00
