-7.298589202890042316e-01
-7.598556616466131119e-01
-5.304433009249001074e-01
5.727591660267252749e-01
-2.375301845641178744e+00
2.552954052112529904e-01
-2.487396911765519469e+00
-2.161541193430604135e+00
-7.626361737868719848e-01
-4.523608776801477105e-01
-1.941150376918999054e+00
-2.522792452741016600e+00
-3.312289345594430223e+00
-7.775601686745348129e-01
-8.999914471348768874e-01
-1.488467962532868061e+00
-1.108165489597335629e+00
-3.511597231096365679e+00
-1.402844586188924492e+00
-1.234079658204396024e+00
-1.409786928565349706e+00
-1.497669236429304052e+00
-1.119239919270114347e+00
