-6.808855606248933601e-01
-8.507262703723433850e-01
-5.364763983160075744e-01
7.283662477615334696e-01
-2.555333171673815240e+00
-4.086010936224246937e-01
-1.888030176009195094e+00
-1.117238415947551911e+00
-9.953895715864117255e-01
-9.957706794097771485e-01
-1.185476976474085342e+00
-3.059808069739625047e+00
-2.271971420058513935e+00
-4.470722798205840065e-01
-9.745759104463501687e-01
-1.241613532120407148e+00
-1.210700013238959594e+00
-7.825170442325402043e-01
-9.450624222368235738e-01
-1.737525708415751824e+00
-1.489387412845850633e+00
