-6.577090248793396876e-01
-8.625990973485579971e-01
-5.170470631527785965e-01
5.482256954464782561e-01
-2.171284607634695885e+00
1.868660400143187239e-01
-2.112386235697247372e+00
-1.461303126973514832e+00
-4.585889492799231082e-01
-5.359686055151962059e-01
-1.844783099932361115e+00
-3.095823894640796325e+00
-1.123046960046465870e+01
-2.783811192255278288e-01
-6.855483434950647714e-01
-1.013608285428980071e+00
-1.164009390483763617e+00
-2.497082248727738651e+00
-1.216251297708100809e+00
-1.903892376269432418e+00
-1.266588215671930140e+00
-1.096875343135735870e+00
-1.140269448211483683e+00
