-6.985582376486313416e-01
-8.443095607319944795e-01
-5.508328549847903988e-01
6.159127040039805712e-01
-3.192106046433612843e+00
-2.542145305898288132e+00
3.364722366212128390e-01
-2.090370940936096211e+00
-2.890921502505993113e-01
-1.107431731189013391e+00
-1.472753065249190696e+00
-3.504454100097763369e+00
-3.310453046271425670e+00
-7.220160813743011774e-01
-8.928450786568090658e-01
-1.387034148538647482e+00
-1.351703483972468867e+00
-2.969443856223385136e+00
-1.604301566482245978e+00
-2.152615659032821593e+00
-2.049887985734505591e+00
-1.259204426749193306e+00
-9.864466361905962488e-01
