-6.304566644632880745e-01
-6.690980784403036674e-01
-6.227330453103746555e-01
4.558739180950139303e-01
-1.513614240319531401e+00
-1.053605156578262814e-01
3.364722366212128946e-01
-1.108393336181109579e+00
2.001963595617515246e-01
-9.155698518648233697e-02
-1.046670975629288902e+00
-2.964720696332066918e+00
-3.207828709499649822e+00
-1.920418317590627810e-01
-8.273800370620584821e-02
-8.564867903353533540e-01
-7.896028038377244096e-01
-1.822997589715260824e+00
-1.052236795518100232e+00
-1.089892337461153771e+00
-1.009281620067884466e+00
-6.793883315306801229e-01
-5.099664319024054260e-01
