-6.691901579942186595e-01
-6.756643819972780740e-01
-6.938519974627997966e-01
8.046845806378807309e-01
-2.465940611342646971e+00
-1.713089839015522697e+00
3.364722366212128390e-01
-1.659935350246719343e+00
-4.428426358231703497e-01
-6.922506085367814421e-01
-1.284205458855684823e+00
-2.901869947531661165e+00
-2.941485933363168215e+00
-5.006876023929884845e-01
-5.697393738176789180e-01
-1.163664311623200831e+00
-1.092067676223607675e+00
-2.573775955048067221e+00
-1.364082028879095798e+00
-1.304157991696664576e+00
-1.724426517303281114e+00
-8.305158093236932881e-01
-7.755455048888675318e-01
