-6.548347230057478541e-01
-7.922089944933364825e-01
-6.021368205209707281e-01
6.278267180867159736e-01
-3.021276992396977779e+00
3.364722366212128946e-01
-3.242026776826103962e+00
-6.521592490441029399e-01
-1.559575320403258969e+00
-1.640073897463013131e+00
-3.290446509799582309e+00
-3.133439886724605827e+00
-7.548545975206872871e-01
-5.202299173642752628e-01
-1.657468532866345878e+00
-1.306373985762186996e+00
-3.488660479152133842e+00
-1.535338787876202593e+00
-2.072376567534873537e+00
-1.374675116307905620e+00
-1.450423742244551617e+00
-1.222073660589982458e+00
