107,-1013.939298272519,0.3090342679127726,0.22180685358255453,0.22429906542056072,0.24485981308411214,1.2,0.9,0.0,0.144,0.84,0.21599999999999997,0.21599999999999997,1.3040076254377733,0,7.59763790161517,5.620503078041999,2.5117865914345865,0,6.811883198123574,7.048760413661962,0.0,0,0.0,0.0,0.0,0.0,0.0,0.0,0.0,0.0,0.0,0.0,34.90593772971949,43.65152467341661,33.37724497774763,27.60905566682536
107,-983.191074974274,0.21710296543374677,0.27172214589048205,0.1557593950630591,0.3554154936127121,1.6907875021383976,0.5551419164071449,0.0,0.07519899816591749,0.42621597637494874,0.09070415023952533,0.09070415023952533,0.6809726877335941,0,3.1904504152482147,2.360198868576093,1.311693300572678,0,2.860491097299533,2.9599621461259877,0.0,0,0.0,0.0,0.0,0.0,0.0,0.0,0.0,0.0,0.0,0.0,35.02543600744327,33.65656037651926,30.86740446198227,25.469650608806855
107,-953.2648883873001,0.28592335215449033,0.2256600966450766,0.19192425690433332,0.2964922942960997,1.9616254570781242,0.44705092510916994,0.0,0.0893327773505189,0.38974499375465305,0.0948961816785286,0.0948961816785286,0.8089626587959129,0,3.337901975182167,2.4692790797157538,1.5582282800322549,0,2.9926930812132007,3.096761337144843,0.0,0,0.0,0.0,0.0,0.0,0.0,0.0,0.0,0.0,0.0,0.0,36.04948560052782,33.136313074180535,30.752315655187047,25.674079570545125
107,-932.4663071270371,0.34865694728825963,0.18754902117427052,0.2196239068226644,0.24417012471480545,2.6966738336642773,0.2814468815605613,0.0,0.13415719743088206,0.314335303928603,0.1216258042922735,0.1216258042922735,1.2148750587307713,0,4.278096391228733,3.1648065157132272,2.340098955912029,0,3.83565172554076,3.9690331230332165,0.0,0,0.0,0.0,0.0,0.0,0.0,0.0,0.0,0.0,0.0,0.0,39.668887612159175,31.60324722802437,30.965922264679186,26.776697584397258
107,-921.1110875999118,0.31600139144362166,0.21133589511405312,0.2017664413221993,0.2708962721201259,3.463621819597059,0.19513502811245456,0.0,0.15475532615221943,0.2813464656826908,0.12659113953047132,0.12659113953047132,1.401403648469471,0,4.452748331969275,3.294008747147492,2.699391341543271,0,3.9922410018469203,4.131067652975668,0.0,0,0.0,0.0,0.0,0.0,0.0,0.0,0.0,0.0,0.0,0.0,42.721299538546624,31.07722519001929,31.113134531394632,27.4642675064204
107,-919.164926363571,0.2964547412246766,0.22296386939788798,0.20088799710237526,0.2796933922750601,3.6735102660495826,0.1773329170931142,0.0,0.1721119404106844,0.3060368304324761,0.13392489002179173,0.13392489002179173,1.5585783522529453,0,4.710707501848186,3.4848391508977623,3.002142112148234,0,4.223521796990698,4.370391033285359,0.0,0,0.0,0.0,0.0,0.0,0.0,0.0,0.0,0.0,0.0,0.0,44.270827444844244,32.017715758296184,31.291352253739465,27.787727465827366
107,-918.3457064487948,0.2900445686152965,0.22906644311815255,0.19820894319280785,0.282680045073743,3.8697126338551535,0.16102042474498837,0.0,0.1968359427951213,0.3386792184452248,0.14184327565010355,0.14184327565010355,1.78246923864633,0,4.989230773928125,3.690882256439661,3.433401957119243,0,4.473239935961812,4.62879289975274,0.0,0,0.0,0.0,0.0,0.0,0.0,0.0,0.0,0.0,0.0,0.0,46.571781341248915,33.34837722339328,31.451362344791935,28.21874347069823
107,-918.1523386835543,0.28779804404927506,0.2261555599033521,0.20430236660011378,0.281744029447259,3.931110913871621,0.15210000992456904,0.0,0.2104049338672471,0.3487702008873849,0.13836526702013782,0.13836526702013782,1.9053447096709766,0,4.866894430459735,3.6003815239851287,3.670085358746057,0,4.363555729714625,4.51529452220979,0.0,0,0.0,0.0,0.0,0.0,0.0,0.0,0.0,0.0,0.0,0.0,48.00420519135336,33.824974164017114,31.269560330540322,28.153273175702754
107,-918.1082493042238,0.2956589466988736,0.22543585762865903,0.19875720205937145,0.28014799361309595,3.9042837411184035,0.14903933584671983,0.0,0.21856932867810047,0.35494869703964926,0.13637936836154882,0.13637936836154882,1.9792782727990141,0,4.797041935472408,3.548706757673652,3.812496590781332,0,4.300927444040465,4.450488393273648,0.0,0,0.0,0.0,0.0,0.0,0.0,0.0,0.0,0.0,0.0,0.0,48.852628728987206,34.08340026221531,31.126893990364966,28.148344394087374
107,-918.0860549746205,0.29333103240611463,0.22526657179989165,0.2014740299905799,0.27992836580341385,3.8773523647417623,0.15066275125588172,0.0,0.21613838270795754,0.35243832663036956,0.136299943922412,0.136299943922412,1.9572645777844753,0,4.794248240430276,3.5466400664484654,3.7700936915292007,0,4.298422675510481,4.447896523632607,0.0,0,0.0,0.0,0.0,0.0,0.0,0.0,0.0,0.0,0.0,0.0,48.55517626574339,33.94508296527801,31.139492832464896,28.104362580719076
107,-918.0820627597597,0.293077353168516,0.22536519842189642,0.20172451618493262,0.279832932224655,3.852160983989127,0.15105566908033843,0.0,0.21589032576297948,0.35193866607163177,0.13604834030865232,0.13604834030865232,1.955018271202571,0,4.785398272133592,3.54009312716336,3.7657668435548386,0,4.2904879790792,4.439685905148331,0.0,0,0.0,0.0,0.0,0.0,0.0,0.0,0.0,0.0,0.0,0.0,48.50471675645237,33.90413067669278,31.12822318101706,28.08305295568359
107,-918.0730695861056,0.29251134605684026,0.22563430364008918,0.20169927984192584,0.28015507046114474,3.7756380180641997,0.15072994165460685,0.0,0.21580978657342403,0.35141286043796494,0.13560307386454093,0.13560307386454093,1.9542889398322454,0,4.769736359114619,3.5285069168870784,3.7643620014964334,0,4.276445835517484,4.425155458459515,0.0,0,0.0,0.0,0.0,0.0,0.0,0.0,0.0,0.0,0.0,0.0,48.44831990573662,33.84391193625394,31.10353784591849,28.050388844175522
107,-918.06900944139,0.29241149968581415,0.22614593658433885,0.2015111151606756,0.2799314485691714,3.730330731249213,0.1490476912880988,0.0,0.2158696694508618,0.3518306729223119,0.13596100347145007,0.13596100347145007,1.9548312157267733,0,4.782326264427412,3.5378205486340932,3.7654065362784106,0,4.2877336812369995,4.436835829033861,0.0,0,0.0,0.0,0.0,0.0,0.0,0.0,0.0,0.0,0.0,0.0,48.44949546369312,33.866094470442356,31.11795526153779,28.064804172365847
107,-918.0707204441715,0.2923439156198032,0.22484995505454414,0.2012329918742327,0.28157313745141993,3.7073969601328005,0.14800074959335124,0.0,0.21527531527421287,0.3515977544744435,0.13632243920023066,0.13632243920023066,1.9494489769867664,0,4.7950394949458435,3.5472254126439338,3.755039238698758,0,4.299132097755898,4.448630615409378,0.0,0,0.0,0.0,0.0,0.0,0.0,0.0,0.0,0.0,0.0,0.0,48.40594024299095,33.868091747058635,31.12925159529938,28.095549155632096
107,-918.0684818878748,0.29238944070100303,0.22572217426200478,0.2014203197651456,0.28046806527184653,3.7228303328962746,0.14870519158901294,0.0,0.2156757798533876,0.3517546388687608,0.1360788590153732,0.1360788590153732,1.9530754274378883,0,4.786471744739568,3.5408872497793906,3.7620245273120605,0,4.2914504321604054,4.44068182668449,0.0,0,0.0,0.0,0.0,0.0,0.0,0.0,0.0,0.0,0.0,0.0,48.43528677539827,33.86671827455699,31.12161176415932,28.074822526871728
107,-918.0682895210574,0.2925209558053258,0.2258102048512021,0.2013179097885859,0.2803509295548863,3.7239385791130246,0.14827600645778585,0.0,0.21559303188678344,0.3517527346624333,0.13615970277564982,0.13615970277564982,1.952326094247324,0,4.789315363337654,3.5429908729436277,3.7605811576385553,0,4.293999961106246,4.443320013245275,0.0,0,0.0,0.0,0.0,0.0,0.0,0.0,0.0,0.0,0.0,0.0,48.43861814955743,33.876184416548675,31.12728771094301,28.08160494755567
107,-918.0682847690993,0.2925341473772066,0.2258102910450634,0.20131050765284567,0.2803450539248844,3.72560068851467,0.14824701585657424,0.0,0.21560146471086886,0.3517907135506016,0.13618924883973274,0.13618924883973274,1.952402458600875,0,4.790354623968766,3.5437596865738223,3.7607282510723445,0,4.2949317404465095,4.444284194388271,0.0,0,0.0,0.0,0.0,0.0,0.0,0.0,0.0,0.0,0.0,0.0,48.44106202779918,33.87925620553714,31.128646254125744,28.08339721166673
107,-918.0682847542461,0.2925306829962665,0.2258123458416346,0.20130797859192393,0.2803489925701749,3.7258148178173385,0.14824685070824775,0.0,0.21560668587773918,0.35179685567633645,0.13619016979859722,0.13619016979859722,1.952449739444018,0,4.790387018005685,3.5437836507040656,3.7608193236899594,0,4.2949607842623205,4.444314248177098,0.0,0,0.0,0.0,0.0,0.0,0.0,0.0,0.0,0.0,0.0,0.0,48.44170462179989,33.87957874209055,31.128664051716566,28.083493751643424
