-6.525722104991049655e-01
-5.716405818837995145e-01
-5.623505435291178411e-01
8.587690261131475378e-01
-3.200745654886969938e+00
3.364722366212128946e-01
-2.169427062145000029e+00
-5.789037399080906310e-01
-1.206284932182627445e+00
-1.521696703705859965e+00
-3.294507023143259605e+00
-5.895983683307661316e+00
-1.627203867569420703e+00
-1.291546270417935904e+00
-1.692709646992593298e+00
-2.214491611701165930e+00
-2.776276553584410944e+00
-1.685892144959189265e+00
-2.345323280594030724e+00
-1.426796841008349137e+00
-1.527631143421006810e+00
-1.300856485008190955e+00
