-6.920757903058473159e-01
-7.297707800336713513e-01
-6.058953733702118205e-01
7.655218277661066661e-01
-2.499320107860235840e+00
2.175936365601629063e+00
-4.256223576743067838e+00
-1.100290683117364221e+00
-8.902870827498791106e-01
-9.601575693138907353e-01
-9.243757138184839350e-01
-2.867374969360691583e+00
-3.706369698186533945e+00
-7.903761383330402124e-01
-1.070597401815154948e+00
-1.474701093516277872e+00
-1.227684928697390321e+00
-2.893441861530120729e+00
-1.638390529617399949e+00
-2.622335397321666761e+00
-1.692113246309405739e+00
-1.424343251735088689e+00
-1.112199673958464086e+00
