-6.660294033181716200e-01
-6.695175327424736089e-01
-6.995372835122459776e-01
8.348165102191043019e-01
-2.339315670770029332e+00
-2.231435513142097093e-01
-2.315884341673285718e+00
-1.462121127227627326e+00
-5.399422451245007304e-01
-6.912355887967724932e-01
-1.280491643973538540e+00
-2.986335421658802058e+00
-3.041228609076995770e+00
-5.858998808163083938e-01
-6.371121842388143275e-01
-1.247431190875971208e+00
-1.188027559942025579e+00
-2.644170515469207228e+00
-1.461178511912977207e+00
-1.399093492922247162e+00
-1.819821397151745623e+00
-9.174593947187401621e-01
-8.602249000880923813e-01
