-6.498513569696690029e-01
-8.131178321587193558e-01
-6.184397126467231498e-01
6.933577458507395042e-01
-2.278624174540098579e+00
-1.081872213747897105e+00
-1.376474896425262440e+00
-4.578361325329911580e-01
-1.278458784394505887e+00
-7.659278048051907373e-01
-7.271300105876189468e-01
-2.418556294089674541e+00
-1.204663667066260757e+01
-8.553693937901855060e-01
-6.965263994563001271e-01
-1.097088929144383052e+00
-9.660786594632603252e-01
-2.599971989246202320e+00
-1.072985336327721750e+00
-2.160972230439532460e+00
-1.463644544910017276e+00
-1.325804110836698690e+00
-8.884773518364375011e-01
