-6.782434526543696940e-01
-7.970136491029894410e-01
-5.118839143805993253e-01
6.290176658693164002e-01
-2.063501502227591988e+00
-2.231435513142097093e-01
-2.301062566136816478e+00
-2.089996016921384925e+00
-6.245431153839108296e-01
-5.360111605925367284e-01
-1.372802741089219181e+00
-3.515455188724958990e+00
-3.044151980984761252e+00
-5.872640699626036076e-01
-8.846619121135170793e-01
-1.386703238122779069e+00
-1.225692314622967016e+00
-2.434295718778711315e+00
-1.129307993252990361e+00
-1.551746698388279500e+00
-1.415289634865025015e+00
-3.355442609128289622e-01
-7.842409859023380392e-01
