-6.876556672758118438e-01
-6.808097633283614059e-01
-5.123421259428675434e-01
7.094233030012342400e-01
-2.776137252709473646e+00
3.364722366212128390e-01
-2.550264191752969811e+00
-3.605542786490432694e-01
-4.860759503679545346e-01
-1.884153386184463264e+00
-4.437827249456727685e+00
-3.955565690296732662e+00
-1.842414164480264127e-01
-1.143549979138892780e+00
-2.185147066678064576e+00
-1.597300223228959704e+00
-2.698701198449962924e+00
-1.327395577495523948e+00
-1.497280408614068081e+00
-2.278041557866237632e+00
-1.358688061592184804e+00
-1.410948665376953404e+00
