-7.034961580932067582e-01
-8.415030338420101952e-01
-5.595537759344323403e-01
5.792672958548759077e-01
-2.199578058371111311e+00
3.364722366212128390e-01
-1.003725775839950707e+00
-1.483921438029353057e-01
-7.683980629094987469e-01
-9.288750064403306084e-01
-2.467930073039833250e+00
-3.594943507025500029e+00
-4.173952822732230894e-01
-7.779618363162309480e-01
-9.793478030215957419e-01
-8.989099218038811845e-01
-2.663770165568453585e+00
-1.278529753870478292e+00
-1.455605633312636371e+00
-9.477387702653325974e-01
