-6.594076376587438837e-01
-8.474583166810814028e-01
-6.571251356830027923e-01
6.100321579116373405e-01
-2.440772932128367323e+00
-9.937821277607029602e-01
-1.137594835543354721e+00
1.486366528380260732e-01
-7.132746878724378625e+00
-7.263253925489772111e-01
-2.528701015441057631e+00
-1.534824289767818328e+01
-2.730630770422556086e+00
-1.007481565487837072e+00
-8.035875947252002494e-01
-1.605197365455697023e+00
-1.438948497518685699e+00
-2.911886452693551952e+00
-1.641462541341045966e+00
-1.835684340192407893e+00
-2.360177516238614714e+00
-9.735817856942706738e-01
-1.133427524317528023e+00
