-6.598383564183560868e-01
-6.986916213743121773e-01
-6.483091151335300673e-01
6.584913182155784916e-01
-2.300506635308524839e+00
-1.621880660762398785e+00
-1.946118366809593159e+00
-1.154280330496404217e+00
-5.086883599117424382e-01
-9.220066146273548924e-01
-2.479147844323224437e+00
-3.772648333289252420e+00
-2.529882377748179145e+00
-1.042250212109196994e+00
-4.998979330769735552e-01
-1.403422760414524184e+00
-1.144667657307639752e+00
-3.055839022503934022e+00
-1.674168356273956215e+00
-2.064385113399905602e+00
-1.965224480314691435e+00
-1.099111995667343189e+00
-9.504679733378467166e-01
