-6.092777257495369803e-01
-6.773192142491962775e-01
-6.202828348560234240e-01
6.962925702298335962e-01
-2.520623024565255665e+00
-1.381551055796427363e+01
-1.523885444021887414e+00
-2.891904230694792854e-01
-7.799298052762930755e-01
-1.549005492821751151e+00
-2.953385313883535090e+00
-3.837531939936547509e+00
-7.921134932096719483e-01
-1.056470108631260230e+00
-1.401537049943495372e+00
-1.252638963986355547e+00
-2.804041913271099418e+00
-1.323740637913651153e+00
-1.774207522469962495e+00
-1.548691875539664808e+00
-1.031611719311503528e+00
-9.213881408207735824e-01
