-6.111288712241578214e-01
-7.694397472816969508e-01
-5.753346747637620995e-01
8.490379995145449499e-01
-2.352907338655102709e+00
3.364722366212128946e-01
-7.367111486810499210e-01
-7.059015906210165392e-01
-8.566294011974494582e-01
-1.704815675929858942e+00
-4.490613271860690148e+00
-3.859761329320523515e+00
-1.208889914587255143e+00
-9.015777799662203496e-01
-1.569462982637925608e+00
-1.336772733923558443e+00
-1.454236403821261181e+00
-1.463548466298814077e+00
-2.519258383832181369e+00
-1.681625108314301231e+00
-2.451277906807487916e+00
-1.106465643602211779e+00
