-7.742267692517833533e-01
-8.542809060413060207e-01
-5.674193603375906614e-01
5.248624699202180111e-01
-1.952545381930312463e+00
-2.231435513142096816e-01
3.364722366212128390e-01
-1.133964487677420863e+00
-9.488834672255296310e-01
-8.091160558158431160e-01
-1.606169656425059822e+00
-3.329265176549066840e+00
-2.824515213616359599e+00
-4.120105073574097942e-01
-6.721088213639665465e-01
-1.325353499321844541e+00
-1.579269307181657256e+00
-3.567158295441458460e+00
-1.553089991213298493e+00
-9.892580251133107350e-01
-2.151660227710130879e+00
-1.415444563411374368e+00
-9.153963035216303723e-01
