-6.682415153946033026e-01
-8.258154535089134995e-01
-5.665073903387392029e-01
4.352612952948345937e-01
-2.075043797366494136e+00
-2.231435513142097093e-01
3.364722366212128946e-01
-1.627273343013828200e+00
4.661342459935564897e-02
-4.911824588832293670e-01
-2.151618272658485598e+00
-2.563473348781430516e+00
-3.059003784225471811e+00
-6.333051343372007036e-01
-2.817056530405564474e-01
-1.150561748945430951e+00
-1.025796356622638239e+00
-2.800022521661222896e+00
-1.050428796874760984e+00
-1.726735857464930746e+00
-1.850715231462089605e+00
-8.788787409707575771e-01
-1.030105491704218723e+00
