-6.517017060411011142e-01
-7.837841491073902489e-01
-5.143903073733235853e-01
3.530075389839930633e-01
-3.186919701178897668e+00
-2.231435513142096816e-01
3.364722366212128390e-01
-3.313939127769984783e+00
-8.417984842434914627e-01
-1.656426999125505395e+00
-1.599242652548514165e+00
-1.213826739746773420e+01
-2.341204572487998625e+00
-1.180555188582172343e+00
-5.871414079849732737e-01
-2.094539264464438055e+00
-1.615676396686008820e+00
-1.557654611434232805e+01
-1.485960987672487965e+00
-2.030530220534566777e+00
-2.421158407864470785e+00
-8.069317216029575635e-01
5.059146837984233036e-01
