-6.279846816399795584e-01
-7.469328087452774545e-01
-6.130720514231742246e-01
6.497059113905855332e-01
-2.434083502353112216e+00
3.364722366212128946e-01
-2.062573704973172273e+00
-4.862642362557277331e-01
-9.865834053948246973e-01
-2.386678620799546735e+00
-3.495836657040264139e+00
-3.300233869240306817e+00
-5.332597068588399436e-01
-1.352281267099043616e+00
-1.246412109922761857e+00
-1.443910018450643262e+00
-2.611416098928500240e+00
-1.643779185260456632e+00
-2.118644979463432332e+00
-1.648437636167436438e+00
-1.305711539603250371e+00
-1.172459010368169130e+00
