-7.257195133188415470e-01
-8.352137422895032914e-01
-4.371745545047336923e-01
6.632442311533723878e-01
-3.342006248807020352e+00
-2.231435513142097093e-01
3.364722366212128946e-01
-1.552188005339248500e+00
-6.669256080131045206e-01
-1.156407916275646430e+00
-1.460175997340737108e+00
-2.859215960485517183e+00
-2.947681810352957843e+00
-4.474276138952678061e-01
-8.808590067005381830e-01
-1.356045448093906369e+00
-1.585598573139741063e+00
-4.939151694946789739e+00
-1.393569877796444478e+00
-2.235448797872662485e+00
-1.808267276023861170e+00
-9.354847382449446025e-01
-1.031459268697986431e+00
