-7.125447998007851114e-01
-9.492276092014872990e-01
-4.740578249187185067e-01
6.849454680041713317e-01
-2.521312170364838234e+00
-3.523926505137570664e-01
-2.614602617479756752e+00
-6.426634360314095185e-01
-2.725342877076891712e-01
-2.396075905842233178e-01
-1.266063165519410338e+00
-4.263622275197669786e+00
-2.516573702401962542e+00
-7.401542392395903391e-01
-7.835341646289124551e-01
-1.457467340620981933e+00
-8.934510510770516944e-01
-2.143443503543597473e+00
-1.602205454616812297e+00
-2.193106441170646459e+00
-8.395419840808335810e-01
-1.134161658846206899e+00
-1.367121680353777569e+00
