-7.125274840153655864e-01
-9.491016873387146946e-01
-4.741068109668054587e-01
6.849476857439695809e-01
-2.521319544864890627e+00
-3.639601651686125705e-01
-2.603799784312827992e+00
-6.416045020172477242e-01
-2.735814275270552209e-01
-2.395051978298501916e-01
-1.265630306343304978e+00
-4.257648888109476282e+00
-2.518183664260124299e+00
-7.400512882305491091e-01
-7.840593839574239166e-01
-1.457798602680214994e+00
-8.937997250655883574e-01
-2.144271497743284183e+00
-1.602181364854692536e+00
-2.193370933895910202e+00
-8.395767589944246323e-01
-1.134534262222581580e+00
-1.367464636812113721e+00
