-6.997461366506825264e-01
-7.975814182592866342e-01
-5.135556320128865648e-01
6.229692645317133071e-01
-3.302703410614820978e+00
-1.053605156578262814e-01
3.364722366212128946e-01
-1.885883076295028049e+00
-4.585906375849850281e-01
-1.048157513272554686e+00
-1.132943313771059168e+00
-3.057417234443616572e+00
-4.709717956273301809e+00
-7.135372663314690778e-01
-1.128743831056784996e+00
-1.946922423247241962e+00
-1.567527155570584085e+00
-4.091363322538927427e+00
-2.033748229671768826e+00
-2.371734079686828700e+00
-1.872127723579630088e+00
-1.629138199760739258e+00
-1.189777732082049955e+00
