-6.748416474225716888e-01
-6.757007129146010982e-01
-5.676497255976864498e-01
5.231569182536695006e-01
-2.340302604778955686e+00
7.149647059973877061e-01
-2.390155090083912359e+00
-1.466166726890528738e+00
-6.865404299581469028e-01
-1.013250099901011669e+00
-1.867416217495306396e+00
-3.196744240566779638e+00
-2.651556611703973054e+00
-6.935193933754283391e-01
-8.180146981342494295e-01
-1.291245672153142232e+00
-1.157714741334704867e+00
-2.634393755456731157e+00
-1.139791168096068397e+00
-1.982333955448618124e+00
-1.468848174283415631e+00
-8.062321229887416951e-01
-3.471630400907796399e-01
