140,-1111.2821997037045,0.31952380952380954,0.19952380952380952,0.2228571428571429,0.25809523809523804,1.2,0.9,1.0,0.0,0.144,0.84,0.21599999999999997,0.21599999999999997,1.6852902317724832,0,9.262713671258693,7.306068665317689,1.0492479076981298,0,2.9704091477353507,2.9661540681947045,0.0,0,0.0,0.0,0.0,0.0,0.0,0.0,0.0,0.0,0.0,0.0,22.144939140049722,43.73905723036768,29.764483113993087,18.346360632380367
140,-1026.9840121949792,0.24588234790998972,0.25560049020863757,0.17039540457220667,0.3281217573091661,1.437582039800047,0.6709296744667548,1.0084784715778121,0.0,0.05995765120226242,0.34983845017063253,0.07930580983199206,0.07930580983199206,0.7017086381332954,0,3.4008657821344217,2.6824707971813,0.4368780560726952,0,1.0906051064514322,1.08904282622518,0.0,0,0.0,0.0,0.0,0.0,0.0,0.0,0.0,0.0,0.0,0.0,21.45229498168525,30.676909002159142,27.469827977303527,15.71194322252532
140,-1002.7213968355577,0.32993468619017713,0.19781120555265488,0.2126017937249292,0.25965231453223875,1.6948050300449782,0.5185797842329429,1.0111586516016202,0.0,0.04961653313124843,0.26090562057423644,0.06063841794800049,0.06063841794800049,0.5806823515313109,0,2.6003532543076053,2.0510576170570562,0.361528080383315,0,0.8338931082265748,0.8326985652099651,0.0,0,0.0,0.0,0.0,0.0,0.0,0.0,0.0,0.0,0.0,0.0,21.75957493663423,29.332167576423334,27.2481700892821,15.427646562712109
140,-990.8483537981668,0.32699113743511826,0.1997582715653467,0.20440979053241154,0.2688408004671235,1.9539377712830608,0.4138192020740507,1.0125474716520533,0.0,0.047759991363353904,0.22065604999384855,0.057093701094790617,0.057093701094790617,0.5589544924597117,0,2.448345396636456,1.9311597247947407,0.34800049312277664,0,0.7851465370834901,0.7840218230120632,0.0,0,0.0,0.0,0.0,0.0,0.0,0.0,0.0,0.0,0.0,0.0,22.105692274427586,28.762810990995874,27.07263779511643,15.565786153617376
140,-963.0132496355172,0.28429014276381587,0.2040335157788508,0.22758134160865556,0.2840949998486778,3.66871757278523,0.14343187138030625,1.0145931835749318,0.0,0.0571498628857381,0.1227156098999351,0.05793372574542131,0.05793372574542131,0.66884795603105,0,2.484368118004934,1.959573047841349,0.4164192642923313,0,0.7966984672064374,0.7955572051178599,0.0,0,0.0,0.0,0.0,0.0,0.0,0.0,0.0,0.0,0.0,0.0,24.46046493842077,26.88533813692213,26.484741468859106,16.703577529033396
140,-1011.9466409560118,0.4317693509516406,0.20510979972048515,0.06268822939072326,0.300432619937151,4.7891700445280865,0.08372405797625498,1.0091099240929107,0.0,0.07528742968403311,0.14150590481932487,0.06621847513529175,0.06621847513529175,0.8811192348733242,0,2.8396424765072723,2.239799658569785,0.548577625499596,0,0.9106294643099838,0.909324997278683,0.0,0,0.0,0.0,0.0,0.0,0.0,0.0,0.0,0.0,0.0,0.0,27.428389549728394,27.3530732378125,26.628201059468054,18.1368950940696
140,-958.5529093793205,0.32257844030551824,0.20441133206415785,0.18396423480810004,0.2890459928222239,3.9765834119050094,0.12188705561125085,1.012932184131005,0.0,0.062181787870128,0.12814449977072984,0.06032289784497142,0.06032289784497142,0.7277386089699681,0,2.5868228266599926,2.040385341418082,0.4530841029143108,0,0.8295541091509638,0.8283657817044239,0.0,0,0.0,0.0,0.0,0.0,0.0,0.0,0.0,0.0,0.0,0.0,25.08986684928717,26.93985050834921,26.483103842258345,16.992712614287203
140,-954.6217709484487,0.31950038378890655,0.20140727278847986,0.19092197047689377,0.28817037294571984,4.325727399217388,0.10258660244439241,1.0104189762732168,0.0,0.0726674836442953,0.140367972951302,0.06770048930700669,0.06770048930700669,0.8504569468973442,0,2.9031955919208974,2.289927886817578,0.5294875359129508,0,0.9310099664059813,0.9296763045219907,0.0,0,0.0,0.0,0.0,0.0,0.0,0.0,0.0,0.0,0.0,0.0,25.911165138822245,27.285461145841694,26.561873814161217,17.414384880469235
140,-951.2518797021186,0.3135217506634716,0.20489101690936254,0.2021856028870201,0.27940162954014575,4.735078312135858,0.07693707414772856,0.9989021321870929,0.0,0.10342432469779657,0.1890530661609871,0.08562874146319052,0.08562874146319052,1.2104166954226536,0,3.6720116398322733,2.8963401150685457,0.7535955298212158,0,1.177557393293178,1.1758705548399777,0.0,0,0.0,0.0,0.0,0.0,0.0,0.0,0.0,0.0,0.0,0.0,28.247111179145033,29.144263473370422,26.92278389063353,18.286151223981243
140,-950.9084892965776,0.31249663491245244,0.19873847047659393,0.20433308381345752,0.2844318107974961,4.559829997243458,0.07696141525043831,0.9923448057601097,0.0,0.10046124194253268,0.20373492059477286,0.080892144954981,0.080892144954981,1.175738539704739,0,3.468892485981215,2.7361276181755696,0.7320051938399863,0,1.1124202192324517,1.1108266890889473,0.0,0,0.0,0.0,0.0,0.0,0.0,0.0,0.0,0.0,0.0,0.0,27.804793935966607,29.92451316351272,26.746268936129834,18.036747384681895
140,-950.7373749808694,0.31169634540094926,0.20161990680674893,0.20469986666638,0.2819838811259219,4.40645638704498,0.0749457794393822,0.9830016223725679,0.0,0.09824864151940843,0.21494095068863658,0.07774883956256835,0.07774883956256835,1.149843582205385,0,3.334098329355096,2.629807224504134,0.7158832051973814,0,1.069193816029913,1.0676622072496738,0.0,0,0.0,0.0,0.0,0.0,0.0,0.0,0.0,0.0,0.0,0.0,27.453263884231255,30.564239886846025,26.69247644801177,17.79369487768678
140,-950.6231652769472,0.31127746424172126,0.20264618772693693,0.2041341001187829,0.2819422479125589,4.247996419527523,0.07078893400955572,0.9683003617061124,0.0,0.09693427368102821,0.22214148146542098,0.07701414654495105,0.07701414654495105,1.1344610038791483,0,3.3025925374177714,2.6049566798993125,0.7063061378059496,0,1.05909039538034,1.0575732596428227,0.0,0,0.0,0.0,0.0,0.0,0.0,0.0,0.0,0.0,0.0,0.0,27.255791706064077,30.993606385684746,26.697456927328098,17.72443842712295
140,-950.47625597863,0.3107825543721953,0.203032723997861,0.2041789912665673,0.2820057303633764,3.915104346476224,0.06506284827765746,0.9329118052051061,0.0,0.09421626706622208,0.22216020194161082,0.07796892482491082,0.07796892482491082,1.1026510733386916,0,3.343536231060383,2.6372514746842195,0.6865015353497342,0,1.0722204052731712,1.0706844609360016,0.0,0,0.0,0.0,0.0,0.0,0.0,0.0,0.0,0.0,0.0,0.0,26.940562490949965,31.030452459749796,26.76762114084641,17.72761699512031
140,-950.4127228705445,0.31051653366919607,0.2029729154873348,0.20369328032539605,0.2828172705180731,3.700221676782745,0.06256228437924087,0.874305219662873,0.0,0.09732277346068562,0.21560447124575527,0.07851381981370745,0.07851381981370745,1.1390077739048592,0,3.366902926718378,2.6556822163672553,0.7091369196180797,0,1.0797137435105633,1.0781670650459925,0.0,0,0.0,0.0,0.0,0.0,0.0,0.0,0.0,0.0,0.0,0.0,27.24900268194836,30.587249444923366,26.698923617918357,17.79070157851104
140,-950.3769475473059,0.3102519806428802,0.203343471962727,0.2034876035800883,0.2829169438143045,3.6361312444377303,0.06252399595916638,0.8218422998502372,0.0,0.09667657886873021,0.21274447443099373,0.08013761307039677,0.08013761307039677,1.1314450972823131,0,3.4365359452277944,2.7106060359582367,0.7044284590376974,0,1.1020439765832528,1.1004653102970858,0.0,0,0.0,0.0,0.0,0.0,0.0,0.0,0.0,0.0,0.0,0.0,27.16638665884524,30.428730975216297,26.7587072002973,17.853947942748775
140,-950.3463744397374,0.31396898247945065,0.20144877350973125,0.20466490587347846,0.27991733813733966,3.5913664646445818,0.06224943134325282,0.7167352855908143,0.0,0.09619963568322518,0.20782335816836556,0.08164553297635108,0.08164553297635108,1.1258632383125764,0,3.501199974524304,2.7616105099151884,0.700953239319072,0,1.1227807315957476,1.1211723601283734,0.0,0,0.0,0.0,0.0,0.0,0.0,0.0,0.0,0.0,0.0,0.0,27.13062136811297,30.175168155596836,26.81373705613754,17.920559451817955
140,-950.2806868553221,0.3116034872105245,0.20238000937068382,0.204046972882628,0.28196953053616364,3.584232533101867,0.06288031586280451,0.636078913299794,0.0,0.09582526829880048,0.20638542373467672,0.0828067684853379,0.0828067684853379,1.121481865423235,0,3.5509971598235786,2.8008885949395537,0.6982254324106134,0,1.1387499194594957,1.1371186723001947,0.0,0,0.0,0.0,0.0,0.0,0.0,0.0,0.0,0.0,0.0,0.0,27.072234000089182,30.101437077575525,26.84562692164354,17.978165559395563
140,-950.1292911834666,0.30858130614965845,0.20341074983985538,0.2032705187222922,0.28473742528819396,3.594740146529078,0.06407624719530179,0.44758717515402024,0.0,0.09555187892944622,0.2067940463233812,0.08361949688292877,0.08361949688292877,1.1182822790784908,0,3.585849337783695,2.828378638824056,0.6962333961343505,0,1.1499264743985151,1.148279216943026,0.0,0,0.0,0.0,0.0,0.0,0.0,0.0,0.0,0.0,0.0,0.0,27.00338772298231,30.12475069017483,26.85235894560188,18.026677490712736
140,-949.8948210346483,0.3064419733521213,0.2042482265085671,0.20279144636231186,0.28651835377699975,3.615114722068239,0.06514218624106692,0.2151823822001948,0.0,0.09579448002382024,0.21045626783688023,0.0832049743021678,0.0832049743021678,1.1211215377907535,0,3.5680733934510096,2.8143576645723694,0.6980010953751645,0,1.144226003723352,1.142586912131532,0.0,0,0.0,0.0,0.0,0.0,0.0,0.0,0.0,0.0,0.0,0.0,26.99820965254473,30.306531977764795,26.81178359541508,18.030501820770414
140,-949.6933636300408,0.3077509366699308,0.20451633259131524,0.20248912466080282,0.28524360607795113,3.6366813183827587,0.0643369999232574,0.08616620840059072,0.0,0.09582115510408153,0.21100032486203352,0.08111181490044626,0.08111181490044626,1.1214337270421153,0,3.4783125776804087,2.74355782051481,0.6981954618484412,0,1.1154410970819544,1.1138432395630304,0.0,0,0.0,0.0,0.0,0.0,0.0,0.0,0.0,0.0,0.0,0.0,27.062647985528322,30.363786522540288,26.733281216518122,17.965508552124245
140,-949.8169620349943,0.3023883692410699,0.1995065368372878,0.2148226796106732,0.2832824143109692,3.6168732483375203,0.06220902088312457,0.02997482378373562,0.0,0.09858262039337527,0.22337967419963553,0.08015257940871799,0.08015257940871799,1.153752272024237,0,3.437177745721205,2.7111122632519553,0.7183167234940833,0,1.1022497920844447,1.1006708309697593,0.0,0,0.0,0.0,0.0,0.0,0.0,0.0,0.0,0.0,0.0,0.0,27.233614768932405,30.963139879469644,26.656898539371152,17.92601654586475
140,-949.6612740922508,0.30609403174115885,0.20297318108063955,0.20627678982856476,0.28465599734963687,3.6305866731188763,0.06367585826209936,0.0623024720117728,0.0,0.09666848428755015,0.2147499621289895,0.08081601509563723,0.08081601509563723,1.131350363125417,0,3.465627814273185,2.7335525719725764,0.7043694783268163,0,1.1113732894611066,1.109781259033375,0.0,0,0.0,0.0,0.0,0.0,0.0,0.0,0.0,0.0,0.0,0.0,27.115752309238133,30.54363196875644,26.709041506591483,17.95446809525466
140,-949.5866063211195,0.31004758659772746,0.2025452124847367,0.2043315677436448,0.283075633173891,3.6610965625226934,0.06293823048247676,0.030478784134727217,0.0,0.09674810377147794,0.2160414831676137,0.07969145622788237,0.07969145622788237,1.1322821821429327,0,3.4174034309468513,2.6955150520373503,0.7049496212221165,0,1.095908474887283,1.0943385976420998,0.0,0,0.0,0.0,0.0,0.0,0.0,0.0,0.0,0.0,0.0,0.0,27.162505530135828,30.638135080705414,26.677646369658728,17.91983828649607
140,-949.5683945386938,0.31118874391577217,0.20266511331682202,0.20391058438205828,0.28223555838534753,3.66679494060335,0.06240115772574579,0.01777696604090723,0.0,0.09676754696218313,0.21633007588233477,0.07941444164335854,0.07941444164335854,1.1325097336663352,0,3.405524232894967,2.6861452021492687,0.7050912929385499,0,1.0920989996283677,1.0905345794160135,0.0,0,0.0,0.0,0.0,0.0,0.0,0.0,0.0,0.0,0.0,0.0,27.17819982528188,30.666283191994783,26.673700423272923,17.910689603146768
140,-949.5564512745052,0.3113355633604104,0.2026200179550511,0.20378720106669296,0.2822572176178455,3.677984192388754,0.06199890968326062,0.009806035977983992,0.0,0.09681594871816279,0.2164167422353524,0.0794982301228284,0.0794982301228284,1.133076198989621,0,3.4091173287018166,2.6889792965213495,0.7054439696134843,0,1.0932512499334237,1.0916851791347513,0.0,0,0.0,0.0,0.0,0.0,0.0,0.0,0.0,0.0,0.0,0.0,27.1938102116657,30.68105180726073,26.678213147576475,17.922662021489906
140,-949.6262474477911,0.308895178747802,0.20696792608458417,0.2060477230867515,0.27808917208086237,3.714006359754951,0.06189069526818415,0.0038821082664641745,0.0,0.09523876349167884,0.2070170820079603,0.07882291180657523,0.07882291180657523,1.11461776249039,0,3.3801576981443646,2.666137065088514,0.6939518980930629,0,1.0839643438953142,1.082411576490859,0.0,0,0.0,0.0,0.0,0.0,0.0,0.0,0.0,0.0,0.0,0.0,27.113352134704563,30.260792334523185,26.697884334148,17.851515432678603
140,-949.5552500062106,0.31105496200296856,0.2031135464608398,0.20404719007050506,0.28178430146568656,3.6820939276526317,0.061986500576120034,0.008818249563918872,0.0,0.09663405132800548,0.21532330285217566,0.07942055766428124,0.07942055766428124,1.1309473802756138,0,3.4057865058144783,2.6863520728382495,0.7041185845021073,0,1.0921831065010368,1.0906185658064813,0.0,0,0.0,0.0,0.0,0.0,0.0,0.0,0.0,0.0,0.0,0.0,27.18448612414634,30.63147501538257,26.680430044788114,17.914561895315796
140,-949.5473153841028,0.31066357158220814,0.2029144812985484,0.20392868171951808,0.28249326539972536,3.6962583839533947,0.0617229026551473,0.004554168414465892,0.0,0.09676488766496937,0.21543224941405642,0.07969495325663192,0.07969495325663192,1.1324786108356564,0,3.4175533937987366,2.695633336908502,0.705071916118845,0,1.0959565656566697,1.0943866195219705,0.0,0,0.0,0.0,0.0,0.0,0.0,0.0,0.0,0.0,0.0,0.0,27.205168659322226,30.643017215168754,26.68700960654616,17.939515435588106
140,-949.5444642986195,0.3105195948219768,0.20272839944850063,0.20398753084577723,0.28276447488374534,3.703666067500312,0.061704922685462724,0.0025330373783784264,0.0,0.09675271447252005,0.2150124751452251,0.08005927045648649,0.08005927045648649,1.1323361430417376,0,3.433176384112475,2.7079561446774547,0.7049832168361544,0,1.100966617245213,1.0993894942648497,0.0,0,0.0,0.0,0.0,0.0,0.0,0.0,0.0,0.0,0.0,0.0,27.208237924954716,30.62299646120809,26.69976373209277,17.961743999729308
140,-949.5444787949625,0.3095757909623708,0.20301785100185188,0.2036747885274644,0.2837315695083129,3.7045482938984424,0.06145868505386211,0.001232018789596655,0.0,0.09673686758779401,0.21577071704865405,0.07954971600187044,0.07954971600187044,1.1321506805415096,0,3.4113251942373695,2.690720775074939,0.7048677494011383,0,1.0939592782949314,1.0923921932531546,0.0,0,0.0,0.0,0.0,0.0,0.0,0.0,0.0,0.0,0.0,0.0,27.21203816051885,30.6683669632875,26.678027657351016,17.944633479399823
140,-949.5435646078554,0.31005469975380456,0.2028711442358693,0.2038335755436316,0.2832405804666945,3.704100269118859,0.06158360258174137,0.0017765296394642134,0.0,0.0967451259061379,0.21538585652410633,0.07980806343945869,0.07980806343945869,1.1322473309806473,0,3.4224038902655334,2.699459220068127,0.704927923173662,0,1.0975120449241265,1.095939870581905,0.0,0,0.0,0.0,0.0,0.0,0.0,0.0,0.0,0.0,0.0,0.0,27.210186170387324,30.64531956107472,26.68903487766393,17.953340201814548
140,-949.5425745656593,0.31020515180350794,0.2027759260581653,0.20393066736018342,0.28308825477814337,3.7065914147951347,0.06157553696192932,0.0011673009199629286,0.0,0.09671837533434616,0.2152504876859664,0.07988943166624744,0.07988943166624744,1.1319342582213767,0,3.4258931985372105,2.7022114508648576,0.7047330066355911,0,1.0986310121703686,1.097057234919457,0.0,0,0.0,0.0,0.0,0.0,0.0,0.0,0.0,0.0,0.0,0.0,27.20882397337143,30.639651460731717,26.69321449223849,17.95711242225459
140,-949.5416052778384,0.3103855249368092,0.2027776388064908,0.20395533314835432,0.28288150310834576,3.7067323940000114,0.06160056736883635,0.0006017186592203295,0.0,0.09673706649024488,0.21528713783321765,0.07992052505392487,0.07992052505392487,1.132153008377326,0,3.4272265742183468,2.703263165797305,0.7048691986926688,0,1.0990586051481053,1.0974842153747966,0.0,0,0.0,0.0,0.0,0.0,0.0,0.0,0.0,0.0,0.0,0.0,27.209295065135677,30.64089339167647,26.69513329979892,17.95707421692913
140,-949.5409120643358,0.3104509128493007,0.20282208183003042,0.20393449960858456,0.2827925057120843,3.7032100610536087,0.06169928206119105,0.00030149376292700993,0.0,0.09678183491379834,0.2153985538260751,0.0798857902197294,0.0798857902197294,1.1326769513419543,0,3.425737042627739,2.702088281150497,0.7051954012950606,0,1.0985809353831086,1.0970072298666627,0.0,0,0.0,0.0,0.0,0.0,0.0,0.0,0.0,0.0,0.0,0.0,27.21040192339202,30.64286733329852,26.693053422123995,17.953608556787636
140,-949.5403171128467,0.31042950258371654,0.2027864859686043,0.20391900670027338,0.28286500474740583,3.6954484412132964,0.061996642641459175,0.00012402377583196892,0.0,0.09676668918773312,0.21509425848771443,0.07982611571651245,0.07982611571651245,1.1324996947850736,0,3.4231780248649,2.7000698273631274,0.7050850428132238,0,1.0977602979282837,1.0961877679662715,0.0,0,0.0,0.0,0.0,0.0,0.0,0.0,0.0,0.0,0.0,0.0,27.20685751213986,30.618970145291613,26.68823830983909,17.949426200123888
140,-949.5410620526802,0.3099304789075274,0.20330018921216134,0.20399988410686729,0.28276944777344404,3.6858518149089248,0.06224716854507819,5.321386907562748e-05,0.0,0.09719349119629564,0.2163495552407749,0.0800745395513274,0.0800745395513274,1.1374947312845964,0,3.433831167693636,2.7084726125263665,0.7081949116638181,0,1.1011765962220328,1.0995991724490164,0.0,0,0.0,0.0,0.0,0.0,0.0,0.0,0.0,0.0,0.0,0.0,27.22327682223517,30.667343928388647,26.69266606538801,17.952334617734422
140,-949.5402508973107,0.31031884852460184,0.2029002369496615,0.20393696924173926,0.2828439452839974,3.693319653820813,0.062052072658499116,0.00010281831976031332,0.0,0.09686111388904384,0.21537183907845472,0.07988110045946814,0.07988110045946814,1.1336047852486637,0,3.425535931949559,2.701929652861179,0.7057730630929827,0,1.0985164422961606,1.0969428291653764,0.0,0,0.0,0.0,0.0,0.0,0.0,0.0,0.0,0.0,0.0,0.0,27.21049019531358,30.629664199084985,26.68921996648844,17.950069653395097
140,-949.540177204961,0.310389372058395,0.20286479788693249,0.20389715449470447,0.282848675559968,3.6900277978344374,0.06214904658041281,6.780562544127595e-05,0.0,0.09686217294827253,0.21541505726145999,0.07979388082483374,0.07979388082483374,1.133617179847087,0,3.4217956981434003,2.6989795017519067,0.7057807798685372,0,1.0973170071082896,1.095745112155667,0.0,0,0.0,0.0,0.0,0.0,0.0,0.0,0.0,0.0,0.0,0.0,27.209416582501525,30.629010685949925,26.685088613637525,17.945360534211527
140,-949.540162304775,0.3103691593109768,0.20286098903797325,0.20390321857106655,0.28286663307998333,3.6896379462706026,0.06218530427425753,5.5976346653220784e-05,0.0,0.09683630099664052,0.2153240457892935,0.07980535410009285,0.07980535410009285,1.133314389934849,0,3.4222877058452363,2.6993675783114397,0.7055922653468847,0,1.0974747863758088,1.0959026654060617,0.0,0,0.0,0.0,0.0,0.0,0.0,0.0,0.0,0.0,0.0,0.0,27.20715270045096,30.62392552234482,26.685595282800623,17.945741027438963
140,-949.5401416541249,0.3103718755987411,0.20285096013411902,0.2039004993561097,0.2828766649110302,3.6899296356053206,0.06219677237485926,4.100495712235504e-05,0.0,0.09681917676186123,0.2153298206586607,0.0798130269661532,0.0798130269661532,1.1331139780904038,0,3.422616740851509,2.6996271083405907,0.7054674905724881,0,1.0975803028181004,1.0960080306971711,0.0,0,0.0,0.0,0.0,0.0,0.0,0.0,0.0,0.0,0.0,0.0,27.205456510733626,30.624404829199158,26.686138333914094,17.946016706169093
140,-949.5403228392469,0.31021511072165153,0.20291192770854022,0.20420921530730915,0.28266374626249907,3.692270945833067,0.0621646821597332,1.150681731713455e-05,0.0,0.09673624488012457,0.2152375648090165,0.07971086246643781,0.07971086246643781,1.1321433927418392,0,3.418235627387477,2.6961714562568946,0.7048632120766989,0,1.0961753474267653,1.094605087889505,0.0,0,0.0,0.0,0.0,0.0,0.0,0.0,0.0,0.0,0.0,0.0,27.198755135296977,30.623220491567857,26.684744721388228,17.938836317760227
140,-949.5401334154092,0.31034518228340074,0.20286134071338077,0.2039530577182675,0.28284041928495096,3.6903281163959667,0.06219130815284446,3.3028121607309464e-05,0.0,0.09680505393740681,0.21531411482365834,0.07979562519327058,0.07979562519327058,1.1329486929647226,0,3.4218705017793614,2.6990385039536524,0.7053645854057549,0,1.0973409954784832,1.095769066162775,0.0,0,0.0,0.0,0.0,0.0,0.0,0.0,0.0,0.0,0.0,0.0,27.204316612948766,30.624202785969494,26.685900258886022,17.944794605304683
140,-949.5401009393283,0.31037045826869214,0.20286257325406187,0.20391697634438347,0.28284999213286255,3.692042821993039,0.06217141344415457,1.7430750907343762e-05,0.0,0.09678130011856798,0.21537190106060775,0.07981302432030421,0.07981302432030421,1.1326706924171088,0,3.422616627389743,2.699627018846358,0.7051915045396682,0,1.097580266432665,1.0960079943638577,0.0,0,0.0,0.0,0.0,0.0,0.0,0.0,0.0,0.0,0.0,0.0,27.202322386953618,30.628646874065137,26.687337697385974,17.945713400489446
140,-949.5400884072064,0.31038070440627574,0.2028459056769481,0.20391728208355586,0.2828561078332203,3.6931590076871212,0.062148681653843234,9.922387565615039e-06,0.0,0.09679312125601637,0.2154215749964514,0.07981961283366339,0.07981961283366339,1.1328090399689854,0,3.422899162171064,2.699849871304712,0.7052776385933789,0,1.097670870971332,1.0960984691124858,0.0,0,0.0,0.0,0.0,0.0,0.0,0.0,0.0,0.0,0.0,0.0,27.203622147054457,30.63179898801212,26.687566428895657,17.946435925065984
140,-949.5401159415896,0.31034490514116514,0.20296615648861085,0.20381356242076948,0.2828753759494545,3.6944702427176095,0.062110773922734036,3.4528050709004208e-06,0.0,0.09679981977585057,0.21531050065927526,0.07978157675973636,0.07978157675973636,1.1328874354554015,0,3.4212680637360413,2.69856332423124,0.7053264469817172,0,1.09714780290681,1.095576150337408,0.0,0,0.0,0.0,0.0,0.0,0.0,0.0,0.0,0.0,0.0,0.0,27.206373147357418,30.627558715530608,26.68626825514781,17.94521857655705
140,-949.540085134799,0.31037199716789876,0.20287514871385373,0.2038920529755971,0.28286080114265044,3.6934778746851133,0.0621394598597869,7.675673019315207e-06,0.0,0.09679475158205544,0.21539455598718366,0.07981036028507076,0.07981036028507076,1.132828120333904,0,3.42250238574355,2.699536909474402,0.7052895178724439,0,1.097543630901983,1.095971411313184,0.0,0,0.0,0.0,0.0,0.0,0.0,0.0,0.0,0.0,0.0,0.0,27.204291669025046,30.630767560227632,26.687250571233733,17.946140076321367
140,-949.540080168749,0.3103849755975121,0.20286657684917764,0.20390021896703037,0.2828482285862799,3.693759771730799,0.06213519223822089,4.862628719402601e-06,0.0,0.09681004870261158,0.21540182099321314,0.07981173591346385,0.07981173591346385,1.1330071487217337,0,3.4225613767246768,2.6995834392683737,0.7054009794817309,0,1.0975625483981069,1.0959903017101955,0.0,0,0.0,0.0,0.0,0.0,0.0,0.0,0.0,0.0,0.0,0.0,27.205751653193744,30.631041597665288,26.687106312580312,17.946337449604282
140,-949.5400763528593,0.3103799003783677,0.20285587608615777,0.20390940183745088,0.2828548216980236,3.693756375096682,0.06213571958904315,2.6300518112506686e-06,0.0,0.09682945057287326,0.21539040550112318,0.07981034584604131,0.07981034584604131,1.1332342166552762,0,3.4225017665556083,2.6995364210830104,0.7055423501190746,0,1.0975434323379776,1.0959712130336194,0.0,0,0.0,0.0,0.0,0.0,0.0,0.0,0.0,0.0,0.0,0.0,27.20769744840706,30.630055176311412,26.686596012195448,17.946579395144237
140,-949.5400752844889,0.31040796575532115,0.20286332391620812,0.2039056661629797,0.2828230441654911,3.69311131182929,0.06214279215828551,1.2712602574381142e-06,0.0,0.0968436165795397,0.2153298015080444,0.07981754913036986,0.07981754913036986,1.133400007159847,0,3.4228106645196266,2.699780067795604,0.7056455699305691,0,1.0976424911419742,1.0960701299369318,0.0,0,0.0,0.0,0.0,0.0,0.0,0.0,0.0,0.0,0.0,0.0,27.209091116321886,30.626304901746458,26.68661710218297,17.94681589441398
