-6.972280759165222497e-01
-8.670561844118717110e-01
-5.325906344430031414e-01
5.982106187928891705e-01
-2.792327834387529517e+00
-7.372419201543637390e-01
3.364722366212128390e-01
-2.042755064271178700e+00
-6.086184564454073520e-01
-6.305541892724646491e-01
-1.465126030178238725e+00
-3.252338987924519920e+00
-3.018443469874997565e+00
-8.085562279141963460e-01
-9.580058757048373064e-01
-1.535428785197320956e+00
-1.223957744049113394e+00
-2.665464748188268729e+00
-1.417518109658210790e+00
-2.028756109846115319e+00
-1.519132001871066340e+00
-9.543869297612697089e-01
-8.232915918881746897e-01
