-6.625493489172384898e-01
-7.447877522181225451e-01
-5.009577319846002519e-01
6.728768062427445962e-01
-2.399233186866900791e+00
-1.400911540670403355e+00
-2.207963346639073343e+00
-5.855734195538038200e-01
-1.907508469584093369e+00
-5.881431035066997381e-01
-1.612344360627346873e+00
-2.748105396026180536e+00
-3.620411634684342239e+00
-1.024198909261270884e+00
-9.242480677297132408e-01
-1.301128332726404935e+00
-1.203321279352892903e+00
-2.854023511338287911e+00
-1.182806270490861289e+00
-1.792643746637655688e+00
-1.661260953559094977e+00
-8.065773008649648190e-01
-8.652849482612903209e-01
