-5.765500513894872281e-01
-8.539311263947320096e-01
-5.474391460403990051e-01
5.108678392486148967e-01
-1.842655103034842812e+00
-2.534590205689282172e+00
-1.663328288275950140e+00
-1.661606089931155550e+00
-9.789157383442838034e-01
-1.150877978397419232e+00
-1.155897570060174351e+00
-3.133903671421007342e+00
-2.796101916571705814e+00
-6.044253422495261541e-01
-3.292079642683104490e-01
-1.365994004763905645e+00
-1.110847479897414614e+00
-2.453284294670975196e+00
-1.144253633775336620e+00
-1.490585730011108501e+00
-1.622778777086795410e+00
-1.115141296563386897e+00
-9.959545992065702569e-01
