-6.782291772594402079e-01
-7.694025558019269573e-01
-5.684615108125670169e-01
6.343616656555567390e-01
-2.785430457397469528e+00
-2.231435513142097093e-01
3.364722366212128946e-01
-1.739003638186733536e+00
4.477050819274979235e-03
-1.281625995719771982e+00
-2.058774050229885244e+00
-4.233921390177943778e+00
-3.254000066867024810e+00
-1.244074727680744674e+00
-1.278746928701976593e+00
-2.118033587895667313e+00
-1.083623224401492946e+00
-3.070493045785518849e+00
-1.903038837065721633e+00
-2.261283351679594489e+00
-2.108771003535392374e+00
-1.777955479806138328e+00
-1.521164614883418142e+00
