-6.818711054841025687e-01
-6.768267633790518989e-01
-5.561589373539453929e-01
4.481491415812709489e-01
-3.042248508956351127e+00
3.364722366212128946e-01
-1.092754752960661380e+00
9.910593473306029688e-01
-1.116428043148825600e+00
-3.504311910304654942e-01
-3.183890768436228313e+00
-2.842516985557485221e+00
-1.341390732140414155e+00
-1.080451090431992833e+00
-4.398365628402165939e+00
-1.550340288011607726e+00
-1.706575461201554678e+00
-2.305282628797423516e+00
-1.056546913584797354e+00
-1.097031950751710783e+00
