198,-1599.4997298447893,0.30808080808080807,0.2016835016835017,0.23265993265993268,0.25757575757575757,1.2,0.9,0.9,0.0,0.144,0.84,0.21599999999999997,0.21599999999999997,2.2805514713335517,0,9.400863147298164,8.44643032559932,3.092718995280888,0,8.961783381946853,9.32941209967529,0.0,0,0.0,0.0,0.0,0.0,0.0,0.0,0.0,0.0,0.0,0.0,46.55725568323983,61.2035968299517,31.272429696894868,26.741513304746384
198,-1490.276671197793,0.23649123636322258,0.2530517305160624,0.18165441042384747,0.3288026226968675,1.4458941136653647,0.7171894659317453,0.9003240637831754,0.0,0.05840673650557306,0.3405180008062017,0.07979473853055577,0.07979473853055577,0.9249970060664982,0,3.4728676703712718,3.120281015498865,1.254414051688552,0,3.3106627857867084,3.446472218228672,0.0,0,0.0,0.0,0.0,0.0,0.0,0.0,0.0,0.0,0.0,0.0,45.83294448512008,41.36145576005363,27.69352723437735,23.14836752298738
198,-1459.911547620281,0.3183948527818856,0.19358926149493008,0.23049875655185104,0.2575171291713333,1.685267019041575,0.5970759313009043,0.899375977680111,0.0,0.05719246259478316,0.26620032558807694,0.05944854690317328,0.05944854690317328,0.9057663522202908,0,2.5873502488077227,2.3246667100730387,1.228334829540122,0,2.4665046283229,2.567685151789717,0.0,0,0.0,0.0,0.0,0.0,0.0,0.0,0.0,0.0,0.0,0.0,46.539889491079975,39.54479934432189,27.165195744744025,22.721444904666498
198,-1446.9228932906299,0.31053891847373594,0.2002496555452501,0.2184989492577032,0.2707124767233108,1.8808931118345042,0.5240713503526597,0.8984133337265859,0.0,0.0610874665875659,0.2386958964671103,0.056066167531252195,0.056066167531252195,0.9674521653216154,0,2.44014059330923,2.1924026744263916,1.3119886686732751,0,2.3261705947732603,2.4215943599466954,0.0,0,0.0,0.0,0.0,0.0,0.0,0.0,0.0,0.0,0.0,0.0,47.229621191183085,38.70356078178699,26.870511949541807,22.863230508689245
198,-1410.8391102263533,0.29867235541481607,0.20193436463473136,0.20567644358955092,0.2937168363609016,3.5342462351496633,0.24681962795990892,0.892582216250086,0.0,0.08980255436943976,0.13479520675568119,0.04499265238624141,0.04499265238624141,1.4222176909495636,0,1.9581933690602487,1.7593856645569355,1.9287087897438269,0,1.8667333540033784,1.9433101646698376,0.0,0,0.0,0.0,0.0,0.0,0.0,0.0,0.0,0.0,0.0,0.0,52.892618076194964,34.52292929536319,25.465173132922498,23.9342680611599
198,-1402.573360813502,0.29828299829924093,0.20680235060319443,0.2087549176791083,0.28615973341845635,4.065778105031706,0.207262089745979,0.8900720203110659,0.0,0.11512455793130615,0.16571230407547938,0.05058774614417324,0.05058774614417324,1.823246388728229,0,2.2017059186649677,1.9781753385919674,2.472554910676844,0,2.0988723274305454,2.184971902651629,0.0,0,0.0,0.0,0.0,0.0,0.0,0.0,0.0,0.0,0.0,0.0,55.29886883724251,35.43395061433524,25.522634821022393,24.170461221878142
198,-1400.3510067272882,0.3102721831762939,0.18535021049218411,0.20338460929741906,0.30099299703410287,4.81043612769302,0.16845885458049062,0.8833561072104696,0.0,0.1541030177200247,0.21672153548689432,0.06261851776686962,0.06261851776686962,2.4405546097107136,0,2.725315351912037,2.448624756528553,3.30970368147797,0,2.5980258885429444,2.704601654249841,0.0,0,0.0,0.0,0.0,0.0,0.0,0.0,0.0,0.0,0.0,0.0,59.99684086322486,37.69708188929005,25.719205869275054,24.903425057238124
198,-1399.4994193700418,0.2905452260170605,0.20222948102867874,0.22156415073597072,0.28566114221829003,4.821073689595083,0.16822412454390606,0.8821670302470365,0.0,0.1488298396482816,0.21014525219002475,0.06131541254174319,0.06131541254174319,2.3570424290848973,0,2.6686009357641542,2.397668332959318,3.196450501005897,0,2.543960394323194,2.648318294738523,0.0,0,0.0,0.0,0.0,0.0,0.0,0.0,0.0,0.0,0.0,0.0,59.13723190708176,37.374227197332594,25.73365881270818,24.722635423408963
198,-1399.159442705721,0.30125669791397486,0.20171460269561384,0.21140094475045418,0.2856277546399571,4.768813664480442,0.17055800286943296,0.8821087474501468,0.0,0.1446239331983355,0.20476294042323154,0.06013900722489603,0.06013900722489603,2.290432803093815,0,2.6174008182204775,2.351666362850919,3.106119342880045,0,2.4951516460872916,2.5975073225296517,0.0,0,0.0,0.0,0.0,0.0,0.0,0.0,0.0,0.0,0.0,0.0,58.71588590468948,37.143326914623785,25.732569999418033,24.65845298633014
198,-1399.1432773537904,0.3013356724770545,0.2011161424844865,0.21122848730113472,0.2863196977373243,4.803144613551363,0.16916662371128413,0.8811066488332232,0.0,0.1453112806201245,0.2059385648517071,0.060627284231582645,0.060627284231582645,2.301318436247136,0,2.6386518613585945,2.3707598707980053,3.1208816514059072,0,2.5154101311072496,2.618596847595278,0.0,0,0.0,0.0,0.0,0.0,0.0,0.0,0.0,0.0,0.0,0.0,58.822221966639844,37.21814123192878,25.747357015592268,24.68829861389318
198,-1399.112269892311,0.3014104528342299,0.2013186551970297,0.21110533230853376,0.2861655596602067,4.878756473343896,0.16648588655365493,0.8765330751569579,0.0,0.14451714614189648,0.20628093407551493,0.061763787933618426,0.061763787933618426,2.2887415990751943,0,2.6881153602902432,2.415201534381482,3.1038258542835235,0,2.562563371803663,2.6676844003225857,0.0,0,0.0,0.0,0.0,0.0,0.0,0.0,0.0,0.0,0.0,0.0,58.77769190323675,37.30653752188525,25.80437543849102,24.739666487916637
198,-1399.108388031233,0.30130879839792574,0.19921456647780542,0.2115580895763093,0.28791854554795954,4.906404470126339,0.16640930247237554,0.8668873345482673,0.0,0.14091508303610217,0.20337155451135663,0.06245647147525445,0.06245647147525445,2.231695138549114,0,2.718262689824068,2.442288123604251,3.0264635696342834,0,2.591302630379505,2.6976025957604794,0.0,0,0.0,0.0,0.0,0.0,0.0,0.0,0.0,0.0,0.0,0.0,58.386328157342874,37.242362288149664,25.8414027085716,24.779990296670977
198,-1399.0962506401804,0.30152982538935935,0.20104307570215368,0.21129752049536776,0.2861295784131192,4.904533600536806,0.16652342107035925,0.8655504292265165,0.0,0.14159225660488714,0.20422597229706307,0.06263371569217593,0.06263371569217593,2.2424196467341195,0,2.7259768038376273,2.449219053830374,3.0410073721293074,0,2.5986564464802138,2.705258078825038,0.0,0,0.0,0.0,0.0,0.0,0.0,0.0,0.0,0.0,0.0,0.0,58.433681782702685,37.27171940715294,25.856075675089684,24.77002583998634
198,-1399.0950174516065,0.30153248566872953,0.20109523631024598,0.21131599993485511,0.28605627808616935,4.898634784913324,0.16684325031393135,0.8639148909254197,0.0,0.1416838080219751,0.20422965478859104,0.06254584676661591,0.06254584676661591,2.243869561448999,0,2.7221525272446185,2.445783041064041,3.0429736416200908,0,2.5950107877909856,2.701462868559737,0.0,0,0.0,0.0,0.0,0.0,0.0,0.0,0.0,0.0,0.0,0.0,58.435883616634264,37.26528011208555,25.851410567564542,24.764656157329107
198,-1399.0867361175128,0.30089990365318303,0.20179509284562033,0.21091499773726982,0.28639000576392687,4.882082527172654,0.16866875115375976,0.8411376468350477,0.0,0.14184321403455313,0.20415136083121044,0.06230814679665732,0.06230814679665732,2.2463941004526395,0,2.7118072268386113,2.4364880584962063,3.046397238863577,0,2.585148678343466,2.691196197375366,0.0,0,0.0,0.0,0.0,0.0,0.0,0.0,0.0,0.0,0.0,0.0,58.39731434599087,37.24260717142786,25.835601570299712,24.744623713044845
198,-1399.0738631731065,0.30173155899557225,0.2014504951134895,0.21162653348831115,0.2851914124026271,4.871718668178804,0.17160266877832964,0.7925900197145118,0.0,0.14213943446969837,0.20421723331051364,0.06207779884081528,0.06207779884081528,2.2510853917665945,0,2.7017819045741165,2.4274805679422062,3.052759228909161,0,2.575591602034528,2.6812470723458834,0.0,0,0.0,0.0,0.0,0.0,0.0,0.0,0.0,0.0,0.0,0.0,58.32511337451511,37.22058031072735,25.818319511025187,24.71638205647466
198,-1399.0579235293703,0.30146444412004625,0.20148733766575716,0.21147307510706634,0.2855751431071302,4.8992614340568625,0.17253601755765283,0.750416263673984,0.0,0.14205292052478424,0.20434991655153553,0.06229699602675129,0.06229699602675129,2.2497152563196168,0,2.7113219172929,2.436052020528206,3.0509011502925456,0,2.5846860358229113,2.690714576413875,0.0,0,0.0,0.0,0.0,0.0,0.0,0.0,0.0,0.0,0.0,0.0,58.26214112018771,37.24306919420047,25.822253382413244,24.718750758878617
198,-1399.0186118872764,0.30138895051472064,0.2009972374335751,0.2114167147122466,0.2861970973394577,5.020355443613443,0.17250113770312783,0.6235842534216333,0.0,0.14181849543643585,0.2048271671842041,0.06300867174776825,0.06300867174776825,2.2460026279852388,0,2.7422958342305632,2.463881276972606,3.0458663522112577,0,2.6142132749430265,2.721453076796749,0.0,0,0.0,0.0,0.0,0.0,0.0,0.0,0.0,0.0,0.0,0.0,58.131136910351444,37.35268475086583,25.844758504270942,24.73664789297679
198,-1398.9888531982074,0.3010485733450411,0.2011621979490129,0.21159594075186614,0.28619328795407983,5.028067594731403,0.16979777895275805,0.5292118396130688,0.0,0.14186779064196228,0.20427781550874483,0.06241002486678254,0.06241002486678254,2.2467833241900514,0,2.7162412166300838,2.4404718826675915,3.0469250759508957,0,2.589375572768619,2.695596486727763,0.0,0,0.0,0.0,0.0,0.0,0.0,0.0,0.0,0.0,0.0,0.0,58.08618015024216,37.382179425888026,25.820199639280233,24.706093949472333
198,-1399.0063843019598,0.30527716388492604,0.2004151363530437,0.20815766690680843,0.2861500328552218,4.956076336905074,0.16666046704579252,0.4374362268599519,0.0,0.140833255863496,0.20339505802400218,0.0625618021605062,0.0625618021605062,2.2303992282791,0,2.7228469461076923,2.446406958299281,3.02470614983533,0,2.595672772901256,2.702152009507955,0.0,0,0.0,0.0,0.0,0.0,0.0,0.0,0.0,0.0,0.0,0.0,57.90216778933349,37.41749403378482,25.845770920874017,24.693354209236396
198,-1398.9816154141229,0.30252613090391783,0.20089977381767263,0.2103956523744132,0.2861784429039963,5.002679717378381,0.16868988554654676,0.4949894653678954,0.0,0.14150426664382199,0.20396752463734175,0.062463257993519754,0.062463257993519754,2.241026135378774,0,2.7185580561641545,2.442553502556479,3.0391175927961114,0,2.591584201243446,2.697895717175382,0.0,0,0.0,0.0,0.0,0.0,0.0,0.0,0.0,0.0,0.0,0.0,58.019541636527556,37.394414556166936,25.82825473294274,24.701820405209407
198,-1398.9721438386368,0.3021103621537126,0.20091789732493465,0.21118220520003764,0.28578953532131507,4.974321971831742,0.16643020870450145,0.456859073750479,0.0,0.14153543413497843,0.2038934144804962,0.06235798034551774,0.06235798034551774,2.2415197400163756,0,2.7139761081950047,2.4384367418217936,3.0397869837123253,0,2.5872162592232844,2.693348594198089,0.0,0,0.0,0.0,0.0,0.0,0.0,0.0,0.0,0.0,0.0,0.0,57.997125732348984,37.41922873176552,25.826732542107386,24.693007594588284
198,-1398.967369833347,0.30179068613709636,0.2008963916865982,0.21149315479213104,0.2858197673841744,4.930897096317293,0.1655553753245301,0.43964988438659647,0.0,0.14175586007817859,0.20438036345475472,0.06262450337657612,0.06262450337657612,2.245010661607245,0,2.7255758606977034,2.448858816877359,3.0445211191400183,0,2.5982742299207153,2.7048601830443766,0.0,0,0.0,0.0,0.0,0.0,0.0,0.0,0.0,0.0,0.0,0.0,57.98383417156511,37.4478603750822,25.835888496050607,24.698163409031892
198,-1398.9655456340909,0.3015438076838645,0.20090534054688006,0.21158246697656022,0.2859683847926952,4.88569755935642,0.1655919310290704,0.4343120553305085,0.0,0.14170147066370295,0.20456901189925913,0.06286754123555616,0.06286754123555616,2.2441492875849716,0,2.736153479456424,2.4583625314253115,3.043352985978275,0,2.6083578069845634,2.715357406851078,0.0,0,0.0,0.0,0.0,0.0,0.0,0.0,0.0,0.0,0.0,0.0,57.942699027664645,37.45131686327262,25.843904248157315,24.702213890911636
198,-1398.9654463377296,0.30151504175509536,0.20091192025075033,0.21156129208966093,0.28601174590449346,4.87799327842263,0.16581653836732904,0.4360917736531581,0.0,0.14155959899032322,0.20445188581424825,0.06289228682392502,0.06289228682392502,2.2419024427692307,0,2.7372304696867715,2.4593301790550504,3.0403059775119297,0,2.609384494959659,2.7164262114415507,0.0,0,0.0,0.0,0.0,0.0,0.0,0.0,0.0,0.0,0.0,0.0,57.92237537535686,37.44310174686724,25.844937759881027,24.702170954005023
198,-1398.9654494938527,0.3015173608825323,0.2009681692474571,0.21153909238346816,0.28597537748654245,4.877768905197377,0.16585953603029738,0.4368114969394461,0.0,0.14157055469299112,0.20447405762369444,0.06290350293070332,0.06290350293070332,2.242075950018111,0,2.737718622857458,2.459768771945918,3.0405412754962886,0,2.609849848289918,2.7169106544151096,0.0,0,0.0,0.0,0.0,0.0,0.0,0.0,0.0,0.0,0.0,0.0,57.92293914965671,37.443284809560126,25.845518433573847,24.702187875697078
198,-1398.96544497183,0.30151586430606087,0.20093186903621882,0.21155341816496423,0.28599884849275603,4.877913696073105,0.16583178759324754,0.436346910811538,0.0,0.14156348473577587,0.20445974948320086,0.06289626474742499,0.06289626474742499,2.241963981953323,0,2.737403598920261,2.459485731155435,3.0403894325034035,0,2.6095495379629767,2.716598024810218,0.0,0,0.0,0.0,0.0,0.0,0.0,0.0,0.0,0.0,0.0,0.0,57.922575204343765,37.44316665725271,25.845143639378044,24.702176961917917
