-6.936936350010076691e-01
-8.686064028260898073e-01
-4.709591835848310204e-01
6.827541802393085613e-01
-2.559468818424953440e+00
3.364722366212128390e-01
-1.596234544761762963e+00
-9.404798613910939631e-01
-3.709710537328552715e-01
-5.124858356789974145e-01
-3.713684686502028764e+00
-9.062528538077783580e+00
-1.714190250216714340e+00
-1.035047096733680894e+00
-3.169769724725508553e+00
-1.316631190880552582e+00
-1.990714287138640293e+00
-2.267241167009405700e+00
-1.359710552924423110e+00
-1.301847893410293056e+00
