-5.585560133692908380e-01
-6.425718014816725887e-01
-6.266573454435162560e-01
4.185039563567415910e-01
-3.386463176964873423e+00
8.785355844347979559e-01
-2.797176330364454344e+00
-1.652936591864121230e+00
-9.531520005788821637e-01
-1.000284827011436617e+00
-1.770279505834503775e+00
-9.945202157433941537e+00
-3.920891893301074127e+00
-1.070946162419602832e+00
-6.926026938907176023e-01
-4.983983766269801108e-01
-1.016145056330894691e+00
-2.983176599719352229e+00
-1.470535719637456884e+00
-1.839358251966143554e+00
-3.201826724379902345e+00
-2.855998292977456887e-01
-1.303332952974406878e+00
