-6.756966606543495235e-01
-6.762843484873540811e-01
-6.564917499583495797e-01
5.151931066855514052e-01
-2.322430039669699742e+00
3.364722366212128946e-01
-2.386471664054282016e+00
-1.039230782091086880e+00
-1.427691144793648226e+00
-5.204855166263558930e-01
-2.290327640943581766e+00
-2.995285722100438974e+00
-1.565755937715074486e+00
-1.386443977722888077e+00
-3.585728148863312370e+00
-1.830673505516285049e+00
-6.718119814260355982e-01
-1.614354170842062119e+00
-1.258464195373527827e+00
-4.410323477678314563e-01
