-6.503729288673968378e-01
-5.830862363823349215e-01
-5.591679211484726908e-01
8.500632505023162366e-01
-3.192149622905114281e+00
3.364722366212128390e-01
-2.208059891471829239e+00
-5.614733852865597674e-01
-1.237074253829419046e+00
-1.540840349069479087e+00
-3.580894191864994802e+00
-2.781802615804009005e+00
-1.622868618907305827e+00
-1.293435832843799815e+00
-1.759915115484367965e+00
-2.070277585721159497e+00
-1.570911495692564719e+00
-1.251355234967862273e+00
-2.358107675353859900e+00
-1.419616061744747526e+00
