-6.307622071073915038e-01
-7.207938164999868613e-01
-5.390124242590041970e-01
7.119220498923573004e-01
-2.378588537745825793e+00
3.364722366212128946e-01
-1.746302827043416883e+00
-4.688000255509880421e-01
-4.292458005054091141e-01
-3.204045505041343000e-01
-2.767489621016590906e+00
-2.967819901116611980e+00
-1.204545594477833159e+00
-1.093133284176766917e+00
-3.984273033214444037e+00
-1.241418539241928576e+00
-1.415335996867125079e+00
-1.381323792262786565e+00
-9.104896273435484355e-01
-5.909287833560256109e-01
