-6.806666689143218152e-01
-1.012081379518011248e+00
-3.502263792176928958e-01
8.154737428354676965e-01
-3.506986828806946566e+00
-3.288190366177390356e-01
-1.927307859449779226e+00
1.258168325396765985e-01
-1.256126334025036151e+00
-1.017808041436906397e+00
-1.081012129705367641e+00
-1.187172478265283715e+01
-1.237666176783758054e+01
-5.518422149586720282e-01
2.463070318665841908e-03
-1.611672856269819043e+00
-1.611266091221417618e+00
-2.340131019999111217e+00
-1.382231563248122796e+00
-2.134648346939756802e+00
-2.139300499415005330e+00
-1.323777481394663225e+00
-1.363359686107872282e+00
