-6.121172401370894578e-01
-7.019655092601539970e-01
-6.136831416063577294e-01
5.785557085503496566e-01
-2.027287710391397990e+00
3.364722366212128946e-01
-1.415550328899598087e+00
-4.071757702521935363e-01
-4.822564023235637598e-01
-1.017743759387372382e+00
-3.621458797402271834e+00
-2.858946014370354227e+00
-4.346812562655032464e-01
-5.222028722735362338e-01
-1.173410921701838694e+00
-1.256637633042445801e+00
-2.582389390381231831e+00
-1.562708907594504870e+00
-1.846255812624702841e+00
-8.024629605186394121e-01
-1.024564417781969494e+00
-7.890656196408621925e-01
