-6.784457735969884329e-01
-6.954682789534963883e-01
-5.368451942109956354e-01
6.289908378519112331e-01
-1.822790778663080147e+00
-2.561351264354862600e+00
-2.794987682989676703e+00
-7.586764958524259139e-01
5.334419309066688181e-02
-4.650897860107678916e-01
-1.350855846297619234e+00
-2.246670104162532766e+00
-3.073394904321213428e+00
-6.782411286633208691e-01
-7.524383691979652511e-01
-1.046170965692443389e+00
-8.085832808800531568e-01
-2.327109901665620484e+00
-1.036778604657587533e+00
-1.643326300935765261e+00
-6.653160834391452783e-01
-7.837400069810490644e-01
-4.479497186773171991e-01
