-7.402690873467412391e-01
-8.595463839049618526e-01
-4.527050347761947258e-01
7.996429813875195469e-01
-3.106666723451134704e+00
-1.381551055796427363e+01
-1.484513008637404541e+00
-1.043099431337155547e+00
-8.438221337757649820e-01
-4.360982791616642151e-01
-3.283141327420182609e+00
-3.031972214884195438e+00
-4.694085187006177273e-01
-7.407708399111477826e-01
-1.517989863733107070e+00
-1.552857234447028612e+00
-2.663267553272463228e+00
-1.570210108624218615e+00
-2.233580945403579321e+00
-2.180056027931283058e+00
-1.199613010428851823e+00
-1.242410825146434084e+00
