-6.816940088795584440e-01
-8.936317917523594057e-01
-5.418301009116238687e-01
5.939976159364137587e-01
-2.090640790645840408e+00
-2.577660014673382349e+00
-1.628664956508324657e+00
-9.698632236185937838e-01
-8.399475127828370802e-01
-5.290674500341586706e-01
-7.241252332359465749e-01
-3.433314266591330099e+00
-3.140472168596930569e+00
-5.797318141317493456e-01
-7.106007986036385615e-01
-1.178090193766273330e+00
-1.310831942293738006e+00
-2.519968481640050939e+00
-1.360679924808296581e+00
-2.053842046584168468e+00
-1.810907884467245266e+00
-1.124696167606883401e+00
-1.186292191618929515e+00
