-6.633894237974475860e-01
-8.781475053103700024e-01
-4.820369290542063090e-01
8.105225651986925905e-01
-2.400008692864912696e+00
3.364722366212128946e-01
-1.302817095815439918e+00
-6.798927047483632746e-01
-5.479434681684480779e-01
-1.453841705895898562e+00
-3.285783222277024684e+00
-3.180483474281265099e+00
-5.285447713359386901e-01
-1.044738429029060223e+00
-1.117608259993177144e+00
-1.475271690773049649e+00
-1.486765623165541728e+00
-1.450521167091590735e+00
-1.927232424084819762e+00
-1.623021886294029104e+00
-2.303283496221867566e+00
-1.384037179567170872e+00
