-6.792518967011701436e-01
-8.864112589811394827e-01
-5.439477410138763291e-01
5.803231929130474587e-01
-2.027998819738819680e+00
-2.231435513142097093e-01
-1.640138297002200929e+00
-1.379366158637771900e+00
-6.721269944453571732e-01
-5.197137282288211146e-01
-7.298969029299737787e-01
-3.373910306367637890e+00
-3.120693029565430265e+00
-5.454023227931213968e-01
-6.913852247425441577e-01
-1.165579435457795521e+00
-1.293301710578475872e+00
-2.515910767912473034e+00
-1.322862615402446096e+00
-2.007648543035426503e+00
-1.781203441717450708e+00
-1.095818324704325164e+00
-1.158498269319335083e+00
