-6.615750623762742810e-01
-7.942160863000131688e-01
-4.873871654269000819e-01
5.237148640728248594e-01
-2.266096959144231704e+00
-1.113194230850378164e+00
-1.563938465704180381e+00
-8.688168561332533235e-01
-7.262098807671529821e-01
-1.651613627046073951e+00
-3.808405172618224643e+00
-2.950184224322848880e+00
-4.370870206147933756e-01
-8.693341549932318557e-01
-1.670898960392949606e+00
-1.217405280121289346e+00
-9.272973880725565721e-01
-1.438020949909649460e+00
-1.837254682590432120e+00
-1.547042997641580486e+00
