-6.561674308220728502e-01
-8.179623078512482381e-01
-6.757283818213807303e-01
5.927673140639910798e-01
-2.198927979074668748e+00
-8.156718593463708755e-01
-1.040657197423981106e+00
-4.753892363389908837e-01
-8.109517438651806520e-01
-2.247310618880022925e+00
-3.261032437757533486e+00
-3.243140932436365809e+00
-8.863807122269558025e-01
-8.841154798648176438e-01
-1.614818892656842531e+00
-1.465712308888808435e+00
-2.846650813262308954e+00
-1.685174755309522210e+00
-1.810887528760994902e+00
-2.353167956322558041e+00
-1.034977834494143378e+00
-1.103988581189955021e+00
