-6.808920072293389580e-01
-8.006813795403521228e-01
-5.080966083099599517e-01
6.290364695421927221e-01
-2.085076591943520352e+00
-2.231435513142096816e-01
3.364722366212128390e-01
-2.245152373086692243e+00
-5.803886288797166504e-01
-5.416366870572919545e-01
-1.399117641029503201e+00
-3.481602985925231764e+00
-3.022127730037142967e+00
-5.677721312517569618e-01
-8.594951821581550133e-01
-1.368991765742872513e+00
-1.192764003335388345e+00
-2.408613170199313203e+00
-1.088997356362832347e+00
-1.517164357381355133e+00
-1.386860935012115270e+00
-3.115600330560661657e-01
-7.522148753959057021e-01
