-7.100506621519970807e-01
-7.932406775173236335e-01
-5.345900767139061260e-01
5.036649281000735723e-01
-2.281469393029563530e+00
3.364722366212128390e-01
-1.942538430675817773e+00
2.149289906783716508e-01
-1.062430166467859705e+00
-1.514858384312825601e+00
-3.069903219509948489e+00
-3.286449472350193801e+00
-7.893705322614734676e-01
-2.832587030378173054e-01
-1.428155177918411844e+00
-1.096134881568604280e+00
-3.053667187202412148e+00
-1.004262221760980234e+00
-1.915266825518346483e+00
-1.546142233546363931e+00
-8.609470927192606204e-01
-9.223201048225784238e-01
