-6.805958515663431685e-01
-7.979899106515446761e-01
-5.163694997835363010e-01
4.195919854403128979e-01
-2.646886030888554675e+00
-1.410233286479512627e+00
-2.393125667007949708e+00
-6.645064548383395886e-01
2.794154984219450813e-02
-2.923620880908266439e+00
-4.068368360837649966e+00
-2.976444882754945898e+00
-1.055891985338544448e+00
-2.563080019586538305e-01
-1.826575287043702644e+00
-1.545411328360952297e+00
-3.231992328607202758e+00
-1.543697186664171106e+00
-5.714988207588178604e+00
-8.261267695503249353e-01
-1.505195656107852775e+00
-1.693694410411108908e+00
