-6.846918101436605397e-01
-7.219232756665979744e-01
-6.068931455077333226e-01
7.526384879139497164e-01
-2.418725768834785850e+00
3.364722366212128946e-01
-1.395588830163877914e+00
-7.738420089478299513e-01
-9.446813454608319338e-01
-9.414981847847410101e-01
-2.955110899579899808e+00
-3.715642492276011843e+00
-7.827630360411761412e-01
-9.868206944276535220e-01
-1.441700143704379933e+00
-1.182709959869989502e+00
-2.796842168137081419e+00
-1.588638553968960698e+00
-2.566013001861168430e+00
-1.661866328862475983e+00
-1.380258856827456970e+00
-1.074240104353571867e+00
