-6.827356885542645859e-01
-7.998048252083770349e-01
-5.073492271193440484e-01
6.283240705714032703e-01
-2.150689083608573249e+00
-3.518072369016631007e-01
3.364722366212128946e-01
-1.878065528206174672e+00
-6.420219735610382950e-01
-5.269881094234748486e-01
-1.401031151557604604e+00
-3.585985903569333111e+00
-3.072834636469083947e+00
-5.550903276397014530e-01
-8.536971103991222165e-01
-1.381825274527027192e+00
-1.196627504909828499e+00
-2.446125576287787151e+00
-1.094735357192181402e+00
-1.533809637919245628e+00
-1.400686346934931770e+00
-3.259293995495826657e-01
-7.641843267772407966e-01
