-7.176009806909979805e-01
-6.893279448683404809e-01
-5.229014176298657501e-01
6.421343455651828958e-01
-2.970353442722645454e+00
3.364722366212128946e-01
-1.982427103271202196e+00
-1.968640113609229636e-01
-1.185334594031627997e+00
-1.918773758799840135e+00
-3.655924005521648201e+00
-3.736443955131604877e+00
-7.916679450961301434e-01
-1.365838273116341428e+00
-1.333048913237951938e+00
-1.652511467197158135e+00
-2.583188635254724197e+00
-1.562268451774580846e+00
-2.501940977723175141e+00
-1.551467051702990707e+00
-1.497956379738173416e+00
-1.226727467914326963e+00
