-6.993899474311849884e-01
-8.051765795836108852e-01
-4.724511193230654382e-01
8.676183338439841242e-01
-2.968032597885177371e+00
-1.867387000818443221e+00
-1.460862701422595888e+00
-1.241134659631026649e+00
-1.255704303849254133e+00
-7.900287323294519215e-01
-1.305047700521616783e+00
-3.140265772356475082e+00
-3.309086261301183551e+00
-6.277422352545293238e-01
-1.540031703008449604e+00
-1.581542933078535107e+00
-1.537334683482438846e+00
-2.534481220127240864e+00
-1.388959332383512768e+00
-2.256894762921738185e+00
-2.147539503102029901e+00
-1.298124324913415784e+00
-1.069878596201710552e+00
