-6.783682832978535915e-01
-6.681985545922483061e-01
-5.022298431202827373e-01
7.175526269695852166e-01
-2.861488305896890072e+00
-1.569182924977987614e+00
-1.085523795575706885e+00
-1.108751229157176166e+00
-6.213608266391187351e-01
-4.825468527935217189e-01
-1.940139089934854288e+00
-4.858389732352413226e+00
-3.851057673209739907e+00
-3.464873358212321452e-01
-1.028183813767660659e+00
-1.219579607459483350e+00
-1.653404377397877933e+00
-2.844934112741982268e+00
-1.473569212997477118e+00
-1.482502276017674259e+00
-1.475904325906368442e+00
