-6.495452193655689710e-01
-8.059035271591258320e-01
-5.415324352345910475e-01
7.901747497700459810e-01
-2.560099378829150840e+00
3.364722366212128946e-01
-1.702872577831450629e+00
-3.555091885874875346e-01
-7.111991705500924077e-01
-1.302376142159612060e+00
-3.287674252511392226e+00
-3.759151102718903736e+00
-8.717472347905236285e-01
-1.143417330918898855e+00
-1.473647342246099390e+00
-1.374474430534875058e+00
-4.018551423193271965e+00
-1.493001353075306792e+00
-1.997774100050570212e+00
-1.596168891027563541e+00
-7.178329442874701316e-01
-1.031436697513054002e+00
