-6.599297589026792421e-01
-8.575602372399472317e-01
-5.567995427977980860e-01
6.241845453585901371e-01
-2.818778003660505238e+00
-1.074186495997850654e+00
-1.254323854364233215e+00
-7.739094579842041854e-01
-2.356429463561528159e+00
-1.509512868401678087e+00
-1.301361905560912469e+00
-4.222575198240500427e+00
-2.674934751667275457e+00
-6.063167527896440312e-01
-9.127453190157825968e-01
-1.677261401535951491e+00
-1.580173324817208735e+00
-2.496108624498439621e+00
-1.708286233586367553e+00
-2.037972675904726749e+00
-1.741395840285177687e+00
-8.271164356447989752e-01
-1.398257388437405879e+00
