-7.007120068519854250e-01
-8.305435866274798462e-01
-5.485448727287028925e-01
5.684446650980420346e-01
-2.945404808429236798e+00
-7.281136408620261236e-01
3.364722366212128946e-01
-2.231264774618795688e+00
-8.902885800938548089e-01
-1.028000152466882477e+00
-1.177157666038035844e+00
-5.455408977458210629e+00
-3.436061344917450189e+00
-8.958305723946624610e-01
-9.269952540596975155e-01
-1.544931587776592785e+00
7.571609837483332661e-02
-7.838792398278016105e-01
-1.572230788808974156e+00
-2.211923066908262570e+00
-2.437358988179175956e+00
