-7.038945827623730445e-01
-1.000254518312132967e+00
-4.174030999935620656e-01
8.661786361545766866e-01
-2.656556694832747922e+00
-8.394145919563226199e-01
-1.922275226382757385e+00
7.486929070144968112e-02
-8.777884036384287825e+00
-3.613432077468706205e-01
-1.165985101520811584e+00
-3.100242230247615804e+00
-2.659374788661005518e+00
-7.415165141100713564e-01
-7.747414408198747271e-01
-1.432268284446117423e+00
-1.583612140821042402e+00
-3.478666199190069364e+00
-1.345705283775536110e+00
-2.001738165674112668e+00
-1.354558855498987135e+00
-6.491689476516859791e-01
-8.771201808011979129e-01
