107,-1107.1681783733852,0.3090342679127726,0.22180685358255453,0.22429906542056072,0.24485981308411214,1.2,0.9,0.0,0.14399999999999996,0.84,0.21600000000000003,0.21600000000000003,0.6559669103675451,0,7.144188603414207,5.154986441449867,0.18364249587032921,0,4.1864619532089336,4.561978758452823,0.0,0,0.0,0.0,0.0,0.0,0.0,0.0,0.0,0.0,0.0,0.0,6.473937469857194,43.935350745709265,61.49780234797528,56.088530460501595
107,-1093.2544199294787,0.20371570432676403,0.27249268415925587,0.1457146761621028,0.3780769353518774,1.8210275976166725,0.5018354243269642,0.0,0.08377359661540602,0.48893009641390617,0.12766550325057174,0.12766550325057174,0.38161602320961757,0,4.222529784129046,3.0468237884146814,0.10683605812838423,0,2.474383204147176,2.6963301574828615,0.0,0,0.0,0.0,0.0,0.0,0.0,0.0,0.0,0.0,0.0,0.0,5.7243935672597175,35.910822620432555,59.9067847629355,55.16740347370875
107,-1037.3298971171482,0.26719714035574876,0.23423746189247002,0.174768333162239,0.32379706458954227,2.0272529689502607,0.42457207177328726,0.0,0.04575174859330896,0.45430578701885954,0.21543842404659588,0.21543842404659588,0.20841411922684416,0,7.12561450838522,5.14158405059041,0.058346981264632516,0,4.17557761819614,4.550118121551492,0.0,0,0.0,0.0,0.0,0.0,0.0,0.0,0.0,0.0,0.0,0.0,3.7264641858016523,35.75292125886439,62.547861521711695,57.37550324087205
107,-1014.9917544094856,0.31547451303148194,0.20123721701432434,0.21992830002404642,0.26335996993014726,2.5942004960185914,0.2884122310256273,0.0,3.059023205018258e-07,0.34226952011808875,0.29645983839420775,0.29645983839420775,1.3934847225961476e-06,0,9.805393513082947,7.075215034058146,3.9011573353806024e-07,0,5.74591589857324,6.2613124328182055,0.0,0,0.0,0.0,0.0,0.0,0.0,0.0,0.0,0.0,0.0,0.0,3.379466861949931e-05,34.37655215429832,68.19527929195453,62.45140026127409
107,-1012.431106570903,0.29560970041039847,0.22083285372834138,0.19592250506326228,0.2876349407979978,2.807915783367166,0.2535867707962922,0.0,3.059023205018258e-07,0.3127023309968292,0.3017792751341628,0.3017792751341628,1.3934847225961476e-06,0,9.981333602592992,7.202166998273972,3.9011573353806024e-07,0,5.849015988963626,6.373660383811763,0.0,0,0.0,0.0,0.0,0.0,0.0,0.0,0.0,0.0,0.0,0.0,3.3661845907757966e-05,33.734792489004015,68.94939915055066,63.35605836063015
107,-1012.5478607335298,0.29653187962881977,0.22128785215634034,0.19876988841039042,0.28341037980444944,2.884937037264978,0.2399386358250125,0.0,0.002882324604514319,0.30524686203876167,0.30236453743424735,0.30236453743424735,0.013129927538191768,0,10.000691122288695,7.216134679855582,0.00367581447417687,0,5.860359407259698,6.386021282798379,0.0,0,0.0,0.0,0.0,0.0,0.0,0.0,0.0,0.0,0.0,0.0,0.30954494057711684,33.5671916624398,69.06583394643233,63.539548005578176
107,-1012.4400493133496,0.2958450001305178,0.22095134871029554,0.1966474118026314,0.2865562393565553,2.827393272056334,0.2500281987261031,0.0,0.000732640283011829,0.31079910774020786,0.30192867391758543,0.30192867391758543,0.003337415158736621,0,9.986274959472121,7.205732501528198,0.0009343325704683102,0,5.851911601568508,6.376815726758581,0.0,0,0.0,0.0,0.0,0.0,0.0,0.0,0.0,0.0,0.0,0.0,0.0800741933400461,33.69272168387938,68.97640544868212,63.400125268941665
107,-1012.4322692842023,0.29568074329073757,0.22086880255754482,0.19614125560363183,0.2873091985480858,2.813783973785296,0.25250674473802664,0.0,0.00022100041322679429,0.3121276328489414,0.30182438710470955,0.30182438710470955,0.0010067288767661876,0,9.982825678638628,7.2032436260356185,0.00028184074634265716,0,5.849890338724405,6.374613160901514,0.0,0,0.0,0.0,0.0,0.0,0.0,0.0,0.0,0.0,0.0,0.0,0.02426821152001045,33.722143421824505,68.9573567009261,63.369159052994746
107,-1012.4313116229972,0.2956322491634471,0.22084427987162789,0.19599192473377905,0.28753154623114585,2.80977715150913,0.25324344681419114,0.0,7.012580577930542e-05,0.31251991754069885,0.30179359395415895,0.30179359395415895,0.00031944588995892726,0,9.981807196808875,7.2025087266209065,8.943109720992783e-05,0,5.849293513015148,6.373962801185228,0.0,0,0.0,0.0,0.0,0.0,0.0,0.0,0.0,0.0,0.0,0.0,0.007711574156834187,33.7307868586387,68.95191691923304,63.360203935061676
107,-1012.4311369457764,0.29561700195308427,0.22083655528345222,0.19594498282637016,0.2876014599370933,2.808518396046842,0.25347554479247897,0.0,2.2705606873493983e-05,0.3126432627982398,0.3017839117761194,0.3017839117761194,0.00010343143603351351,0,9.981486959281067,7.202277654877769,2.8956349420131516e-05,0,5.849105855283728,6.3737583109511915,0.0,0,0.0,0.0,0.0,0.0,0.0,0.0,0.0,0.0,0.0,0.0,0.0024980149974726334,33.733500464699276,68.95022421641076,63.35740626225194
107,-1012.4310937425388,0.2956121120420843,0.22083407649128345,0.19592992914131616,0.28762388232531616,2.808114808078608,0.25355002818023753,0.0,7.499246845785667e-06,0.31268282125128155,0.30178080657869377,0.30178080657869377,3.4161512385510994e-05,0,9.981384255040052,7.202203547235977,9.563752832692874e-06,0,5.849045671066693,6.373692728336856,0.0,0,0.0,0.0,0.0,0.0,0.0,0.0,0.0,0.0,0.0,0.0,0.0008251688896062586,33.73437033625082,68.94968314856291,63.356510851613244
107,-1018.5242030793612,0.3110988229296133,0.21674123860507638,0.22083047725282362,0.2513294612124867,3.6673407344007156,0.15275665295535854,0.0,3.059023205018258e-07,0.28048982821225105,0.28048982821225105,0.28048982821225105,1.3934847225961476e-06,0,9.277186268923947,6.694079913883131,3.9011573353806024e-07,0,5.436388861447679,5.9240214734554195,0.0,0,0.0,0.0,0.0,0.0,0.0,0.0,0.0,0.0,0.0,0.0,3.589201881802124e-05,33.97156060342045,70.16004460368006,64.57940469938717
107,-1012.2709471078989,0.29767482230949366,0.2204405945832274,0.1991812669385378,0.2827033161687412,2.9120761056281212,0.23664432364484783,0.0,6.413790490461297e-06,0.30810168455069264,0.2987890393128441,0.2987890393128441,2.9216905081754443e-05,0,9.882431710573613,7.130802993108993,8.179475650400666e-06,0,5.7910599311068065,6.310505789832038,0.0,0,0.0,0.0,0.0,0.0,0.0,0.0,0.0,0.0,0.0,0.0,0.0007106253528160353,33.76906177756823,69.12171493032109,63.53216442806917
107,-1012.1015324351522,0.2962168496727511,0.2239535340353774,0.20134361873596004,0.2784859975559114,2.871663232402055,0.22954249795426854,0.0,3.059023205018258e-07,0.31983927130168005,0.31983927130168005,0.31983927130168005,1.3934847225961476e-06,0,10.578667022952626,7.633181050941509,3.9011573353806024e-07,0,6.199050650215525,6.755092415728212,0.0,0,0.0,0.0,0.0,0.0,0.0,0.0,0.0,0.0,0.0,0.0,3.193558234557834e-05,34.04134117739818,70.07951356497026,64.52715386575802
107,-1012.0797555514241,0.29592532124821425,0.22389502590482546,0.20031503401300207,0.27986461883395836,2.8822000578409734,0.2291488664952257,0.0,3.059023205018258e-07,0.31946363395001925,0.31526965676703805,0.31526965676703805,1.3934847225961476e-06,0,10.427527263321211,7.524124102012196,3.9011573353806024e-07,0,6.1104834400761305,6.658580913684907,0.0,0,0.0,0.0,0.0,0.0,0.0,0.0,0.0,0.0,0.0,0.0,3.2290226281898476e-05,34.060854214579464,69.8879100324116,64.32827228233765
107,-1012.0574059713159,0.2961312932141533,0.22311493800789134,0.1997532706672246,0.2810004981107308,2.8682637451620674,0.22715121557190934,0.0,3.059023205018258e-07,0.3220248187904276,0.3146252680855494,0.3146252680855494,1.3934847225961476e-06,0,10.406214141680193,7.508745329252484,3.9011573353806024e-07,0,6.097994047955155,6.644971249438894,0.0,0,0.0,0.0,0.0,0.0,0.0,0.0,0.0,0.0,0.0,0.0,3.227429572971239e-05,34.15279782229413,69.87180146709115,64.32321578904948
107,-1012.010490327739,0.29465690527559746,0.22159616732005247,0.19988412182111667,0.2838628055832334,2.7909888382254353,0.22069378434626993,0.0,3.059023205018258e-07,0.3256336345290801,0.3143504783713255,0.3143504783713255,1.3934847225961476e-06,0,10.397125486380684,7.502187286423437,3.9011573353806024e-07,0,6.092668137382324,6.6391676159234745,0.0,0,0.0,0.0,0.0,0.0,0.0,0.0,0.0,0.0,0.0,0.0,3.2215757941348114e-05,34.28980260310474,69.87816814889825,64.34855191956521
107,-1012.0041812743289,0.2984943265824265,0.22192061391410392,0.19675530960438345,0.2828297498990861,2.700094522618884,0.2162242168635377,0.0,3.059023205018258e-07,0.3241430460449252,0.3142620374229395,0.3142620374229395,1.3934847225961476e-06,0,10.394200306679135,7.500076583229925,3.9011573353806024e-07,0,6.090953995412307,6.637299719034982,0.0,0,0.0,0.0,0.0,0.0,0.0,0.0,0.0,0.0,0.0,0.0,3.2243258037689546e-05,34.25578321032432,69.89088887782314,64.3692343989579
107,-1011.9850633056083,0.29573170291102996,0.22180186783705122,0.19915672745656746,0.2833097017953515,2.699650592018885,0.2171220832791159,0.0,3.059023205018258e-07,0.3224095410661614,0.31461000038524045,0.31461000038524045,1.3934847225961476e-06,0,10.405709163298027,7.508380955233573,3.9011573353806024e-07,0,6.097698132925264,6.644648791455099,0.0,0,0.0,0.0,0.0,0.0,0.0,0.0,0.0,0.0,0.0,0.0,3.227079589463091e-05,34.190954609777656,69.88234553705207,64.34941751002332
107,-1011.9833627784416,0.29547269199668025,0.2219921017260551,0.19959676500032078,0.28293844127694373,2.6931130832431243,0.21756930358080337,0.0,3.059023205018258e-07,0.32074563486314833,0.3147656642652405,0.3147656642652405,1.3934847225961476e-06,0,10.410857737915896,7.5120959792651645,3.9011573353806024e-07,0,6.100715174180398,6.647936454945925,0.0,0,0.0,0.0,0.0,0.0,0.0,0.0,0.0,0.0,0.0,0.0,3.2300082512348576e-05,34.13364452436385,69.87966272103827,64.34108602649529
107,-1011.9831454660414,0.2955096943769713,0.22213963219057958,0.19963338611305517,0.282717287319394,2.6877386491729593,0.2176305846553876,0.0,3.059023205018258e-07,0.31998389599421273,0.3147231598016274,0.3147231598016274,1.3934847225961476e-06,0,10.409451905024513,7.511081581424301,3.9011573353806024e-07,0,6.099891362514853,6.647038749111933,0.0,0,0.0,0.0,0.0,0.0,0.0,0.0,0.0,0.0,0.0,0.0,3.2322609466708214e-05,34.10867904619757,69.87430387168733,64.33282353742553
107,-1011.9831444596875,0.29554596795648996,0.2221268499497984,0.19962015445389017,0.2827070276398215,2.68779651998015,0.2176468916028531,0.0,3.059023205018258e-07,0.3199087891824749,0.31472403355016854,0.31472403355016854,1.3934847225961476e-06,0,10.409480804211409,7.511102434025609,3.9011573353806024e-07,0,6.099908297306632,6.647057202918807,0.0,0,0.0,0.0,0.0,0.0,0.0,0.0,0.0,0.0,0.0,0.0,3.2323696063797904e-05,34.10629640695675,69.8745260849678,64.33324516879512
