-7.368579257471223887e-01
-7.717443084039278256e-01
-5.819850412095680658e-01
4.466807569794968291e-01
-2.425723766627708056e+00
-2.231435513142097093e-01
3.364722366212128946e-01
-1.885573983611525950e+00
-3.044354783782576290e-01
-8.433807079117873196e-01
-1.534587384054666437e+00
-2.643354851787430793e+00
-3.326168582201725954e+00
-7.029997316826388509e-01
-1.080996122371221391e-01
-1.562163080627640976e+00
-1.339933712387169074e+00
-2.861315459816910600e+00
-1.368089232262678090e+00
-2.278895567137509293e+00
-1.609877760236991140e+00
-1.182112656130482220e+00
-1.188363199017010707e+00
