-6.764452783328285257e-01
-8.410201684289548840e-01
-5.355923850870831782e-01
6.411914232342784681e-01
-2.500579458790063825e+00
-3.355182529320136720e+00
-1.895223480490816792e+00
-1.622610633885864573e+00
-1.356847447160158593e+00
-9.928655533422531265e-01
-1.891025541308516189e+00
-4.943305875145701300e+00
-2.944234397674092563e+00
-6.529959976415672385e-01
-1.802204329212588441e+00
-1.868979432242857452e+00
-1.090029930954206527e+00
-3.650865804461851827e+00
-9.064628305834363520e-01
-1.687701964028365698e+00
-1.686510251680372496e+00
-1.486442167099324418e-01
-1.007320364760232456e+00
