-6.700167849289320188e-01
-9.706306330364309343e-01
-4.332316517388714594e-01
5.101558747646016689e-01
-2.777162337623139798e+00
-2.231435513142096816e-01
3.364722366212128390e-01
-4.621052494782834863e+00
-1.096353136946597528e+00
-1.367923146750504859e+00
-4.175240982351244412e+00
-3.470621468372488749e+00
-3.874669266909910981e+00
-8.679698844366372512e-01
-1.435974575065145642e-01
-1.171973304904743829e+00
-1.489561116776115135e+00
-2.499441458855507392e+00
-1.589145528233460558e+00
-1.915815660536021703e+00
-2.588034621384570855e+00
-1.302793572643229814e+00
-1.508365872890984782e+00
