-7.364543394459523995e-01
-7.579151287608555387e-01
-3.785662294713842968e-01
7.327581105661401528e-01
-2.478235545715146149e+00
-2.231435513142097093e-01
3.364722366212128946e-01
-1.691329063657292409e+00
-9.775377677712174807e-01
-7.130477221979798497e-01
-1.473744860706071247e+00
-4.566779042682651557e+00
-2.607041467428108383e+00
-3.817876700525258959e-01
-6.255627204500286975e-01
-1.413342231218218448e+00
-1.141651360728806575e+00
-2.386006983424592498e+00
-1.016795129000147346e+00
-1.715605077946528167e+00
-1.736370771544024638e+00
-1.012017194907105733e+00
-7.045601391468004904e-01
