183,-1585.702208713261,0.30892531876138435,0.22695810564663021,0.21675774134790532,0.24735883424408012,1.2,0.9,0.0,0.14399999999999996,0.84,0.21600000000000003,0.21600000000000003,1.5860151528514024,0,11.61716567255852,11.399025170013559,0.15157746513957673,0,1.401851608982956,1.2719632759213255,0.0,0,0.0,0.0,0.0,0.0,0.0,0.0,0.0,0.0,0.0,0.0,13.117983855814428,56.716687419217905,60.70584942983828,58.805239573548825
183,-1494.8300463787875,0.2278748319079937,0.2868594122495078,0.15901557424464594,0.3262501815978525,1.6042691232351867,0.605073096411252,0.0,0.06085074380557567,0.37935246972602954,0.09182427988125956,0.09182427988125956,0.6702097342911225,0,4.938601259925807,4.845867025855775,0.06405278817990946,0,0.5959445115520601,0.5407273696614979,0.0,0,0.0,0.0,0.0,0.0,0.0,0.0,0.0,0.0,0.0,0.0,11.307471324873008,40.96534174725484,58.4521919311967,55.75453055565438
183,-1436.1785918536295,0.30316426751875336,0.23982111896416822,0.18083258932279667,0.2761820241942818,2.031350947807026,0.4372737744876228,0.0,0.03782876596754422,0.2826209865663484,0.09683003319788311,0.09683003319788311,0.41664580582079574,0,5.207826563607173,5.110036970536657,0.039819364268879456,0,0.6284321196126179,0.5702048436756948,0.0,0,0.0,0.0,0.0,0.0,0.0,0.0,0.0,0.0,0.0,0.0,10.074499589685866,39.34469764416833,59.47871807749122,56.106641401519795
183,-1385.6189919327967,0.3459175633114039,0.21081493973388263,0.19431654081023797,0.24895095614447552,3.3608594708909405,0.2185018407849343,0.0,3.059023205018258e-07,0.1696575017311219,0.1428292548821532,0.1428292548821532,3.369206358390986e-06,0,7.68181072617621,7.5375660713701205,3.219992939026468e-07,0,0.9269695405851072,0.8410813284134515,0.0,0,0.0,0.0,0.0,0.0,0.0,0.0,0.0,0.0,0.0,0.0,0.0002599983279982359,38.63633890100961,69.4819228083331,64.27156567272218
183,-1369.8020405352809,0.3131809390364724,0.24063734738547482,0.16375315080179398,0.28242856277625883,4.455529601074794,0.1462649669093921,0.0,0.006475300477096867,0.16118638970728344,0.15471108923018656,0.15471108923018656,0.0713189213607052,0,8.320853495227135,8.164609260255139,0.006816039113440522,0,1.004083284096494,0.9110501105490026,0.0,0,0.0,0.0,0.0,0.0,0.0,0.0,0.0,0.0,0.0,0.0,3.259995588309654,38.340446597473345,68.92201178923645,63.9908426137955
183,-1364.260292194092,0.30263252696985754,0.23618315476507915,0.18182475817636154,0.2793595600887018,4.851194482956002,0.12866734751752662,0.0,0.011739042558168048,0.18298778827096576,0.17124874571279772,0.17124874571279772,0.12929374567515292,0,9.210301158163965,9.037355382932558,0.012356766070366149,0,1.111413563489808,1.008435720343834,0.0,0,0.0,0.0,0.0,0.0,0.0,0.0,0.0,0.0,0.0,0.0,4.6572391724647915,39.08989079739625,69.50053690370729,64.67131261039083
183,-1361.751881530885,0.31608428904425234,0.22702723882763606,0.18164251579938828,0.27524595632872334,5.59820039534645,0.10325286255332831,0.0,0.014470205910233012,0.21653879229502127,0.20206858638478825,0.20206858638478825,0.15937476276742696,0,10.867890024313832,10.663818991987315,0.015231646749450293,0,1.3114359858723463,1.1899250976795674,0.0,0,0.0,0.0,0.0,0.0,0.0,0.0,0.0,0.0,0.0,0.0,4.779366369979821,41.00440800297133,72.90037946825083,68.01774286152133
183,-1361.4279525641696,0.30853218420997514,0.22688216879368872,0.18791703977370816,0.276668607222628,5.775246199063365,0.09782071957771472,0.0,0.012672784085075417,0.21713264839570554,0.19560303382596858,0.19560303382596858,0.13957796935933134,0,10.520152083385856,10.322610675524208,0.013339642276922933,0,1.2694742022726,1.1518512763214297,0.0,0,0.0,0.0,0.0,0.0,0.0,0.0,0.0,0.0,0.0,0.0,4.412354015704071,41.318102033343635,72.67277691662458,67.67591150027195
183,-1361.353476640135,0.31060818482028546,0.2268070316714747,0.18644802110395767,0.2761367624042822,5.796816269325855,0.09664039225528746,0.0,0.012110487734515422,0.21949466452494878,0.1932807802165928,0.1932807802165928,0.13338484066223968,0,10.395253912488563,10.200057771151851,0.012747757169456829,0,1.2544026515375541,1.1381761776709587,0.0,0,0.0,0.0,0.0,0.0,0.0,0.0,0.0,0.0,0.0,0.0,4.2879451953847285,41.553212904484965,72.55961933393402,67.53555715049701
183,-1361.296913374372,0.31280189859967267,0.22686049278391518,0.18491677895421701,0.27542082966219517,5.798407459795796,0.09501850346966345,0.0,0.010914805344976606,0.22732278690650504,0.19150391677682257,0.19150391677682257,0.12021560185803042,0,10.29968855620466,10.10628688655177,0.01148915643530179,0,1.2428707123154017,1.1277127284037596,0.0,0,0.0,0.0,0.0,0.0,0.0,0.0,0.0,0.0,0.0,0.0,3.954116445431308,42.159458873473504,72.59084895993453,67.49855117474118
183,-1361.2858978874624,0.3124817209449571,0.2271190579575242,0.1848414028837653,0.2755578182137534,5.758628050364532,0.09485165864155166,0.0,0.010125343405101015,0.23077619300317812,0.19188777635330764,0.19188777635330764,0.1115204726966266,0,10.320333742755704,10.126544409580028,0.010658151993145435,0,1.2453619815974346,1.1299731695352397,0.0,0,0.0,0.0,0.0,0.0,0.0,0.0,0.0,0.0,0.0,0.0,3.705460477293088,42.400755806058996,72.73531506345137,67.60402815943382
183,-1361.2770737232745,0.3122471198425962,0.22709782689103566,0.18505628523518503,0.2755987680311832,5.678126690629995,0.09446073516187453,0.0,0.009845631437972874,0.2325881222941784,0.19208093585608044,0.19208093585608044,0.10843972673621613,0,10.33072247398228,10.13673806714454,0.010363721222683711,0,1.246615597151844,1.131110631544139,0.0,0,0.0,0.0,0.0,0.0,0.0,0.0,0.0,0.0,0.0,0.0,3.610591048679397,42.510230850810274,72.77586108064068,67.62906672453832
183,-1361.2710947917653,0.3117307226260466,0.22758711015097297,0.1851371234233828,0.27554504379959766,5.582069171949943,0.09363257014245649,0.0,0.009550928061446733,0.2319014332135797,0.19266774631215602,0.19266774631215602,0.10519386548089023,0,10.362283003087,10.167705970657654,0.010053510175587137,0,1.2504240285500734,1.1345661933499482,0.0,0,0.0,0.0,0.0,0.0,0.0,0.0,0.0,0.0,0.0,0.0,3.5074116548923167,42.463482324343,72.86770682822478,67.71866088142932
183,-1361.2719734875645,0.312002490058224,0.2264239526359593,0.1850350185608185,0.27653853874499823,5.540471264168959,0.09304909937009338,0.0,0.009866838994109289,0.23128072255618634,0.19236937499345805,0.19236937499345805,0.10867330663473906,0,10.346235646414527,10.151959942084282,0.0103860447476904,0,1.24848758265567,1.1328091685352628,0.0,0,0.0,0.0,0.0,0.0,0.0,0.0,0.0,0.0,0.0,0.0,3.607147042132972,42.412252825768476,72.8060948585786,67.65742096447497
183,-1361.2702592888236,0.31184231088043907,0.22710867762791437,0.18509520984300673,0.27595380164863975,5.564946939015953,0.09339249289148145,0.0,0.009680730817240553,0.23164640140814483,0.1925451470226216,0.1925451470226216,0.10662351226957681,0,10.35568922411543,10.161236005901966,0.01019014331927713,0,1.2496283525718606,1.1338442406002174,0.0,0,0.0,0.0,0.0,0.0,0.0,0.0,0.0,0.0,0.0,0.0,3.5484748351515716,42.44242989068351,72.84229225758634,67.69337752472455
183,-1361.269889735977,0.31187505608074784,0.2272189886033766,0.18509096415642035,0.2758149911594552,5.562000507069413,0.09320216953736658,0.0,0.009836992902852705,0.23115074862883958,0.1925009481446168,0.1925009481446168,0.1083445819612229,0,10.353312068150972,10.158903486814637,0.010354628116739028,0,1.2493414994781278,1.1335839658332776,0.0,0,0.0,0.0,0.0,0.0,0.0,0.0,0.0,0.0,0.0,0.0,3.5964067195455343,42.408269066407115,72.81569355735479,67.67552080586476
183,-1361.2698756597879,0.3118310404785581,0.2272807019552673,0.18501459276429097,0.27587366480188363,5.565530535373151,0.09314382545100339,0.0,0.009886495424854506,0.23097372667219013,0.19249576047867586,0.19249576047867586,0.10888980244732857,0,10.35303305900889,10.158629716746885,0.010406735525093537,0,1.2493078312473584,1.13355341712696,0.0,0,0.0,0.0,0.0,0.0,0.0,0.0,0.0,0.0,0.0,0.0,3.611640606504764,42.39729335373879,72.810664810286,67.67275882354312
183,-1361.2698602985704,0.31189043374000075,0.2272441671876333,0.18506153524814709,0.27580386382421884,5.565179137587297,0.09315256020192136,0.0,0.009883944226902263,0.23092718452037095,0.19247062730872466,0.19247062730872466,0.1088617035680912,0,10.351681317345928,10.157303357316904,0.010404050079824992,0,1.2491447156235855,1.1334054149548052,0.0,0,0.0,0.0,0.0,0.0,0.0,0.0,0.0,0.0,0.0,0.0,3.611423133025049,42.39454008053026,72.8080530451252,67.67046845794358
183,-1361.2698598820436,0.3118890320348824,0.2272443407019043,0.18505615975395212,0.2758104675092611,5.565152854020299,0.09315395421768723,0.0,0.009877342684832247,0.23093977236970525,0.19247451876324742,0.19247451876324742,0.10878899422256876,0,10.351890612123235,10.157508722076408,0.010397101156123705,0,1.2491699713725857,1.1334283306364852,0.0,0,0.0,0.0,0.0,0.0,0.0,0.0,0.0,0.0,0.0,0.0,3.6093646523570393,42.395550141272395,72.80952251967892,67.67163508628784
