-6.754852141949183597e-01
-1.071029331926935058e+00
-4.481815436176981859e-01
4.911987901545303292e-01
-1.856293766365241016e+00
-2.231435513142097093e-01
3.364722366212128946e-01
-6.582284236363632468e-01
-7.187523680567119433e-01
-1.440624340464744524e+00
-2.847344755058993204e+00
-3.002313795294345056e+00
-1.328580226735320169e+00
4.278062012967421279e-01
-1.092228274536106575e-01
-7.789988017134460985e-02
-2.973107550552795408e-01
-9.306674385325221621e+00
-1.369736837902252535e+00
-1.143344155856173217e+00
-1.307925641571568098e+00
-2.339472387163843772e-02
4.284453832053905509e-02
