-6.618848939897414851e-01
-9.768891066867939621e-01
-4.786935258534770754e-01
9.574556156804974183e-01
-5.973688134331406552e+00
3.364722366212128946e-01
-3.756401763197879440e+00
-4.287811607021747018e-01
-1.028395406591924743e+00
-1.180256449707665523e+00
-3.957852621168276297e+00
-3.432520595675464303e+00
-7.002135239404596589e-01
-9.134862113614186097e-01
-1.806533969981198195e+00
-1.681201733481163973e+00
-3.426824522769738035e+00
-1.805958337193739993e+00
-2.089340454262453850e+00
-1.806522114956426783e+00
-1.253688851772455815e+00
-1.234280511304709949e+00
