-5.761590205742799231e-01
-8.484346518373553359e-01
-5.499622400133596933e-01
5.137578362202452897e-01
-1.815969728672212069e+00
-1.437058298475677232e+00
-1.743436848565203645e+00
-9.558973099142827889e-01
-1.147718985016822568e+00
-1.186087443988070422e+00
-3.192246150910681646e+00
-2.784744020149621857e+00
-5.980505164845943966e-01
-3.275426849950599517e-01
-1.372188639775307362e+00
-1.108390392896819732e+00
-2.461695005515170731e+00
-1.151477013372978364e+00
-1.490471855550606906e+00
-1.624626258662858369e+00
-1.119005913565286781e+00
-9.973358744312761370e-01
