-6.538865059911262989e-01
-8.841124763146034349e-01
-5.139929684484506600e-01
8.056979916436606270e-01
-2.773375076281219265e+00
-3.433990446623824688e+00
-1.894765495477812811e+00
-2.775850355216638587e-01
-2.064128229284244220e+00
-5.383883926789588825e-01
-1.102172002167908671e+00
-1.115560911177218628e+01
-1.249159384320116573e+01
-2.339575107771978968e-01
-1.237957817202550992e-01
-1.222685565164715049e+00
-1.367242700360541630e+00
-3.009013275324640802e+00
-1.562093472399636029e+00
-1.990266981661951151e+00
-1.624223884226281944e+00
-9.988250254143921092e-01
-9.344220696878712262e-01
