133,-1144.0575898444436,0.30776942355889725,0.19849624060150375,0.2370927318295739,0.2566416040100251,1.2,0.9,0.9,0.0,0.144,0.84,0.21599999999999997,0.21599999999999997,0.46294707203863844,0,4.094048763589308,6.487749714671706,0.09367153378554033,0,0.7353074073742629,1.0006704529958965,0.0,0,0.0,0.0,0.0,0.0,0.0,0.0,0.0,0.0,0.0,0.0,4.5664027379285805,43.819571423898864,33.8880342053548,53.24988446608338
133,-1077.708900847792,0.22852731261026046,0.25255180574448355,0.17471129382226777,0.3442095878229882,1.5680885716374593,0.6057542993345103,0.9572516711071,0.0,0.05941155947548273,0.3791622729613891,0.08984468093926351,0.08984468093926351,0.19100282989183442,0,1.7029097449743873,2.6985639033725803,0.03864702708791194,0,0.3058493491102672,0.4162264702535399,0.0,0,0.0,0.0,0.0,0.0,0.0,0.0,0.0,0.0,0.0,0.0,3.187177930540382,32.14663087596244,31.64519266020859,51.82644560103617
133,-1031.9894627249307,0.30309538467442726,0.2030307161207887,0.207387293719997,0.286486605484787,1.9613176136058437,0.4376574296488301,1.0059893363390795,0.0,0.03294152263958765,0.28145360197868874,0.09286949567288824,0.09286949567288824,0.10590403787841404,0,1.7602418700682905,2.7894168706179907,0.021428353825564416,0,0.3161464263304944,0.43023963103930346,0.0,0,0.0,0.0,0.0,0.0,0.0,0.0,0.0,0.0,0.0,0.0,2.4905916335350584,30.945644974374275,31.66007447032311,52.310694041959856
133,-992.9727772136299,0.342049153677287,0.17899266770791192,0.21658254572201446,0.2623756328927866,2.861652265219792,0.2521624276929389,1.1043646564039955,0.0,3.059023205018258e-07,0.19544383096037202,0.12465168205207326,0.12465168205207326,9.834484972648988e-07,0,2.3626391888176763,3.7440227530865124,1.9898846909695808e-07,0,0.4243393757155136,0.5774780330821696,0.0,0,0.0,0.0,0.0,0.0,0.0,0.0,0.0,0.0,0.0,0.0,6.290074239761034e-05,30.717743516867284,33.55093965173425,54.73629625300929
133,-976.3736081381415,0.3088980225251565,0.19767087226675595,0.20137700443979842,0.2920541007682891,3.8829762682238096,0.16025179158867459,1.212732065680146,0.0,1.1310047495134243e-05,0.15854701288043696,0.14901042181001017,0.14901042181001017,3.636078730896066e-05,0,2.8243330239499698,4.475658896208353,7.3571492781703685e-06,0,0.5072614209854811,0.6903255846932062,0.0,0,0.0,0.0,0.0,0.0,0.0,0.0,0.0,0.0,0.0,0.0,0.001749681000254825,30.21113775055661,35.0770249506633,56.36793140555639
133,-970.2659509969315,0.304407744695964,0.19682870980988168,0.20946254126453612,0.2893010042296182,4.867810202148272,0.11349116315548992,1.326540965606375,0.0,3.059023205018258e-07,0.1610299776143125,0.1610299776143125,0.1610299776143125,9.834484972648988e-07,0,3.0521508368180097,4.836676811670589,1.9898846909695808e-07,0,0.5481784043940543,0.7460089844686723,0.0,0,0.0,0.0,0.0,0.0,0.0,0.0,0.0,0.0,0.0,0.0,4.3641071415717494e-05,30.57929277796547,36.2713090417114,57.48453886055449
133,-972.1736643284116,0.31035259045339786,0.18844051447912916,0.23432613315906187,0.2668807619084111,7.95950292467206,0.0523628156809625,1.702842931788171,0.0,0.030430835483693804,0.23027132249491322,0.17298618677089792,0.17298618677089792,0.09783240407545521,0,3.2787679817936284,5.195792054930739,0.01979515995925725,0,0.5888797430836527,0.8013989161021631,0.0,0,0.0,0.0,0.0,0.0,0.0,0.0,0.0,0.0,0.0,0.0,3.41097216398384,33.834234161656774,38.068494501185086,58.35434622491158
133,-968.6959685797215,0.3065780628983435,0.1938858074955459,0.21840092175691245,0.28113520784919815,5.831441149635598,0.08542098158826288,1.4539788079675426,0.0,0.010139272515302573,0.18379883160782762,0.16532256745672705,0.16532256745672705,0.03259685085806366,0,3.1335122818964045,4.965608517806365,0.006595563944291427,0,0.5627912428567716,0.765895409571147,0.0,0,0.0,0.0,0.0,0.0,0.0,0.0,0.0,0.0,0.0,0.0,1.2311208525918196,31.436253732949353,36.72291199904841,57.677574938563296
133,-966.943432710998,0.3122095673548402,0.19718087570425136,0.20782056828100093,0.2827889886599075,6.170476651757341,0.07703587655026933,1.5508278215921023,0.0,0.006842473363530149,0.20377610780261668,0.17972251676318787,0.17972251676318787,0.021997937563532338,0,3.406447905293926,5.398123642826172,0.004451006769781765,0,0.6118115641107278,0.8326065382545457,0.0,0,0.0,0.0,0.0,0.0,0.0,0.0,0.0,0.0,0.0,0.0,0.8210606146089541,32.3958561648301,37.90608310481153,58.91514499791232
133,-964.7336831702271,0.3061761212481714,0.19988419061619264,0.2123450470604165,0.28159464107521953,6.499797656457425,0.06810495989391954,1.7698252936769763,0.0,3.059023205018258e-07,0.246645815177521,0.19408637323206596,0.19408637323206596,9.834484972648988e-07,0,3.678699427593855,5.829554687768529,1.9898846909695808e-07,0,0.6607090180923332,0.8991504584373247,0.0,0,0.0,0.0,0.0,0.0,0.0,0.0,0.0,0.0,0.0,0.0,3.660932819160486e-05,34.64573188011711,39.26786505275899,60.11325294070769
133,-963.7995389540102,0.3068623364269814,0.1987053356874527,0.2155913365746423,0.2788409913109236,6.541367594026056,0.06514816464221124,1.9489428962555588,0.0,3.059023205018258e-07,0.26914470605903423,0.1874562475378802,0.1874562475378802,9.834484972648988e-07,0,3.553032492868286,5.630413039246811,1.9898846909695808e-07,0,0.6381387378388276,0.8684348525029701,0.0,0,0.0,0.0,0.0,0.0,0.0,0.0,0.0,0.0,0.0,0.0,3.7013301458116966e-05,35.88338639991325,38.86429063433328,59.621557667472715
133,-961.0854007622825,0.3129173223325167,0.19416477706731383,0.21740098009193656,0.27551692050823295,6.368449700337891,0.05908139345624127,2.9015658105849567,0.0,3.059023205018258e-07,0.3268356356851561,0.1670752537802268,0.1670752537802268,9.834484972648988e-07,0,3.1667325748393864,5.018251990932266,1.9898846909695808e-07,0,0.5687577393219241,0.7740151383549257,0.0,0,0.0,0.0,0.0,0.0,0.0,0.0,0.0,0.0,0.0,0.0,3.9950783950935874e-05,39.26636988009703,37.68504123247402,58.36878325905167
133,-957.7971365852234,0.31112471734404973,0.19251227724142406,0.22300992156380836,0.2733530838507179,5.936488878720638,0.05296053198937602,5.738835586578596,0.0,0.001146516465010473,0.3937633005673939,0.14789880435800407,0.14789880435800407,0.0036859475036158927,0,2.803263505176961,4.442270489694109,0.0007458052485271305,0,0.5034772517881357,0.6851757571966456,0.0,0,0.0,0.0,0.0,0.0,0.0,0.0,0.0,0.0,0.0,0.0,0.16833746984301343,43.48055159916106,36.87001649163659,57.32955314261481
133,-952.4142040558486,0.3063834906886475,0.1939498212628769,0.22339494703842186,0.27627174101005375,4.7750365746477845,0.04373973009964078,31.84525465255598,0.0,3.059023205018258e-07,0.5246401796173746,0.12081334590605541,0.12081334590605541,9.834484972648988e-07,0,2.2898876362582112,3.628734955696969,1.9898846909695808e-07,0,0.4112729081221835,0.5596960443322335,0.0,0,0.0,0.0,0.0,0.0,0.0,0.0,0.0,0.0,0.0,0.0,6.38645187731885e-05,52.58702846435297,36.33280807044608,56.62063672845584
133,-949.4280022077082,0.3047903064534233,0.1954606286681398,0.22017988834101468,0.27956917653742225,4.250778695332092,0.04542663214997938,59.28912766525063,0.0,0.004788437866183813,0.49389932810994713,0.1141662408564565,0.1141662408564565,0.01539439784575515,0,2.163898876027847,3.429083317322301,0.0031148633289041503,0,0.3886448267306791,0.528901777567912,0.0,0,0.0,0.0,0.0,0.0,0.0,0.0,0.0,0.0,0.0,0.0,0.9171248408313301,49.50423126673871,36.05053123429206,56.27378119959725
133,-940.7066836988095,0.30037160431896986,0.20224775901019398,0.20755551829847194,0.28982511837236424,3.725507669738371,0.0626844791624678,60.62840936926297,0.0,0.009312241033560363,0.3241967877256292,0.13338392151671635,0.13338392151671635,0.02993801889308913,0,2.52814943966762,4.006303235008657,0.0060575826430155875,0,0.4540656736845781,0.6179321720671375,0.0,0,0.0,0.0,0.0,0.0,0.0,0.0,0.0,0.0,0.0,0.0,1.6006255364655706,37.54823703018024,37.83953345862814,58.169940370279406
133,-964.4735592616203,0.421402790608625,0.13654872748085747,0.24190672606583938,0.2001417558446782,2.78802560420896,0.10882274129868919,211.69102863378944,0.0,0.01625488074481447,0.17333592676205514,0.15708104601724068,0.15708104601724068,0.05225798227186876,0,2.977303065880553,4.718067182771697,0.010573747297693179,0,0.5347354476600673,0.7277146364589886,0.0,0,0.0,0.0,0.0,0.0,0.0,0.0,0.0,0.0,0.0,0.0,3.435583949606218,29.532252841830783,43.404086372380235,63.93165706033556
133,-939.0350792855434,0.32291381308603173,0.1894507139112638,0.21483174041378197,0.27280373258892254,3.5016943792094644,0.07052824282316207,79.20299859911546,0.0,0.010625332012654956,0.2893542451693135,0.13812847978968015,0.13812847978968015,0.034159488504840456,0,2.618077462497272,4.148810209923769,0.006911744073652722,0,0.47021710351249074,0.6399124464943232,0.0,0,0.0,0.0,0.0,0.0,0.0,0.0,0.0,0.0,0.0,0.0,1.8471913954890145,35.48300176884493,38.825851347101114,59.25901488134742
133,-936.2057175107457,0.30468035951078043,0.1999132442207182,0.2112819261116129,0.28412447015688846,3.3172533647901696,0.07782080195245515,137.2623473499353,0.0,0.015047826711099497,0.21891725226171085,0.16371698266352025,0.16371698266352025,0.048377411919780046,0,3.1030801409822097,4.917383368343363,0.009788562556720228,0,0.5573255095622696,0.7584571629862323,0.0,0,0.0,0.0,0.0,0.0,0.0,0.0,0.0,0.0,0.0,0.0,2.6471673007884053,31.8414444100241,41.58624203352841,61.939513668963166
133,-934.6067948331462,0.30384987995370705,0.20130662317399972,0.21176810782812583,0.2830753890441674,3.5372000560634955,0.07521705439506028,200.72010445212123,0.0,0.012674737606854862,0.2408633652198782,0.16230733810952835,0.16230733810952835,0.04074814349966304,0,3.0763618375406776,4.8750434560611895,0.00824487577752336,0,0.5525267962182185,0.751926655326944,0.0,0,0.0,0.0,0.0,0.0,0.0,0.0,0.0,0.0,0.0,0.0,2.2195718047426674,32.95094896247206,41.3977149613453,61.82211450585348
133,-946.3450394259013,0.2790030615880106,0.17559608987013223,0.23958378418596282,0.30581706435589434,5.918676240906636,0.13930429131842376,4601.531059297022,0.0,3.059023205018258e-07,0.14722229599571995,0.08291226118851863,0.08291226118851863,9.834484972648988e-07,0,1.5715131500242987,2.4903425873546197,1.9898846909695808e-07,0,0.28224999913920074,0.3841104164927271,0.0,0,0.0,0.0,0.0,0.0,0.0,0.0,0.0,0.0,0.0,0.0,0.00011228289743553354,30.668826470747902,37.77959150706067,59.01272670963124
133,-932.8187660518022,0.29664174670599724,0.19371383678482035,0.21981002716554626,0.28983438934363615,4.088615222185851,0.0894620875707667,484.6359356806459,0.0,0.007458818929780128,0.21025271705163243,0.1343510984304768,0.1343510984304768,0.023979433225056117,0,2.5464812426674026,4.035353243093316,0.004851937565146716,0,0.4573581382629551,0.6224128450320441,0.0,0,0.0,0.0,0.0,0.0,0.0,0.0,0.0,0.0,0.0,0.0,1.569335474440189,32.08287216826284,39.95738411379422,60.71941001117197
133,-928.0564219151836,0.31979873823653276,0.19825702433833925,0.19981283211716452,0.28213140530796343,6.2492211901229,0.09582076762718945,1601.844668789892,0.0,3.059023205018258e-07,0.2340548427083296,0.14845637217437105,0.14845637217437105,9.834484972648988e-07,0,2.8138316062381388,4.459017528775336,1.9898846909695808e-07,0,0.5053753246839141,0.6877588203419228,0.0,0,0.0,0.0,0.0,0.0,0.0,0.0,0.0,0.0,0.0,0.0,5.71832554553513e-05,33.6494935549308,41.72822233701203,62.88883721975383
133,-927.0721704270245,0.30878019956215574,0.19829556865264497,0.21683524206094007,0.2760889897242592,7.044257126493597,0.09947279559648192,2329.0221860433944,0.0,3.059023205018258e-07,0.23171945581054232,0.16359482432803177,0.16359482432803177,9.834484972648988e-07,0,3.10076476050828,4.913714235444242,1.9898846909695808e-07,0,0.5569096580393197,0.7578912359634986,0.0,0,0.0,0.0,0.0,0.0,0.0,0.0,0.0,0.0,0.0,0.0,5.339615595995813e-05,33.517138146547936,43.4419461072032,64.36260653054566
133,-926.7992257232997,0.3100677438309215,0.1976091485087497,0.21566477131933623,0.27665833634099257,7.727584479333356,0.10664317251245345,3555.7102333548805,0.0,3.059023205018258e-07,0.22958574256836062,0.16625065059784752,0.16625065059784752,9.834484972648988e-07,0,3.1511031042872024,4.993484310093384,1.9898846909695808e-07,0,0.565950624376795,0.770194971502827,0.0,0,0.0,0.0,0.0,0.0,0.0,0.0,0.0,0.0,0.0,0.0,5.293553659897849e-05,33.40314940508129,44.08236378573865,65.06241481012434
133,-926.4878287922679,0.30863512354929185,0.19778963461802165,0.2145068727673113,0.2790683690653752,8.145819232487213,0.12559938029793563,6006.079300898076,0.0,3.059023205018258e-07,0.24617251599415196,0.1663656378865802,0.1663656378865802,9.834484972648988e-07,0,3.1532825652467604,4.9969380543048025,1.9898846909695808e-07,0,0.5663420642154943,0.7707276769764608,0.0,0,0.0,0.0,0.0,0.0,0.0,0.0,0.0,0.0,0.0,0.0,5.234280333860016e-05,33.91517820933453,44.90019582931612,66.00648956843003
133,-926.460343077998,0.3076308268937565,0.20153808415744878,0.21297403317224753,0.2778570557765472,7.718636426748415,0.13267520088953128,8270.361330412825,0.0,3.059023205018258e-07,0.23938187009308992,0.16967580658637743,0.16967580658637743,9.834484972648988e-07,0,3.2160232692869313,5.096361878553065,1.9898846909695808e-07,0,0.5776105436813245,0.7860628066631226,0.0,0,0.0,0.0,0.0,0.0,0.0,0.0,0.0,0.0,0.0,0.0,5.204300098322301e-05,33.451164634048865,45.568573695079934,66.62825426068028
133,-926.4406371418459,0.30799165752908236,0.1984188745548238,0.2135231112093032,0.2800663567067907,7.698493956772257,0.13146651642916934,8118.5765279374555,0.0,3.059023205018258e-07,0.2422309953858647,0.16888590399400483,0.16888590399400483,9.834484972648988e-07,0,3.2010515112699913,5.072636460412862,1.9898846909695808e-07,0,0.574921556518011,0.7824033983995479,0.0,0,0.0,0.0,0.0,0.0,0.0,0.0,0.0,0.0,0.0,0.0,5.20621067305909e-05,33.594520885471645,45.41814986294353,66.54148343569312
133,-926.4332313761051,0.3083415339971103,0.1985268311733401,0.21382486230593845,0.2793067725236112,7.713400037399814,0.13064618568208167,8517.706654288459,0.0,3.059023205018258e-07,0.24323139987464465,0.16812321782328415,0.16812321782328415,9.834484972648988e-07,0,3.186595611389224,5.049728511401393,1.9898846909695808e-07,0,0.5723252195234146,0.7788700765664518,0.0,0,0.0,0.0,0.0,0.0,0.0,0.0,0.0,0.0,0.0,0.0,5.2183981307647315e-05,33.652263426909116,45.30663078158598,66.41976234398875
133,-926.4188815578837,0.30850611200176037,0.19883658227512307,0.2141962304213388,0.2784610753017777,7.714811638511597,0.1289319798830316,10619.024011111074,0.0,3.059023205018258e-07,0.24496267896497848,0.16698692856405792,0.16698692856405792,9.834484972648988e-07,0,3.165058464922488,5.015599065487831,1.9898846909695808e-07,0,0.568457062536244,0.7736059511601356,0.0,0,0.0,0.0,0.0,0.0,0.0,0.0,0.0,0.0,0.0,0.0,5.2340678619463944e-05,33.7528796508838,45.11672662793842,66.212867533132
133,-926.4025003579557,0.30922841104879534,0.19865245783483515,0.21451052327911482,0.27760860783725466,7.67714137687446,0.12836324520974823,16440.64761207358,0.0,3.059023205018258e-07,0.24512550563603994,0.16663361531632429,0.16663361531632429,9.834484972648988e-07,0,3.1583617905472865,5.004986991774064,1.9898846909695808e-07,0,0.567254313239105,0.7719691450135658,0.0,0,0.0,0.0,0.0,0.0,0.0,0.0,0.0,0.0,0.0,0.0,5.243768944711863e-05,33.76256623890474,45.06704307358298,66.15722798106304
133,-926.3938483656432,0.3063688384183339,0.20012010454269533,0.21375329322207023,0.2797577638169006,7.7048031876088805,0.12462527731711633,39611.48036305407,0.0,3.059023205018258e-07,0.24706539593984975,0.16591693466000218,0.16591693466000218,9.834484972648988e-07,0,3.1447778759412497,4.983460858794599,1.9898846909695808e-07,0,0.5648145882607926,0.7686489544718287,0.0,0,0.0,0.0,0.0,0.0,0.0,0.0,0.0,0.0,0.0,0.0,5.240215072236691e-05,33.90676359628812,44.79878752777255,65.87226871754658
133,-926.3764352660149,0.3081467622750856,0.19898638057467619,0.21396107443572115,0.27890578271451705,7.690369336839563,0.1272577663109588,54594.9234799747,0.0,2.092857899195068e-05,0.24520848539536605,0.16697200917351887,0.16697200917351887,6.728350254342311e-05,0,3.1647756838466092,5.01515094848916,1.3613972875887901e-05,0,0.5684062739326473,0.7735368335986118,0.0,0,0.0,0.0,0.0,0.0,0.0,0.0,0.0,0.0,0.0,0.0,0.0040568171196960195,33.78200583964189,45.043853687443644,66.13748241493272
133,-926.3692284712813,0.30889749814278383,0.19843069915030156,0.21389456593840375,0.27877723676851085,7.694459703412238,0.12881846900348745,91399.25584058372,0.0,3.059023205018258e-07,0.24394577948182242,0.1678415369380193,0.1678415369380193,9.834484972648988e-07,0,3.1812566517593845,5.041267978609701,1.9898846909695808e-07,0,0.5713663211833637,0.7775651240708116,0.0,0,0.0,0.0,0.0,0.0,0.0,0.0,0.0,0.0,0.0,0.0,5.239459180875852e-05,33.704031733355095,45.212672678616144,66.32083077933744
133,-926.3668939567449,0.3087295674291333,0.19848086649702085,0.2137470001472716,0.2790425659265742,7.703683883056853,0.12880588693945436,140156.9826934751,0.0,3.059023205018258e-07,0.24385752945817407,0.16801421927386048,0.16801421927386048,9.834484972648988e-07,0,3.18452966057209,5.046454644235083,1.9898846909695808e-07,0,0.5719541665568207,0.7783651153265088,0.0,0,0.0,0.0,0.0,0.0,0.0,0.0,0.0,0.0,0.0,0.0,5.2485028653396445e-05,33.70113386053555,45.22814047223572,66.33831171120089
133,-926.3647764939979,0.30788052452686504,0.1985888607057719,0.214240274943499,0.2792903398238641,7.702776129838069,0.12891559846501655,293504.013341275,0.0,3.059023205018258e-07,0.24342818302761662,0.1678034092614138,0.1678034092614138,9.834484972648988e-07,0,3.18053398246649,5.040122780354986,1.9898846909695808e-07,0,0.5712365269100582,0.777388488703124,0.0,0,0.0,0.0,0.0,0.0,0.0,0.0,0.0,0.0,0.0,0.0,5.295444271928637e-05,33.683389172223855,45.21112695120617,66.31600845601896
133,-926.363492702616,0.30824023064735684,0.19869324694218107,0.2136760389499155,0.2793904834605466,7.719678821088066,0.1285682610663316,533286.8807431035,0.0,3.059023205018258e-07,0.24357501203904877,0.1674717722339758,0.1674717722339758,9.834484972648988e-07,0,3.1742481576417543,5.030161770956211,1.9898846909695808e-07,0,0.5701075678228603,0.7758521027101769,0.0,0,0.0,0.0,0.0,0.0,0.0,0.0,0.0,0.0,0.0,0.0,5.36237100516028e-05,33.698503353394905,45.15869887009819,66.26792263984251
133,-926.3630318874833,0.30837826894398424,0.1986306464731199,0.21375486951676403,0.27923621506613183,7.724601692958614,0.1286071581671013,811485.8188525331,0.0,3.059023205018258e-07,0.24347904910559437,0.16744355093717217,0.16744355093717217,9.834484972648988e-07,0,3.1737132531728385,5.029314119519705,1.9898846909695808e-07,0,0.5700114968571871,0.7757213609608407,0.0,0,0.0,0.0,0.0,0.0,0.0,0.0,0.0,0.0,0.0,0.0,5.431627746261168e-05,33.69457607131598,45.1598246842381,66.26860642206391
133,-1144.0575898444436,0.30776942355889725,0.19849624060150375,0.2370927318295739,0.2566416040100251,1.2,0.9,0.9,0.0,0.144,0.84,0.21599999999999997,0.21599999999999997,0.46294707203863855,0,4.094048763589309,6.487749714671706,0.09367153378554006,0,0.7353074073742633,1.0006704529958972,0.0,0,0.0,0.0,0.0,0.0,0.0,0.0,0.0,0.0,0.0,0.0,4.566402737928581,43.81957142389886,33.888034205354806,53.24988446608339
133,-1077.708900714009,0.2285273129106221,0.2525518055171344,0.17471129405131727,0.34420958752092623,1.5680885718197661,0.6057542992302895,0.9572516711327544,0.0,0.059411559452625,0.37916227283015536,0.08984468090501516,0.08984468090501516,0.19100282981834893,0,1.702909744325247,2.698563902343901,0.03864702707304296,0,0.3058493489936791,0.4162264700948767,0.0,0,0.0,0.0,0.0,0.0,0.0,0.0,0.0,0.0,0.0,0.0,3.1871779298786964,32.1466308727596,31.645192659328018,51.82644560139715
133,-1031.9894626632022,0.3030953851606769,0.20303071560350097,0.20738729404175693,0.2864866051940652,1.96131761659985,0.4376574291951361,1.0059893356733116,0.0,0.032941522575226236,0.28145360149294796,0.09286949553773378,0.09286949553773378,0.1059040376714979,0,1.760241867506583,2.789416866558508,0.02142835378369747,0,0.3161464258704016,0.43023963041316915,0.0,0,0.0,0.0,0.0,0.0,0.0,0.0,0.0,0.0,0.0,0.0,2.490591632599619,30.945644967754838,31.660074467228892,52.31069404238161
133,-992.9727772955212,0.3420491528346994,0.17899266796827418,0.21658254596509285,0.2623756332319336,2.861652263499793,0.2521624287501329,1.104364654362101,0.0,3.059023205018258e-07,0.19544383117878508,0.12465168191689488,0.12465168191689488,9.83448497264899e-07,0,2.3626391862555156,3.744022749026311,1.9898846909695752e-07,0,0.42433937525533943,0.5774780324559246,0.0,0,0.0,0.0,0.0,0.0,0.0,0.0,0.0,0.0,0.0,0.0,6.290074249185092e-05,30.717743517780896,33.5509396438413,54.736296240547574
133,-976.3736080905883,0.30889802266322386,0.19767087278044002,0.20137700374801626,0.29205410080831984,3.882976289732114,0.16025179138943998,1.2127320630177303,0.0,1.1309788491569608e-05,0.15854701245647085,0.1490104220248336,0.1490104220248336,3.635995463575306e-05,0,2.824333028021719,4.475658902660763,7.3569807971901036e-06,0,0.5072614217167835,0.6903255856884263,0.0,0,0.0,0.0,0.0,0.0,0.0,0.0,0.0,0.0,0.0,0.0,0.0017496409449716923,30.211137748926337,35.07702498406153,56.36793144274783
133,-970.265951062822,0.3044077453842921,0.19682870980646994,0.20946254118957183,0.28930100361966615,4.867810211874112,0.11349116394498215,1.3265409597117839,0.0,3.059023205018258e-07,0.16102997759402132,0.16102997759402132,0.16102997759402132,9.83448497264899e-07,0,3.0521508364334133,4.8366768110611265,1.9898846909695752e-07,0,0.5481784043249793,0.746008984374669,0.0,0,0.0,0.0,0.0,0.0,0.0,0.0,0.0,0.0,0.0,0.0,4.364107143556001e-05,30.579292772234652,36.271309035681114,57.4845388560295
133,-972.1736648611527,0.3103525905506338,0.18844051321551117,0.23432613614431164,0.2668807600895434,7.959503009660118,0.05236281556159424,1.7028429286305133,0.0,0.030430837109781176,0.23027132576636872,0.17298618692308318,0.17298618692308318,0.09783240930318016,0,3.2787679846781383,5.195792059501757,0.019795161017021765,0,0.5888797436017222,0.8013989168071973,0.0,0,0.0,0.0,0.0,0.0,0.0,0.0,0.0,0.0,0.0,0.0,3.4109723281498923,33.83423431343488,38.06849452843796,58.35434620604825
133,-968.6959686897054,0.30657806330775583,0.1938858071349551,0.2184009225029376,0.2811352070543514,5.831441148703604,0.08542098261106068,1.4539787989419684,0.0,0.010139272707481375,0.1837988318496964,0.16532256736824047,0.16532256736824047,0.032596851475901266,0,3.1335122802192372,4.965608515148594,0.006595564069303098,0,0.5627912425555458,0.7658954091612127,0.0,0,0.0,0.0,0.0,0.0,0.0,0.0,0.0,0.0,0.0,0.0,1.2311208726961198,31.436253727357695,36.72291197650143,57.677574913420976
133,-966.943432817535,0.3122095674902539,0.19718087573826784,0.2078205684728131,0.28278898829866517,6.170476675383849,0.0770358770361338,1.5508278133342988,0.0,0.006842473677366795,0.203776107653983,0.1797225167339089,0.1797225167339089,0.02199793857248899,0,3.4064479047389757,5.398123641946753,0.004451006973931475,0,0.6118115640110566,0.8326065381189045,0.0,0,0.0,0.0,0.0,0.0,0.0,0.0,0.0,0.0,0.0,0.0,0.821060650149155,32.395856147161325,37.906083095444295,58.915144983997415
133,-964.7336832602546,0.30617612093073276,0.19988419115535122,0.21234504640514595,0.28159464150877006,6.499797632417104,0.06810496114596737,1.7698252690457439,0.0,3.059023205018258e-07,0.24664581223987572,0.19408637277633764,0.19408637277633764,9.83448497264899e-07,0,3.678699418956014,5.829554674080329,1.9898846909695752e-07,0,0.6607090165409428,0.8991504563260573,0.0,0,0.0,0.0,0.0,0.0,0.0,0.0,0.0,0.0,0.0,0.0,3.660932824207444e-05,34.64573170949559,39.267864987933805,60.11325289159256
133,-963.7995387605658,0.30686233900260057,0.1987053352536754,0.21559133448951656,0.27884099125420747,6.541367576669504,0.06514816510776293,1.9489429201470743,0.0,3.059023205018258e-07,0.2691447034637426,0.18745624597168822,0.18745624597168822,9.83448497264899e-07,0,3.5530324631827948,5.630412992204859,1.9898846909695752e-07,0,0.6381387325071957,0.8684348452472204,0.0,0,0.0,0.0,0.0,0.0,0.0,0.0,0.0,0.0,0.0,0.0,3.701330172833428e-05,35.88338626293997,38.864290521631574,59.621557600402724
133,-961.0854010383903,0.31291731745554674,0.19416477868657922,0.21740098393445562,0.2755169199234184,6.368449748789358,0.05908139258723813,2.901565845081685,0.0,3.059023205018258e-07,0.3268356456404369,0.16707524799382306,0.16707524799382306,9.83448497264899e-07,0,3.166732465164299,5.018251817132548,1.9898846909695752e-07,0,0.5687577196238432,0.7740151115480594,0.0,0,0.0,0.0,0.0,0.0,0.0,0.0,0.0,0.0,0.0,0.0,3.995078467411394e-05,39.266370501166605,37.68504086660784,58.36878279029343
133,-957.7971376690193,0.3111247186092176,0.1925122818793405,0.22300991411641438,0.2733530853950275,5.936489262294817,0.052960536574422894,5.738832238781793,0.0,0.0011465099317695892,0.3937632472058035,0.14789882314192176,0.14789882314192176,0.0036859264998329905,0,2.803263861206013,4.442271053885575,0.0007458009986750856,0,0.5034773157323666,0.6851758442175322,0.0,0,0.0,0.0,0.0,0.0,0.0,0.0,0.0,0.0,0.0,0.0,0.16833650858967514,43.480548134252686,36.8700175229422,57.3295543618535
133,-952.4142029877412,0.30638349060411396,0.19394982465034544,0.22339494890993847,0.2762717358356021,4.775036546861878,0.0437397284191711,31.845259889098823,0.0,3.059023205018258e-07,0.5246401654317792,0.12081334436831644,0.12081334436831644,9.83448497264899e-07,0,2.289887607112016,3.628734909509628,1.9898846909695752e-07,0,0.4112729028874112,0.5596960372082989,0.0,0,0.0,0.0,0.0,0.0,0.0,0.0,0.0,0.0,0.0,0.0,6.386452035408417e-05,52.587027355377636,36.3328080898594,56.62063660501998
133,-949.4280041125274,0.30479029559992127,0.19546063310855086,0.22017990219102254,0.27956916910050533,4.2507780255542205,0.04542662677946735,59.289209345422876,0.0,0.004788450824430492,0.49389935554684966,0.11416621676900345,0.11416621676900345,0.01539443950535487,0,2.1638984194759616,3.4290825938344924,0.0031148717582016533,0,0.3886447447321485,0.5289016659771597,0.0,0,0.0,0.0,0.0,0.0,0.0,0.0,0.0,0.0,0.0,0.0,0.9171271490725716,49.504232477134124,36.050530110008225,56.27377916301643
133,-940.7066965181648,0.30037161197265555,0.20224774430737164,0.20755556770617017,0.2898250760138026,3.7255090500563877,0.06268444771888883,60.628372960994284,0.0,0.009312259274174813,0.32419703417753504,0.13338387983627917,0.13338387983627917,0.029938077535026995,0,2.5281486496595544,4.006301983100117,0.006057594508476215,0,0.45406553179599407,0.617931978972777,0.0,0,0.0,0.0,0.0,0.0,0.0,0.0,0.0,0.0,0.0,0.0,1.6006283750142276,37.54825102516202,37.83952933349011,58.16993452515319
133,-964.4736575088059,0.42140301768360894,0.13654861529085963,0.24190674989632494,0.2001416171292065,2.7880266423469156,0.10882280961657896,211.69063286228723,0.0,0.016254924037551445,0.1733358997928811,0.15708097575532967,0.15708097575532967,0.05225812145413144,0,2.977301734141249,4.718065072393488,0.010573775459478386,0,0.5347352084744027,0.7277143109542746,0.0,0,0.0,0.0,0.0,0.0,0.0,0.0,0.0,0.0,0.0,0.0,3.4355931016046215,29.53224931240924,43.40408180819311,63.93165132949318
133,-939.0350934288625,0.32291382278638747,0.189450699034227,0.21483177710579718,0.2728037010735883,3.501695993284992,0.07052821238580148,79.20289879103453,0.0,0.010625353025353237,0.2893544687985327,0.13812842563006458,0.13812842563006458,0.03415955605877897,0,2.61807643595974,4.148808583192146,0.0069117577423449044,0,0.47021691914227565,0.6399121955872539,0.0,0,0.0,0.0,0.0,0.0,0.0,0.0,0.0,0.0,0.0,0.0,1.847194701396404,35.483013320985364,38.825845242616566,59.25900723044887
133,-936.2057245047449,0.30468036997289694,0.19991324310527506,0.2112819243558208,0.28412446256600715,3.3172537396934065,0.07782083419412064,137.2621791029012,0.0,0.015047877113685496,0.21891715826692534,0.16371697943449015,0.16371697943449015,0.04837757395956903,0,3.103080079779402,4.9173832713566075,0.00978859534343921,0,0.5573254985700026,0.7584571480269966,0.0,0,0.0,0.0,0.0,0.0,0.0,0.0,0.0,0.0,0.0,0.0,2.6471762410712922,31.841438065503276,41.586243438153645,61.93951353042415
133,-934.6067995467959,0.30384989354729197,0.20130661481172543,0.21176810283439684,0.2830753888065857,3.537200404563253,0.07521707966796455,200.7198645866068,0.0,0.012674778539102573,0.24086336910498923,0.16230729632869043,0.16230729632869043,0.04074827509316464,0,3.076361045629624,4.875042201137026,0.008244902403817951,0,0.5525266539878503,0.7519264617674537,0.0,0,0.0,0.0,0.0,0.0,0.0,0.0,0.0,0.0,0.0,0.0,2.2195788624474027,32.950947421416444,41.39771242133096,61.822110958507956
133,-946.3448540940553,0.27900314297653755,0.17559631145648716,0.23958377012429607,0.30581677544267927,5.918664391320086,0.13930399903284235,4601.431218154614,0.0,3.059023205018258e-07,0.1472228421550752,0.08291255480806373,0.08291255480806373,9.83448497264899e-07,0,1.5715187152684453,2.4903514064755448,1.9898846909695752e-07,0,0.2822509986791382,0.3841117767538532,0.0,0,0.0,0.0,0.0,0.0,0.0,0.0,0.0,0.0,0.0,0.0,0.00011228239713674163,30.668839674540735,37.779608855734686,59.01274092599659
133,-932.8187666659203,0.296641737203141,0.19371385447306305,0.219810066811678,0.2898343415121179,4.088616816826744,0.08946215087947781,484.635163007404,0.0,0.00745882384694933,0.21025276406663015,0.13435105273882186,0.13435105273882186,0.023979449033313657,0,2.546480376630999,4.0353518707043285,0.004851940763749348,0,0.4573579827193798,0.6224126333547804,0.0,0,0.0,0.0,0.0,0.0,0.0,0.0,0.0,0.0,0.0,0.0,1.5693365638058587,32.08287358322974,39.95738295417066,60.71940776173526
133,-928.0564238635264,0.3197987189156717,0.19825703507857034,0.19981283479132986,0.28213141121442814,6.249219948783153,0.09582084316804836,1601.8399234603824,0.0,3.059023205018258e-07,0.23405506071274534,0.14845627421899615,0.14845627421899615,9.83448497264899e-07,0,2.8138297495988738,4.459014586599616,1.9898846909695752e-07,0,0.5053749912241331,0.6877583665407687,0.0,0,0.0,0.0,0.0,0.0,0.0,0.0,0.0,0.0,0.0,0.0,5.718327653204424e-05,33.64950214693117,41.72821580438256,62.88883119512386
133,-927.0721659780565,0.30878014699174317,0.1982955843198611,0.21683529279536326,0.2760889758930325,7.044262250634543,0.09947288397518625,2329.021589810463,0.0,3.059023205018258e-07,0.23171976837524091,0.16359482688081525,0.16359482688081525,9.83448497264899e-07,0,3.1007648088935595,4.913714312119335,1.9898846909695752e-07,0,0.5569096667295079,0.7578912477898648,0.0,0,0.0,0.0,0.0,0.0,0.0,0.0,0.0,0.0,0.0,0.0,5.339614136115863e-05,33.51715111077799,43.4419498592555,64.3626099423489
133,-926.7992213977815,0.31006772190320925,0.1976091505451053,0.21566480789950912,0.2766583196521763,7.727599035165336,0.106643314159747,3555.7203088238493,0.0,3.059023205018258e-07,0.22958599038639163,0.16625061064119687,0.16625061064119687,9.83448497264899e-07,0,3.1511023469516655,4.993483109960287,1.9898846909695752e-07,0,0.5659504883563268,0.7701947863943103,0.0,0,0.0,0.0,0.0,0.0,0.0,0.0,0.0,0.0,0.0,0.0,5.293553452846643e-05,33.40316028539478,44.08236633207481,65.06241779769772
133,-926.4878253559507,0.3086348759009755,0.19778959001232427,0.21450688034306575,0.2790686537436345,8.145786822736426,0.1256004934047878,6006.025142874212,0.0,3.059023205018258e-07,0.24617399519174277,0.16636570777124268,0.16636570777124268,9.83448497264899e-07,0,3.1532838898357247,4.99694015335202,1.9898846909695752e-07,0,0.5663423021169296,0.7707280007334838,0.0,0,0.0,0.0,0.0,0.0,0.0,0.0,0.0,0.0,0.0,0.0,5.2342740711719155e-05,33.91522245599934,44.90024445527887,66.0065463670223
133,-926.4603553909508,0.3076312964614967,0.20153872202832626,0.21297373399827,0.277856247511907,7.718667438865177,0.13267560326345645,8269.832478785604,0.0,3.059023205018258e-07,0.239381572760535,0.16967543680239536,0.16967543680239536,9.83448497264899e-07,0,3.2160162604274203,5.096350771766378,1.9898846909695752e-07,0,0.577609284862338,0.7860610935524524,0.0,0,0.0,0.0,0.0,0.0,0.0,0.0,0.0,0.0,0.0,0.0,5.2043109423100134e-05,33.451151760915806,45.56855703761772,66.62822633962752
133,-926.4406426404719,0.30799183418029125,0.19841930683288472,0.21352299373500697,0.28006586525181704,7.698528794883591,0.13146647479128046,8117.822391868293,0.0,3.059023205018258e-07,0.24223021592082533,0.1688857607126242,0.1688857607126242,9.83448497264899e-07,0,3.201048795524811,5.07263215683075,1.9898846909695752e-07,0,0.5749210687593979,0.7824027346150851,0.0,0,0.0,0.0,0.0,0.0,0.0,0.0,0.0,0.0,0.0,0.0,5.20621750694552e-05,33.594493105645526,45.41813673805092,66.54145992139271
133,-926.4332376303539,0.30834156263076484,0.1985269101940003,0.21382487228581928,0.2793066548894156,7.713429094028528,0.13064596688815944,8516.89204920914,0.0,3.059023205018258e-07,0.24323105886904142,0.16812319234480474,0.16812319234480474,9.83448497264899e-07,0,3.186595128471924,5.049727746132887,1.9898846909695752e-07,0,0.5723251327895509,0.7788699585314451,0.0,0,0.0,0.0,0.0,0.0,0.0,0.0,0.0,0.0,0.0,0.0,5.21839984337377e-05,33.652255895081694,45.306619264668036,66.4197473102827
133,-926.4188874675525,0.30850663411325013,0.19883589686613426,0.21419664446296843,0.2784608245576472,7.714846782580373,0.12893217241783608,10618.034275963255,0.0,3.059023205018258e-07,0.2449625562897061,0.1669868408906869,0.1669868408906869,9.83448497264899e-07,0,3.1650568031676,5.015596432141129,1.9898846909695752e-07,0,0.5684567640784705,0.7736055449927662,0.0,0,0.0,0.0,0.0,0.0,0.0,0.0,0.0,0.0,0.0,0.0,5.2340724091867294e-05,33.752877747662446,45.11673212440576,66.21288060892778
133,-926.4024970332208,0.3092240781369762,0.1986540067761696,0.21450942676068732,0.2776124883261668,7.677310699637816,0.12835893375652163,16434.271446559578,0.0,3.059023205018258e-07,0.245129987623026,0.16663257584019678,0.16663257584019678,9.83448497264899e-07,0,3.1583420883900906,5.004955770195593,1.9898846909695752e-07,0,0.5672507746534741,0.7719643293976062,0.0,0,0.0,0.0,0.0,0.0,0.0,0.0,0.0,0.0,0.0,0.0,5.243747510243252e-05,33.762849976179695,45.06668645566637,66.15686834481605
133,-926.394139342729,0.3063362059651549,0.20013328588167772,0.21374827660540976,0.27978223154775766,7.705304746111806,0.1246019259558138,39651.03206780368,0.0,3.059023205018258e-07,0.2470804400906494,0.16591328753411727,0.16591328753411727,9.83448497264899e-07,0,3.1447087485744927,4.983351314165343,1.9898846909695752e-07,0,0.564802172711354,0.7686320583092764,0.0,0,0.0,0.0,0.0,0.0,0.0,0.0,0.0,0.0,0.0,0.0,5.2400979372019355e-05,33.907857857901085,44.79705208401902,65.87041854207737
133,-926.3762843873432,0.3081406937281032,0.19898794992814456,0.21396283101571242,0.27890852532803984,7.690405149012405,0.1272571798581347,54410.69852463737,0.0,1.9015360650975545e-05,0.24520915950650674,0.1669731266778139,0.1669731266778139,6.113267734116576e-05,0,3.1647968649441904,5.0151845137121756,1.2369430539320036e-05,0,0.5684100781418415,0.7735420106982841,0.0,0,0.0,0.0,0.0,0.0,0.0,0.0,0.0,0.0,0.0,0.0,0.0036581317459660903,33.7821222617068,45.043949104704105,66.13760298096717
133,-926.3692438258466,0.3088768075947479,0.19844506216466465,0.21389443929317586,0.27878369094741157,7.694504112958959,0.1287822900294795,90430.29500671949,0.0,3.059023205018258e-07,0.2439727385626997,0.16781982125424985,0.16781982125424985,9.83448497264899e-07,0,3.180845054221021,5.040615728974613,1.9898846909695752e-07,0,0.5712923966318276,0.7774645210934292,0.0,0,0.0,0.0,0.0,0.0,0.0,0.0,0.0,0.0,0.0,0.0,5.239429249952135e-05,33.70578815790069,45.20857114218681,66.31642426923301
133,-926.3668877843813,0.3087317477091372,0.1984796439079954,0.21374545738095754,0.27904315100190985,7.703759391303998,0.1288101698459504,140352.9082162081,0.0,3.059023205018258e-07,0.24384990820994537,0.16801208469162604,0.16801208469162604,9.83448497264899e-07,0,3.1844892018509907,5.046390530182849,1.9898846909695752e-07,0,0.5719469000099292,0.7783552263757153,0.0,0,0.0,0.0,0.0,0.0,0.0,0.0,0.0,0.0,0.0,0.0,5.2486444812640773e-05,33.70078226257362,45.22813397572423,66.33836250724619
133,-926.3649866883474,0.3078111958367209,0.19856906779420339,0.21433382545512883,0.2792859109139469,7.700445099857657,0.12902439721899972,293374.7154209305,0.0,3.059023205018258e-07,0.2433043197908131,0.16779162034270473,0.16779162034270473,9.83448497264899e-07,0,3.180310536132857,5.03976868982725,1.9898846909695752e-07,0,0.571196395061671,0.7773338737835647,0.0,0,0.0,0.0,0.0,0.0,0.0,0.0,0.0,0.0,0.0,0.0,5.2965034599725766e-05,33.67654538032789,45.215417738890025,66.31994383863625
133,-926.3635555606259,0.3082074562898889,0.1986814300254574,0.21372677871778592,0.2793843349668678,7.7177749227483226,0.128613821023696,496200.0991717514,0.0,3.059023205018258e-07,0.24352152904336385,0.16748353355306125,0.16748353355306125,9.83448497264899e-07,0,3.17447108085407,5.030515032505011,1.9898846909695752e-07,0,0.570147605716583,0.7759065897680342,0.0,0,0.0,0.0,0.0,0.0,0.0,0.0,0.0,0.0,0.0,0.0,5.353187846534635e-05,33.69532628874116,45.16227729824279,66.27121836774718
