-7.211280813971377990e-01
-7.020695565913843694e-01
-6.091860194205288570e-01
5.466046166628700798e-01
-3.637265659603424961e+00
3.364722366212128390e-01
-2.251276297570230511e+00
-1.562495154033559097e-01
-1.116740746246987381e+00
-6.221655069094570445e-01
-2.748837704521450931e+00
-2.468250365528776857e+00
-1.226294425335733962e+00
1.304954311846965087e+00
-1.466762970535225863e+00
-1.656934896666018231e+00
-2.462136262723078506e+00
-1.513291797884364742e+00
-1.520745001274335095e+00
-1.888676175840530158e+00
-1.340989043065596853e+00
-1.363343222712353864e+00
