-7.221845006409280954e-01
-1.106881967824599799e+00
-4.716481205260652509e-01
4.039554771007712874e-01
-1.970487680753863158e+00
-2.253126789860482759e+00
-1.677556444811718395e+00
-6.242027239324726695e-01
-1.502475443190938176e+00
-1.166550486480500082e+00
-9.817794817698168863e-01
-3.235245706531719723e+00
-3.681308625273723933e+00
-4.816285313877852747e-01
-9.720755146998962815e-01
-1.139173463540054998e+00
-9.499637662573207075e-01
-3.505044311729182294e+00
-9.684453769580337879e-01
-1.314526550294738305e+00
-9.828671308210840118e-01
-1.113463538855261392e+00
-7.140991854929653604e-01
