-7.084469382404866566e-01
-1.040031631561049830e+00
-3.710749934819719820e-01
6.303505017029762403e-01
-3.404024253006027401e+00
-8.384362295517835406e-01
-1.105265841280997918e+00
-1.851170930326062891e-01
-8.706392831865910509e+00
-5.085248206053764042e-01
-3.422532718314632127e+00
-4.316790807538978925e+00
-4.423378557473601980e+00
-9.525380780489506316e-01
-4.721192034646737867e-01
-1.894317674619873326e+00
-1.510921453199155273e+00
-1.694688515799209982e+00
-1.750806149173325998e+00
-2.321150009680002402e+00
-2.670291223400849567e+00
