-6.784389242144919230e-01
-7.567442611272885422e-01
-5.708401688236078853e-01
6.441216577569759405e-01
-2.732661846621180946e+00
-1.715405009114982171e+00
-1.468275605031687636e+00
-3.956943578742735251e-02
-1.318826498377458689e+00
-2.062395535411928549e+00
-4.159049002483438784e+00
-3.340341857810477766e+00
-1.263577507413199186e+00
-1.369478339191208205e+00
-1.597600651651290837e+00
-1.159663259493041387e+00
-3.126532300716490020e+00
-1.975119288230435366e+00
-1.871796390773809105e+00
-1.587704778114340964e+00
