-7.143181695085135674e-01
-9.498704210629141942e-01
-4.670404571182262821e-01
6.908562448591482053e-01
-2.552094593428670510e+00
-1.133040966625894264e+00
3.364722366212128946e-01
-7.662588128354650419e-01
-2.098242555845966362e-01
-2.347436482663451396e-01
-1.277575745189153844e+00
-3.935071869391997712e+00
-2.506944686605389272e+00
-7.162114703124927706e-01
-7.604298322653574305e-01
-1.429571086435484029e+00
-8.648922444998995429e-01
-2.131198823257316022e+00
-1.580752212291095526e+00
-2.151336277527230667e+00
-7.912292688442691402e-01
-1.086674993604846318e+00
-1.312220742446063237e+00
