-7.374841721838505393e-01
-8.565389614096976523e-01
-4.527852978447718391e-01
8.172886716805892737e-01
-3.109199718995192097e+00
-1.382004158705481212e+00
-9.772818422683032802e-01
-1.543792127646898216e+00
-7.155864005388720139e-01
-3.823619404721173565e-01
-3.473720227934056215e+00
-2.992896824946531531e+00
-5.148495225868605640e-01
-8.387277543450126771e-01
-1.594414934762440783e+00
-1.627814368470235085e+00
-2.781580825537586232e+00
-1.660959221945418784e+00
-2.319428850273923093e+00
-2.291388405686329399e+00
-1.264903349024592671e+00
-1.339810503144390097e+00
