-6.906796532806154243e-01
-8.910509876922384498e-01
-5.251415651135551421e-01
6.603799184171538217e-01
-2.953392902375728823e+00
-3.594752008446416291e-01
-1.284143661989102458e+00
-1.731287092118712456e+00
-3.242184099015206211e-01
-1.074624289740707894e+00
-1.377731778061303203e+00
-3.154334217119904249e+00
-2.745246602282105819e+00
-9.014864354824818626e-01
-8.868962843613794611e-01
-1.542060338224685800e+00
-1.671667876140884523e+00
-2.969071720923102564e+00
-1.810240133974501564e+00
-2.442487593446128535e+00
-1.927924400416494599e+00
-1.266947588758426502e+00
-1.336186293819393578e+00
