-6.640035690968874027e-01
-8.200056766944752162e-01
-6.575463545367994378e-01
5.724905698043321056e-01
-2.252647843944437955e+00
3.364722366212128946e-01
-2.286948914309291148e+00
-1.585857910808443905e-01
-9.266458551431857593e-01
-1.530606752307535290e+00
-2.639723520899062592e+00
-4.060678415041690137e+00
-8.125798595286367609e-01
-7.994651230690310584e-01
-1.505844240513900978e+00
-1.376799826196553722e+00
-2.850208212985799516e+00
-1.534027383930364197e+00
-1.685179393192093755e+00
-2.194219959557909494e+00
-8.836737578996471942e-01
-9.973767761193498282e-01
