-6.467006445401644044e-01
-7.649686759997085250e-01
-5.512789241275651841e-01
4.716118706779017233e-01
-1.971833450493917006e+00
-8.289055922841638280e-01
-5.218989600222327940e-01
-1.407325449941296380e+00
-1.243822893975490063e+00
-1.528247359654732795e+00
-2.235466636417804853e+00
-3.332912202408099045e+00
-6.847123627588278527e-01
-7.036376920715835537e-01
-1.674846454132119744e+00
-1.495022985650245051e+00
-5.154121209759885858e+00
-5.966863441672567436e-01
-1.986687156242416430e+00
-1.301730772777337286e+00
-3.520074927980428869e-01
-9.267554774740932588e-01
