134,-1079.1334176790965,0.2930348258706468,0.19999999999999998,0.22089552238805976,0.28606965174129345,1.2,0.9,0.9,0.0,0.144,0.84,0.21599999999999997,0.21599999999999997,0.6128869360608736,0,7.490191335236532,7.344789756000162,0.0445899196150694,0,0.5797123023028341,0.5668277109897859,0.0,0,0.0,0.0,0.0,0.0,0.0,0.0,0.0,0.0,0.0,0.0,5.191657660430596,27.39698002545024,39.714359082876584,36.18142545016989
134,-986.3329237435232,0.23365801201307335,0.24446540459875887,0.17497051412281778,0.34690606926535,1.5159856763576598,0.6380755426001172,0.90761804641294,0.0,0.05650412580584975,0.3566658917140744,0.08536202668731165,0.08536202668731165,0.24049055930517638,0,2.960082928942275,2.9026210146499034,0.017496627969462563,0,0.22909915287100655,0.22400723237323095,0.0,0,0.0,0.0,0.0,0.0,0.0,0.0,0.0,0.0,0.0,0.0,3.8270644065730766,15.980349533792925,37.9933398296987,34.25584066976065
134,-938.3946995574952,0.30993041485884765,0.20003182747659942,0.19836344908630685,0.29167430857824606,1.99880189941596,0.4290621701757885,0.9099486011831925,0.0,0.027580935968122042,0.22179815717280707,0.08026106323766882,0.08026106323766882,0.11738885652217684,0,2.783197779720641,2.729169606822737,0.008540498039770405,0,0.21540891553139985,0.2106212720213624,0.0,0,0.0,0.0,0.0,0.0,0.0,0.0,0.0,0.0,0.0,0.0,3.1719974860899063,14.458944254121047,38.04764417311023,34.514931855084455
134,-888.0627977578986,0.3205893417243601,0.19190412969556478,0.18661637943015313,0.300890149149922,3.6666162767290604,0.18010818343185242,0.9130568177205332,0.0,3.059023205018258e-07,0.08840110257767549,0.08677340508638855,0.08677340508638855,1.3019689996269125e-06,0,3.009025031977024,2.9506130406099955,9.472333250860839e-08,0,0.23288708537632766,0.2277109749069772,0.0,0,0.0,0.0,0.0,0.0,0.0,0.0,0.0,0.0,0.0,0.0,0.00015798907722879203,13.664887686086221,40.54942653562817,37.1616781895042
134,-881.0115339634249,0.28687088677596456,0.19383303647842678,0.2030196346084533,0.31627644213715544,5.079500713383317,0.1124016262471117,0.9125186719579498,0.0,0.01835624812258721,0.09267245329830795,0.07431620517572075,0.07431620517572075,0.07812711575990028,0,2.5770490559020556,2.5270226966640745,0.005684052973753002,0,0.19945378889271706,0.1950207614314865,0.0,0,0.0,0.0,0.0,0.0,0.0,0.0,0.0,0.0,0.0,0.0,3.466808750885547,13.175009018479106,38.97869402831427,35.07820516476271
134,-871.081074867089,0.29574999897944354,0.19134010661499803,0.1981854574397713,0.3147244369657871,6.123951576410364,0.08534138127920744,0.9112425943592616,0.0,0.018128535705305197,0.10706682783654511,0.08893829213123994,0.08893829213123994,0.07715793544232398,0,3.0840964124636523,3.024227115563338,0.005613541318322738,0,0.23869732451057013,0.23339207661153533,0.0,0,0.0,0.0,0.0,0.0,0.0,0.0,0.0,0.0,0.0,0.0,3.2390003211457827,13.722986639839215,39.72627692902839,35.8104354477785
134,-862.9933349802454,0.25639948718845595,0.1993217880254824,0.2524690885501226,0.2918096362359391,10.2732860840982,0.03858648870802313,0.9078145643863655,0.0,3.059023205018258e-07,0.17113604510651564,0.17113604510651564,0.17113604510651564,1.3019689996269125e-06,0,5.934452417608667,5.819251254540361,9.472333250860839e-08,0,0.4593040310912031,0.44909561442393997,0.0,0,0.0,0.0,0.0,0.0,0.0,0.0,0.0,0.0,0.0,0.0,5.06699769615942e-05,17.173336227340307,45.48799468244211,42.3904015689195
134,-858.0746279005566,0.3074602446605782,0.20252602032734934,0.1769590341558872,0.31305470085618525,10.758159782655637,0.035705407034788555,0.9080572849819774,0.0,3.059023205018258e-07,0.15957611454238405,0.15957611454238405,0.15957611454238405,1.3019689996269125e-06,0,5.5335908817411,5.426171349042644,9.472333250860839e-08,0,0.42827887386067703,0.4187600172902938,0.0,0,0.0,0.0,0.0,0.0,0.0,0.0,0.0,0.0,0.0,0.0,5.3512451888987904e-05,16.478524257803137,45.403993753081906,41.761616993415075
134,-856.99424094251,0.29391988369495603,0.19688175651261672,0.20274897904030717,0.30644938075212,10.675790671182469,0.03607619122214335,0.908556490455013,0.0,3.059023205018258e-07,0.14826053979270765,0.14826053979270765,0.14826053979270765,1.3019689996269125e-06,0,5.141202826448287,5.0414004346691375,9.472333250860839e-08,0,0.39790953177727556,0.38906565926301184,0.0,0,0.0,0.0,0.0,0.0,0.0,0.0,0.0,0.0,0.0,0.0,5.8372017646920054e-05,16.09911589634602,44.513192100531555,40.96457742530377
134,-857.0522525375663,0.2990799782775105,0.19510763587330407,0.19943720453450023,0.3063751813146852,10.893419124626943,0.03483223601976733,0.9086661722146613,0.0,0.0014486253529399703,0.14528321023186894,0.14383458487892897,0.14383458487892897,0.006165580236551945,0,4.987724821145822,4.890901785080063,0.0004485700558329501,0,0.386030918291372,0.37745105790782124,0.0,0,0.0,0.0,0.0,0.0,0.0,0.0,0.0,0.0,0.0,0.0,0.2754864184393988,15.96625639518618,44.18023000159255,40.586983479490925
134,-856.9974127295214,0.2952947656061087,0.19640497203349855,0.20186905160829968,0.306431210752093,10.733717590280625,0.035738329394385863,0.9085859003750774,0.0,0.00039570656868693615,0.14745623164442054,0.1470605250757336,0.1470605250757336,0.0016841901837617913,0,5.099590142025902,5.000595546704877,0.00012253141728406542,0,0.39468886837739453,0.3859165778038616,0.0,0,0.0,0.0,0.0,0.0,0.0,0.0,0.0,0.0,0.0,0.0,0.07543236775068982,16.06329409242239,44.42167257522009,40.861004679703385
134,-856.9942524893233,0.2943583590217307,0.1967293752871127,0.20246855129166874,0.3064437143994879,10.69425995456402,0.03596792373596718,0.9085658846347314,0.0,0.00012698367385734202,0.14800314740320694,0.1478761637293496,0.1478761637293496,0.0005404627416679141,0,5.127873890062932,5.028330243129305,3.93207764564241e-05,0,0.396877922829871,0.38805697868823175,0.0,0,0.0,0.0,0.0,0.0,0.0,0.0,0.0,0.0,0.0,0.0,0.024223046215554996,16.08766297122645,44.48379346531817,40.93132401023263
134,-856.9941233206682,0.2940678619172344,0.19683029612862152,0.20265436000065987,0.30644748195348426,10.6820232599666,0.03603959828411195,0.9085596623913541,0.0,4.2937647044629416e-05,0.14817358117013743,0.1481306435230928,0.1481306435230928,0.00018274946485309827,0,5.1366984379614875,5.036983486565388,1.3295737709585055e-05,0,0.39756090925172477,0.3887247851649938,0.0,0,0.0,0.0,0.0,0.0,0.0,0.0,0.0,0.0,0.0,0.0,0.008192459770348019,16.095252456894123,44.503264848678185,40.95335008294606
134,-858.4282546812896,0.3325868452310269,0.18756544108842588,0.17627590836241525,0.303571805318132,12.601126216885435,0.027221713366843505,0.9090858899043573,0.0,3.059023205018258e-07,0.13368627283033943,0.13368627283033943,0.13368627283033943,1.3019689996269125e-06,0,4.635813714786461,4.545822070380185,9.472333250860839e-08,0,0.35879433800352273,0.3508198334221172,0.0,0,0.0,0.0,0.0,0.0,0.0,0.0,0.0,0.0,0.0,0.0,6.55320170682474e-05,15.62196254201272,44.15991463447441,40.46724769064443
134,-856.8530512790358,0.30260538871291737,0.19465661432619838,0.19691345744254218,0.305824539518342,11.10035973281214,0.03376338166508013,0.9086819853086915,0.0,3.2176564907915454e-05,0.1446710284908075,0.1446388519258996,0.1446388519258996,0.00013694858527344537,0,5.015614238120061,4.918249805300795,9.963544741201479e-06,0,0.38818945302037955,0.37956161739513083,0.0,0,0.0,0.0,0.0,0.0,0.0,0.0,0.0,0.0,0.0,0.0,0.00630510969698729,15.980732394857485,44.41304493627554,40.826231212370125
134,-856.818206365357,0.30161075645982566,0.19465123215288588,0.19736217776191295,0.3063758336253755,11.339391381085557,0.032393045170727275,0.9086922155970079,0.0,3.059023205018258e-07,0.1446004823483383,0.1446004823483383,0.1446004823483383,1.3019689996269125e-06,0,5.014283703502532,4.916945099373877,9.472333250860839e-08,0,0.3880864747048868,0.3794609278589239,0.0,0,0.0,0.0,0.0,0.0,0.0,0.0,0.0,0.0,0.0,0.0,5.994558071827261e-05,16.00230898193258,44.44395283638006,40.853037402662906
134,-856.8043629893843,0.30020400233434086,0.19457168144787748,0.1982427525096605,0.3069815637081212,11.679916920801073,0.030601007922099348,0.9087012327121087,0.0,1.3215376062214209e-05,0.14458999123958752,0.1445767758635253,0.1445767758635253,5.624674544210195e-05,0,5.01346163819172,4.916138992212741,4.092170529840583e-06,0,0.3880228499785421,0.3793987172453953,0.0,0,0.0,0.0,0.0,0.0,0.0,0.0,0.0,0.0,0.0,0.0,0.0025859951589230546,16.03392328443892,44.47993511421815,40.884649107784696
134,-856.8020460040875,0.30023453032398767,0.1945621271127584,0.198194978520601,0.3070083640426529,11.691541969866686,0.030507348739138764,0.9087025175250535,0.0,3.059023205018258e-07,0.144614262595243,0.144614262595243,0.144614262595243,1.3019689996269125e-06,0,5.014761558530138,4.917413678153047,9.472333250860839e-08,0,0.38812345886534705,0.37949709001545096,0.0,0,0.0,0.0,0.0,0.0,0.0,0.0,0.0,0.0,0.0,0.0,5.9858274251797957e-05,16.036231145072,44.48597272061922,40.890275414868256
134,-856.8010549686289,0.3003635384794736,0.19455667493257592,0.1981030939805032,0.30697669260744725,11.673821849715733,0.030551372711365214,0.908702866836466,0.0,3.059023205018258e-07,0.14466222151968708,0.14466222151968708,0.14466222151968708,1.3019689996269125e-06,0,5.016424621124204,4.919044456935296,9.472333250860839e-08,0,0.38825217358065006,0.37962294393843327,0.0,0,0.0,0.0,0.0,0.0,0.0,0.0,0.0,0.0,0.0,0.0,5.983900475696359e-05,16.036668107999137,44.48803753182017,40.892317296935644
134,-856.7980441793131,0.3008801256764392,0.19453484635062201,0.1977350288972546,0.3068499990756841,11.603209534855862,0.03072810481057475,0.9087042640834584,0.0,3.059023205018258e-07,0.14485421631804565,0.14485421631804565,0.14485421631804565,1.3019689996269125e-06,0,5.0230823886014075,4.925572982065803,9.472333250860839e-08,0,0.388767459444477,0.38012677714248666,0.0,0,0.0,0.0,0.0,0.0,0.0,0.0,0.0,0.0,0.0,0.0,5.976200810691359e-05,16.03840900660041,44.49629510477837,40.90048625862484
134,-856.7810846155828,0.3019809973341715,0.19432022331139093,0.19786098266328858,0.305837796691149,11.419803221457926,0.030589773176553623,0.9087425329137494,0.0,3.059023205018258e-07,0.1453097543925311,0.1453097543925311,0.1453097543925311,1.3019689996269125e-06,0,5.038878996649469,4.941062942172047,9.472333250860839e-08,0,0.38999005678682214,0.3813222012352148,0.0,0,0.0,0.0,0.0,0.0,0.0,0.0,0.0,0.0,0.0,0.0,5.9610377993658055e-05,16.050464941720406,44.51241439686477,40.925809805379224
134,-856.7355978923454,0.30324770264268797,0.1946707552206324,0.19748836738696376,0.30459317474971587,10.826156543145784,0.02964696905828792,0.9089119486985793,0.0,3.059023205018258e-07,0.14623592308585534,0.14623592308585534,0.14623592308585534,1.3019689996269125e-06,0,5.070995574064767,4.972556064075084,9.472333250860839e-08,0,0.39247575764574716,0.3837526553112675,0.0,0,0.0,0.0,0.0,0.0,0.0,0.0,0.0,0.0,0.0,0.0,5.925970274785044e-05,16.073265725285836,44.532731573346624,40.96251988827533
134,-856.6927666040556,0.3026938181631442,0.19473309851136278,0.1973223666527458,0.30525071667274717,10.16833180364717,0.02818585348634124,0.9091119083317796,0.0,4.445601920536664e-07,0.14616596785420363,0.14616552329401158,0.14616552329401158,1.8921189861278136e-06,0,5.068554333736663,4.970162213751201,1.3765905019258887e-07,0,0.39228681493550926,0.3835679120109668,0.0,0,0.0,0.0,0.0,0.0,0.0,0.0,0.0,0.0,0.0,0.0,8.61625299654792e-05,16.057919349161857,44.4996694901209,40.92272779325749
134,-856.675112502795,0.3011153271845752,0.19463814925131875,0.1979040305137553,0.3063424930503509,9.915283864262355,0.02690721566915988,0.9092328476044329,0.0,3.059023205018258e-07,0.1454189570647765,0.1454189570647765,0.1454189570647765,1.3019689996269125e-06,0,5.042665797156122,4.944776232303695,9.472333250860839e-08,0,0.3902831407337898,0.3816087711460613,0.0,0,0.0,0.0,0.0,0.0,0.0,0.0,0.0,0.0,0.0,0.0,5.958775756191513e-05,16.03323734508536,44.45005158365545,40.86234159917199
134,-856.6741018533394,0.3003001469318232,0.1945958889034998,0.19824588649604352,0.3068580776686335,9.948635271203214,0.026577994873210248,0.9092456772479359,0.0,7.472351002477544e-06,0.14496695315747093,0.14495948080646845,0.14495948080646845,3.1803516049165694e-05,0,5.026732625449058,4.929152359548388,2.313830073167062e-06,0,0.38904997388398765,0.3804030124620293,0.0,0,0.0,0.0,0.0,0.0,0.0,0.0,0.0,0.0,0.0,0.0,0.0014597756529001163,16.02199044293644,44.42775075526123,40.83508283835417
134,-856.6732050042327,0.30023970521822885,0.19462707830516526,0.19823090872379265,0.30690230775281335,9.976816070574877,0.02662400461931372,0.9092371742940918,0.0,5.329681592650917e-07,0.14496251592517526,0.14496198295701598,0.14496198295701598,2.268397376041568e-06,0,5.026819392052533,4.929237441815562,1.6503477346543017e-07,0,0.38905668928887016,0.38040957861141544,0.0,0,0.0,0.0,0.0,0.0,0.0,0.0,0.0,0.0,0.0,0.0,0.0001041283380060796,16.022780169226476,44.4301476686785,40.83733947693929
134,-856.6731666751988,0.3002350635591608,0.19462947361589678,0.1982297583405097,0.30690570448443266,9.97898376521964,0.02662754164122093,0.9092365212369665,0.0,3.059023205018258e-07,0.14496217513383908,0.14496217513383908,0.14496217513383908,1.3019689996269125e-06,0,5.026826056132047,4.9292439765301985,9.472333250860839e-08,0,0.3890572050632617,0.3804100829222892,0.0,0,0.0,0.0,0.0,0.0,0.0,0.0,0.0,0.0,0.0,0.0,5.976543510306647e-05,16.022832387470054,44.43030259531633,40.83748020359408
134,-856.6732752339337,0.30025250883433885,0.19465081724618633,0.19821129839624077,0.3068853755232341,9.973658195323573,0.026657981848671464,0.9092368383537206,0.0,1.4045265348437848e-06,0.1449693768091442,0.14496797228260935,0.14496797228260935,5.977888642754189e-06,0,5.0270270827685675,4.9294411007843735,4.3491475892997454e-07,0,0.3890727637598376,0.38042529581380646,0.0,0,0.0,0.0,0.0,0.0,0.0,0.0,0.0,0.0,0.0,0.0,0.00027439472721663615,16.02255442018071,44.42948902168571,40.83703757104331
134,-856.6731567039647,0.300237329387827,0.19463224570895685,0.198227360721061,0.3069030641821551,9.978291890970812,0.02663149341369825,0.9092365624257859,0.0,1.8242032589251986e-07,0.14496311050585226,0.14496292808552635,0.14496292808552635,7.764099625798094e-07,0,5.026852166095955,4.929269579640566,5.648685880348767e-08,0,0.3890592258750957,0.38041205881988827,0.0,0,0.0,0.0,0.0,0.0,0.0,0.0,0.0,0.0,0.0,0.0,3.5640242994535874e-05,16.022803535223122,44.43022218499789,40.8374509562683
134,-856.6731463383414,0.3002359419989162,0.19463054832723797,0.19822882880662646,0.3069046808672194,9.978715525983102,0.02662907363894261,0.9092365372055082,0.0,7.072249888200655e-08,0.14496253776860044,0.14496246704610155,0.14496246704610155,3.0100621979417747e-07,0,5.026836178718617,4.929253902614435,2.189937875087158e-08,0,0.38905798851293644,0.380410848959139,0.0,0,0.0,0.0,0.0,0.0,0.0,0.0,0.0,0.0,0.0,0.0,1.381742139641241e-05,16.022826290729874,44.43028917817023,40.8374887219877
134,-856.6731420299054,0.30023536222838926,0.1946298390170874,0.19822944229927722,0.30690535645524614,9.9788925630702,0.026628062510557035,0.9092365266662708,0.0,2.4045613794340012e-08,0.14496229842955616,0.14496227438394235,0.14496227438394235,1.0234196225080645e-07,0,5.026829497809194,4.9292473513965955,7.4457776818376735e-09,0,0.389057471435974,0.3804103433746451,0.0,0,0.0,0.0,0.0,0.0,0.0,0.0,0.0,0.0,0.0,0.0,4.697925204996606e-06,16.02283579927467,44.43031717282432,40.8375045028958
134,-856.6731405681562,0.3002351651066651,0.1946295978522247,0.19822965088652394,0.30690558615458624,9.978952756395305,0.026627718735652024,0.90923652308293,0.0,8.175504544593615e-09,0.1449622170543711,0.14496220887886657,0.14496220887886657,3.479624952144257e-08,0,5.0268272263020135,4.929245123984514,2.53156312816711e-09,0,0.38905729562996344,0.38041017147607026,0.0,0,0.0,0.0,0.0,0.0,0.0,0.0,0.0,0.0,0.0,0.0,1.5972948017283059e-06,16.022839032086427,44.43032669087877,40.83750986828201
134,-856.6731400715221,0.3002350980853084,0.19462951585623944,0.1982297218061584,0.3069056642522939,9.978973222208557,0.02662760185319536,0.9092365218645941,0.0,2.779671069352223e-09,0.1449621893868186,0.14496218660714752,0.14496218660714752,1.1830722812169003e-08,0,5.026826453989805,4.929244366664634,8.607313162413168e-10,0,0.3890572358559378,0.3804101130305724,0.0,0,0.0,0.0,0.0,0.0,0.0,0.0,0.0,0.0,0.0,0.0,5.43080253088559e-07,16.02284013123164,44.430329927002525,40.83751169249918
134,-856.673139902708,0.3002350752980505,0.1946294879776123,0.19822974591883072,0.3069056908055065,9.978980180594624,0.02662756211327696,0.9092365214503599,0.0,9.45088101606808e-10,0.14496217997985197,0.14496217903476388,0.14496217903476388,4.022445492370724e-09,0,5.026826191403683,4.9292441091759045,2.9264862833198685e-10,0,0.3890572155327714,0.38041009315910534,0.0,0,0.0,0.0,0.0,0.0,0.0,0.0,0.0,0.0,0.0,0.0,1.84647289614319e-07,16.02284050493975,44.43033102728289,40.83751231273137
134,-856.6731398453162,0.30023506755038326,0.19462947849887993,0.19822975411713886,0.30690569983359794,9.978982546446987,0.02662754860171822,0.9092365213095203,0.0,3.21329954859918e-10,0.14496217678148343,0.14496217646015347,0.14496217646015347,1.3676314687407917e-09,0,5.026826102124402,4.929244021629737,9.95005337299835e-11,0,0.38905720862289483,0.3804100864028066,0.0,0,0.0,0.0,0.0,0.0,0.0,0.0,0.0,0.0,0.0,0.0,6.278008237178326e-08,16.02284063200036,44.43033140137801,40.837512523610116
134,-856.6731398258034,0.3002350649161764,0.19462947527611107,0.19822975690456363,0.3069057029031489,9.97898335083692,0.026627544007789807,0.9092365212616349,0.0,1.0925218061400111e-10,0.14496217569403816,0.14496217558478597,0.14496217558478597,4.649946821839189e-10,0,5.026826071769448,4.929243991864041,3.383018021770384e-11,0,0.38905720627353696,0.3804100841056651,0.0,0,0.0,0.0,0.0,0.0,0.0,0.0,0.0,0.0,0.0,0.0,2.1345228282173624e-08,16.022840675200957,44.43033152857032,40.83751259530888
134,-856.6731398191691,0.30023506402054606,0.19462947418036963,0.19822975785228808,0.3069057039467962,9.978983624329514,0.02662754244585433,0.9092365212453538,0.0,3.7145739704615366e-11,0.14496217532430675,0.14496217528716102,0.14496217528716102,1.5809818468941982e-10,0,5.026826061448764,4.929243981743705,1.150226074632702e-11,0,0.38905720547475525,0.38041008332463705,0.0,0,0.0,0.0,0.0,0.0,0.0,0.0,0.0,0.0,0.0,0.0,7.257377025491538e-09,16.02284068988916,44.430331571815714,40.83751261968646
134,-856.6731398169136,0.30023506371603176,0.1946294738078176,0.19822975817451435,0.3069057043016364,9.978983717316996,0.026627541914796278,0.9092365212398182,0.0,1.262955213237848e-11,0.14496217519859808,0.14496217518596852,0.14496217518596852,5.3753385487739724e-11,0,5.02682605793973,4.9292439783027895,3.910768849701977e-12,0,0.38905720520316944,0.38041008305908747,0.0,0,0.0,0.0,0.0,0.0,0.0,0.0,0.0,0.0,0.0,0.0,2.4675083521994565e-09,16.022840694883143,44.43033158651914,40.83751262797483
134,-856.6731398161465,0.3002350636124969,0.19462947368114988,0.1982297582840713,0.30690570442228193,9.978983748932743,0.026627541734236555,0.9092365212379361,0.0,4.294049333146057e-12,0.14496217515585713,0.1449621751515631,0.1449621751515631,1.827615791032031e-11,0,5.02682605674666,4.929243977132879,1.3296619068619795e-12,0,0.3890572051108303,0.38041008296880063,0.0,0,0.0,0.0,0.0,0.0,0.0,0.0,0.0,0.0,0.0,0.0,8.389522219966504e-10,16.022840696581106,44.43033159151834,40.8375126307929
134,-856.6731398158859,0.30023506357729507,0.19462947363808283,0.19822975832132067,0.30690570446330145,9.978983759682093,0.02662754167284624,0.9092365212372963,0.0,1.4599703355095206e-12,0.1449621751413252,0.14496217513986523,0.14496217513986523,6.21386628937636e-12,0,5.026826056341015,4.929243976735109,4.5208305486635713e-13,0,0.389057205079435,0.3804100829381031,0.0,0,0.0,0.0,0.0,0.0,0.0,0.0,0.0,0.0,0.0,0.0,2.8524387800042684e-10,16.022840697158408,44.43033159321804,40.83751263175103
134,-856.6731398157972,0.3002350635653265,0.19462947362344,0.19822975833398543,0.306905704477248,9.978983763336874,0.02662754165197354,0.9092365212370787,0.0,4.96388304652873e-13,0.14496217513638437,0.144962175135888,0.144962175135888,2.1127076884385475e-12,0,5.026826056203098,4.929243976599869,1.537077402939735e-13,0,0.3890572050687607,0.38041008292766604,0.0,0,0.0,0.0,0.0,0.0,0.0,0.0,0.0,0.0,0.0,0.0,9.698260757708519e-11,16.022840697354688,44.430331593795955,40.83751263207679
134,-856.6731398157972,0.3002350635653265,0.19462947362344,0.19822975833398543,0.306905704477248,9.978983763336874,0.02662754165197354,0.9092365212370787,0.0,4.96388304652873e-13,0.14496217513638435,0.14496217513588797,0.14496217513588797,2.1127076884385475e-12,0,5.026826056203096,4.929243976599868,1.537077402939735e-13,0,0.38905720506876057,0.3804100829276659,0.0,0,0.0,0.0,0.0,0.0,0.0,0.0,0.0,0.0,0.0,0.0,9.698260757708523e-11,16.022840697354688,44.43033159379594,40.83751263207678
134,-856.6731398157671,0.3002350635612571,0.19462947361846147,0.19822975833829148,0.3069057044819899,9.978983764579501,0.02662754164487682,0.9092365212370047,0.0,1.687781393131134e-13,0.14496217513470447,0.1449621751345357,0.1449621751345357,7.183466435949262e-13,0,5.026826056156204,4.929243976553885,5.226252544967161e-14,0,0.38905720506513125,0.3804100829241173,0.0,0,0.0,0.0,0.0,0.0,0.0,0.0,0.0,0.0,0.0,0.0,3.2976459393542385e-11,16.02284069742143,44.43033159399241,40.83751263218753
134,-856.6731398157671,0.3002350635612571,0.19462947361846147,0.19822975833829148,0.3069057044819899,9.978983764579501,0.02662754164487682,0.9092365212370047,0.0,1.687781393131134e-13,0.14496217513470447,0.1449621751345357,0.1449621751345357,7.183466435949262e-13,0,5.026826056156204,4.929243976553885,5.226252544967161e-14,0,0.38905720506513125,0.3804100829241173,0.0,0,0.0,0.0,0.0,0.0,0.0,0.0,0.0,0.0,0.0,0.0,3.2976459393542385e-11,16.02284069742143,44.43033159399241,40.83751263218753
134,-856.6731398157569,0.3002350635598736,0.1946294736167688,0.1982297583397555,0.30690570448360216,9.978983765001994,0.02662754164246393,0.9092365212369795,0.0,5.737523282624947e-14,0.1449621751341333,0.14496217513407592,0.14496217513407592,2.4419812953235627e-13,0,5.02682605614026,4.929243976538252,1.776636819179413e-14,0,0.3890572050638973,0.3804100829229108,0.0,0,0.0,0.0,0.0,0.0,0.0,0.0,0.0,0.0,0.0,0.0,1.1211157591710596e-11,16.02284069744411,44.43033159405924,40.83751263222521
134,-856.6731398157533,0.3002350635594031,0.19462947361619332,0.1982297583402533,0.30690570448415033,9.978983765145642,0.02662754164164356,0.909236521236971,0.0,1.9505969757453336e-14,0.1449621751339391,0.1449621751339196,0.1449621751339196,8.30205141634836e-14,0,5.02682605613484,4.929243976532936,6.04006682985291e-15,0,0.38905720506347774,0.38041008292250056,0.0,0,0.0,0.0,0.0,0.0,0.0,0.0,0.0,0.0,0.0,0.0,3.811942208786856e-12,16.022840697451837,44.430331594081935,40.837512632238
134,-856.6731398157533,0.3002350635594031,0.19462947361619332,0.1982297583402533,0.30690570448415033,9.978983765145642,0.02662754164164356,0.909236521236971,0.0,1.9505969757453336e-14,0.1449621751339391,0.1449621751339196,0.1449621751339196,8.30205141634836e-14,0,5.02682605613484,4.929243976532936,6.04006682985291e-15,0,0.38905720506347774,0.38041008292250056,0.0,0,0.0,0.0,0.0,0.0,0.0,0.0,0.0,0.0,0.0,0.0,3.811942208786856e-12,16.022840697451837,44.430331594081935,40.837512632238
134,-1147.4452176017471,0.2799804605164037,0.29301652855536886,0.1554682875511543,0.2715347233770732,9.9353652020203,0.026730796810404616,0.8978791428985785,0.0,0.13293645090649214,0.13431426927680248,0.0013778183703103335,0.0013778183703103335,0.5657987089367134,0,0.047778348235315654,0.046850862277241556,0.041164067082174335,0,0.0036978623129988075,0.003615674226864276,0.0,0,0.0,0.0,0.0,0.0,0.0,0.0,0.0,0.0,0.0,0.0,15.749069270593717,13.811544222244297,36.980340834203304,34.02546014509319
134,-858.4970621068176,0.2998358586898809,0.19621069031126281,0.19734724360617897,0.3066062073926774,9.978151069099013,0.02662950486379012,0.9090188329072688,0.0,0.01209302312590137,0.14475165577845142,0.13265863265255004,0.13265863265255004,0.051469832578798475,0,4.600178429807669,4.510878546997399,0.0037446314519938707,0,0.3560363025710913,0.34812309763648064,0.0,0,0.0,0.0,0.0,0.0,0.0,0.0,0.0,0.0,0.0,0.0,1.9935463260111776,15.788941987503994,42.82952935056177,39.142785496627454
134,-856.7491636057703,0.30021516530060904,0.19470799708116138,0.1981857318725572,0.30689110574567247,9.9789422842879,0.026627639432262026,0.9092256762434916,0.0,0.0006285536027247336,0.14495168124171284,0.1443231276389881,0.1443231276389881,0.0026752242480832336,0,5.004665926461968,4.90751402517011,0.00019463301818929262,0,0.38734209536640557,0.37873309297451085,0.0,0,0.0,0.0,0.0,0.0,0.0,0.0,0.0,0.0,0.0,0.0,0.12142270845379251,16.01050970725918,44.328119399985624,40.729950777056885
134,-856.6772421441877,0.3002339774308996,0.19463375895969384,0.19822735509376566,0.30690490851564095,9.97898150108737,0.026627546978879056,0.9092359292881156,0.0,3.438082521668456e-05,0.14496160233267022,0.14492722150745355,0.14492722150745355,0.00014633026823818212,0,5.0256139758103435,4.928055425432922,1.0646098838275803e-05,0,0.3889633946594386,0.3803183575332388,0.0,0,0.0,0.0,0.0,0.0,0.0,0.0,0.0,0.0,0.0,0.0,0.006712962538101425,16.022166089299546,44.424666492612104,40.831553516691834
134,-856.6733664204291,0.30023500352536125,0.19462971047824576,0.19822962550503048,0.3069056604913624,9.978983640073974,0.026627541936249922,0.909236488518097,0.0,1.9005554789158702e-06,0.14496214347327263,0.14496024291779372,0.14496024291779372,8.089066835322599e-06,0,5.026759053040007,4.929178274119938,5.885112224224887e-07,0,0.3890520192789459,0.380405012396372,0.0,0,0.0,0.0,0.0,0.0,0.0,0.0,0.0,0.0,0.0,0.0,0.000371309549869912,16.022803405157113,44.43001820106322,40.83718298202546
134,-856.6731543390279,0.3002350597114121,0.19462948879711647,0.1982297498266789,0.30690570166479253,9.978983757198673,0.026627541660130236,0.9092365191399149,0.0,1.2181313922260974e-07,0.1449621731046171,0.14496205129147788,0.14496205129147788,5.184561227090412e-07,0,5.026821761673803,4.929239765437115,3.771970893052379e-08,0,0.3890568726885379,0.38040975793487203,0.0,0,0.0,0.0,0.0,0.0,0.0,0.0,0.0,0.0,0.0,0.0,2.3799280330403923e-05,16.022838307263108,44.43031150685165,40.8374915030086
134,-856.6731428709218,0.3002350627497326,0.1946294768094804,0.1982297565495053,0.3069057038912817,9.978983763532316,0.02662754164519877,0.9092365207958222,0.0,2.5625120889660633e-08,0.1449621747069636,0.1449621490818427,0.1449621490818427,1.0906459602953885e-07,0,5.026825152731874,4.929243090667068,7.934875559697246e-09,0,0.3890571351435265,0.38041001455657875,0.0,0,0.0,0.0,0.0,0.0,0.0,0.0,0.0,0.0,0.0,0.0,5.006524846346162e-06,16.022840194644868,44.43032736844832,40.8375081874009
134,-856.673140854509,0.3002350632839552,0.19462947470171524,0.1982297577315682,0.3069057042827614,9.978983764645948,0.026627541642573395,0.9092365210869775,0.0,8.71254162541412e-09,0.14496217498870143,0.1449621662761598,0.1449621662761598,3.708196487571447e-08,0,5.026825748975971,4.929243675336716,2.697857852223345e-09,0,0.38905718129055034,0.38041005967794633,0.0,0,0.0,0.0,0.0,0.0,0.0,0.0,0.0,0.0,0.0,0.0,1.7022190795528288e-06,16.022840526500072,44.430330157373604,40.83751112099711
134,-856.673140168929,0.3002350634655909,0.19462947398507507,0.19822975813346957,0.3069057044158645,9.978983765024585,0.026627541641680772,0.9092365211859703,0.0,2.9622642144680632e-09,0.14496217508449227,0.14496217212222806,0.14496217212222806,1.2607868320889598e-08,0,5.02682595169898,4.9292438741244125,9.172716889008864e-10,0,0.38905719698053964,0.3804100750192125,0.0,0,0.0,0.0,0.0,0.0,0.0,0.0,0.0,0.0,0.0,0.0,5.787545525762738e-07,16.02284063933086,44.43033110560876,40.83751211842038
134,-856.6731399358321,0.3002350635273471,0.19462947374141737,0.1982297582701161,0.3069057044611194,9.978983765153322,0.026627541641377282,0.9092365212196278,0.0,1.0071698421580847e-09,0.14496217511706116,0.14496217410989132,0.14496217410989132,4.286675268424877e-09,0,5.026826020624804,4.9292439417122305,3.1187237708716064e-10,0,0.38905720231513613,0.38041008023524314,0.0,0,0.0,0.0,0.0,0.0,0.0,0.0,0.0,0.0,0.0,0.0,1.967765593771391e-07,16.022840677693324,44.43033142800877,40.83751245754436
134,-856.6731398565789,0.3002350635483441,0.19462947365857383,0.19822975831657585,0.3069057044765063,9.978983765197093,0.026627541641274087,0.9092365212310713,0.0,3.4243774410674166e-10,0.14496217512813456,0.1449621747856968,0.1449621747856968,1.457469581785961e-09,0,5.026826044059584,4.9292439646920885,1.0603660752003691e-10,0,0.38905720412889894,0.3804100820086935,0.0,0,0.0,0.0,0.0,0.0,0.0,0.0,0.0,0.0,0.0,0.0,6.69040306105935e-08,16.022840690736558,44.430331537624795,40.83751257284652
134,-856.6731398296328,0.30023506355548313,0.19462947363040697,0.19822975833237225,0.30690570448173765,9.978983765211973,0.026627541641239,0.9092365212349622,0.0,1.164288320336742e-10,0.14496217513189955,0.14496217501547068,0.14496217501547068,4.955396537101713e-10,0,5.026826052027409,4.9292439725052395,3.605244625873576e-11,0,0.38905720474557826,0.38041008261166664,0.0,0,0.0,0.0,0.0,0.0,0.0,0.0,0.0,0.0,0.0,0.0,2.2747370995056968e-08,16.022840695171265,44.430331574894225,40.83751261204926
134,-856.6731398204711,0.3002350635579104,0.19462947362083025,0.19822975833774292,0.3069057044835164,9.978983765217034,0.026627541641227083,0.9092365212362851,0.0,3.958580450120224e-11,0.14496217513317963,0.14496217509359383,0.14496217509359383,1.6848348911282352e-10,0,5.02682605473647,4.929243975161713,1.2257832226433753e-11,0,0.3890572049552493,0.38041008281667754,0.0,0,0.0,0.0,0.0,0.0,0.0,0.0,0.0,0.0,0.0,0.0,7.73410944217573e-09,16.022840696679047,44.43033158756585,40.837512625378196
134,-856.6731398173561,0.30023506355873564,0.19462947361757413,0.19822975833956905,0.3069057044841211,9.978983765218754,0.026627541641223024,0.9092365212367348,0.0,1.3459167414716056e-11,0.14496217513361484,0.14496217512015566,0.14496217512015566,5.728436026899774e-11,0,5.02682605565755,4.929243976064912,4.167661063249655e-12,0,0.3890572050265374,0.3804100828863812,0.0,0,0.0,0.0,0.0,0.0,0.0,0.0,0.0,0.0,0.0,0.0,2.6295970383453676e-09,16.022840697191718,44.43033159187418,40.837512629910016
134,-856.6731398173561,0.30023506355873564,0.19462947361757413,0.19822975833956905,0.3069057044841211,9.978983765218754,0.026627541641223024,0.9092365212367349,0.0,1.3459038662440435e-11,0.14496217513361484,0.1449621751201558,0.1449621751201558,5.728381227880526e-11,0,5.026826055657556,4.9292439760649165,4.167621194821737e-12,0,0.38905720502653773,0.38041008288638156,0.0,0,0.0,0.0,0.0,0.0,0.0,0.0,0.0,0.0,0.0,0.0,2.6295693405754596e-09,16.022840697191718,44.4303315918742,40.83751262991004
134,-856.6731398162971,0.30023506355901625,0.1946294736164671,0.1982297583401899,0.3069057044843267,9.978983765219338,0.026627541641221643,0.9092365212368878,0.0,4.576081192251648e-12,0.14496217513376283,0.14496217512918674,0.14496217512918674,1.947653042420071e-11,0,5.026826055970719,4.9292439763720015,1.4169936980175828e-12,0,0.38905720505077546,0.3804100829100806,0.0,0,0.0,0.0,0.0,0.0,0.0,0.0,0.0,0.0,0.0,0.0,8.940558559204501e-10,16.022840697366014,44.430331593339034,40.83751263145085
134,-856.673139815937,0.30023506355911167,0.19462947361609068,0.19822975834040094,0.30690570448439664,9.978983765219539,0.026627541641221168,0.9092365212369398,0.0,1.5558585927068083e-12,0.14496217513381315,0.1449621751322573,0.1449621751322573,6.621981984917073e-12,0,5.026826056077196,4.929243976476411,4.817750665361915e-13,0,0.38905720505901636,0.3804100829181383,0.0,0,0.0,0.0,0.0,0.0,0.0,0.0,0.0,0.0,0.0,0.0,3.039793875560013e-10,16.022840697425277,44.430331593837096,40.83751263197474
134,-856.6731398158147,0.3002350635591441,0.19462947361596272,0.19822975834047277,0.3069057044844204,9.978983765219605,0.026627541641221015,0.9092365212369574,0.0,5.289948184465785e-13,0.14496217513383025,0.14496217513330126,0.14496217513330126,2.2514862046514005e-12,0,5.026826056113398,4.92924397651191,1.6380441966195256e-13,0,0.38905720506181823,0.3804100829208779,0.0,0,0.0,0.0,0.0,0.0,0.0,0.0,0.0,0.0,0.0,0.0,1.0335069748275914e-10,16.022840697445424,44.43033159400642,40.83751263215285
134,-856.6731398157729,0.30023506355915514,0.19462947361591923,0.19822975834049714,0.30690570448442855,9.978983765219628,0.026627541641220956,0.9092365212369635,0.0,1.7985083501599547e-13,0.14496217513383608,0.14496217513365622,0.14496217513365622,7.654738001454386e-13,0,5.0268260561257065,4.92924397652398,5.569121025046074e-14,0,0.3890572050627709,0.3804100829218094,0.0,0,0.0,0.0,0.0,0.0,0.0,0.0,0.0,0.0,0.0,0.0,3.51397280429945e-11,16.022840697452274,44.430331594063986,40.83751263221341
134,-856.6731398157729,0.30023506355915514,0.19462947361591923,0.19822975834049714,0.30690570448442855,9.978983765219628,0.026627541641220956,0.9092365212369635,0.0,1.7985083501599547e-13,0.14496217513383608,0.14496217513365622,0.14496217513365622,7.654738001454386e-13,0,5.0268260561257065,4.92924397652398,5.569121025046074e-14,0,0.3890572050627709,0.3804100829218094,0.0,0,0.0,0.0,0.0,0.0,0.0,0.0,0.0,0.0,0.0,0.0,3.5139728042994514e-11,16.022840697452274,44.430331594063986,40.837512632213404
