-6.033260643749639440e-01
-6.012558566799272031e-01
-6.309017423718196182e-01
7.021401889516464268e-01
-2.341302685297687258e+00
1.419650684342407931e+00
-3.441593833815201897e+00
-7.720484370521467632e-01
-8.419853657343915332e-01
-1.105208447990038589e+00
-1.520080975017099378e+00
-3.204581383832927788e+00
-2.752482939432912001e+00
-6.058590489913893151e-01
-6.887689630710874811e-01
-1.314382487694766732e+00
-1.170579378078155264e+00
-3.082424105209441656e+00
-1.472682185359485141e+00
-1.547809225139897160e+00
-1.177082335865947016e+00
-1.136219935563941741e+00
-9.577418243602219272e-01
