-6.755615472539537869e-01
-8.587716836693585210e-01
-5.195093240921211386e-01
6.661771484691750844e-01
-2.585542990581308320e+00
-1.727307010416880839e+00
-1.288369022742526626e+00
-4.046046869230515153e-01
-1.414882580280463875e+00
-6.158991388942013367e-01
-1.608584313844129587e+00
-3.270474934414124402e+00
-3.912792016278032747e+00
-9.699973046217659212e-01
-8.595631042721316728e-01
-1.346016843647918737e+00
-8.609099237586178566e-01
-2.885078383179133343e+00
-1.772401375052519601e+00
-1.982620250643135629e+00
-2.042615983453645701e+00
-1.111867032120502419e+00
-9.382466605871556675e-01
