-6.444281538758234174e-01
-8.233608007828341346e-01
-5.961617633056355281e-01
5.763115332053828643e-01
-2.339302798565125574e+00
-3.946679799555237178e-01
-1.951083519761770635e+00
-1.839676129165587204e-01
-1.197255999707779184e+00
-7.395084077040702253e-01
-1.109705247756293200e+00
-3.258002260293547447e+00
-3.621239399833421579e+00
-7.804285305725447985e-01
-6.062019938099457717e-01
-1.666290479558427018e+00
-1.468508006776571895e+00
-3.779848356272708099e+00
-1.439702700521498846e+00
-2.304934752406233134e+00
-1.365410630746618725e+00
-1.183857173532254059e+00
-9.829019941121270865e-01
