-7.094128159920668475e-01
-9.415417710129589945e-01
-4.765700643403134595e-01
6.885810596272713413e-01
-2.458900241881303739e+00
-2.170188448776054990e+00
-8.010415509074183538e-01
-2.262810202979033403e-01
-2.618231522845864689e-01
-1.247774575986676959e+00
-1.157751559564809085e+01
-2.435435844969614294e+00
-7.538415100452596773e-01
-7.916664899675218692e-01
-1.465035809939648326e+00
-8.722746352434390671e-01
-2.160913707249541016e+00
-1.600989527163141579e+00
-2.193284325395673307e+00
-8.332592560292014783e-01
-1.138966728987353960e+00
-1.365913251369759829e+00
