-6.800141631864563552e-01
-7.219925338941947102e-01
-5.355570100749197371e-01
6.267549728003242171e-01
-2.702248026280051896e+00
-1.964543754832946076e+00
-1.188952339683693182e+00
-7.278414691433647832e-01
-9.207577173561973805e-01
-1.684687806519076236e+00
-3.179888524942533490e+00
-3.861128888079257138e+00
-7.381969687034760641e-01
-8.666262590078365191e-01
-1.480717878703713186e+00
-1.713250742045756114e+00
-1.038376889565024941e+00
-1.634352743306807243e+00
-2.365035258559983866e+00
-8.144403700307876193e-01
