-7.144037186136529272e-01
-9.498098269260182303e-01
-4.669845414938683104e-01
6.907254236424771321e-01
-2.552190159676197112e+00
-1.133096363146264496e+00
3.364722366212128390e-01
-7.655487926485766703e-01
-2.098625282117630719e-01
-2.349815065131401204e-01
-1.277009059923543965e+00
-3.943360680967408438e+00
-2.505744681003392316e+00
-7.162683140826769934e-01
-7.604500093795817373e-01
-1.430036985396930138e+00
-8.647527928727697377e-01
-2.131229538239046040e+00
-1.581207833266981222e+00
-2.149941233437164367e+00
-7.914088788405645447e-01
-1.086559980516413892e+00
-1.312098137435065315e+00
