-6.697641297746603772e-01
-8.281099978242626447e-01
-5.647101846285262905e-01
4.587486597188624726e-01
-2.179174693240631289e+00
4.870052191691536247e-01
-1.955408286696803666e+00
-3.180247356308512630e-01
-4.049542521748634161e-01
-7.910076791275632013e-01
-1.683141439445345222e+00
-2.805435792308753395e+00
-3.551117237586387532e+00
-5.618432266180107826e-01
-4.057065628353083153e-01
-1.236574909741030126e+00
-1.089218083496155565e+00
-2.913068444518810640e+00
-1.141407297794140296e+00
-1.818101356752289233e+00
-1.988693883643104288e+00
-9.788360750663618326e-01
-1.139953170460359377e+00
