-6.902189904421459632e-01
-8.667382951730364660e-01
-5.397613574263245839e-01
5.919019286833799853e-01
-2.667977553827704185e+00
-2.231435513142096816e-01
-1.962320069292030622e+00
-2.130100390834956947e+00
-6.525422984774065238e-01
-5.886706286700182922e-01
-1.359776880343287031e+00
-3.313958917791913539e+00
-3.067805778037977049e+00
-8.613084073757677483e-01
-9.819878457428686813e-01
-1.569937343358526638e+00
-1.261016905578635772e+00
-2.745012682412559357e+00
-1.469724373901850178e+00
-2.109734062550430611e+00
-1.548902075033677939e+00
-1.005829004249637171e+00
-8.560509945853589375e-01
