-6.802873370258779584e-01
-7.977578204407800300e-01
-5.162859672170110326e-01
4.195056589653151091e-01
-2.646659330325440429e+00
-1.409359111323069458e+00
-2.399371731537677022e+00
-6.642794692126836598e-01
2.747799962219615172e-02
-2.923454265747851277e+00
-4.070758236299175437e+00
-2.970048829691760428e+00
-1.055692954932461403e+00
-2.565915825037852760e-01
-1.823257297017774503e+00
-1.545512726838687678e+00
-3.232056801742134056e+00
-1.543818654139882840e+00
-5.876232524510796473e+00
-8.251292300347904396e-01
-1.505423190662957822e+00
-1.693726021572143470e+00
