-6.839729019095169837e-01
-8.220576511189894298e-01
-5.099569764545602846e-01
4.284244585841778252e-01
-2.664209715106537146e+00
3.364722366212128946e-01
-2.979452968165827720e+00
-5.437621689153039339e-01
2.773876467839061707e-02
-2.876011470669695758e+00
-4.023092104112151901e+00
-2.914599669399967397e+00
-1.098570542724025101e+00
-2.381184729679032275e-01
-1.704757394167991436e+00
-1.452251091054522547e+00
-3.089527554006659127e+00
-1.452585544695190745e+00
-4.846344684708045136e+00
-7.812828808542474635e-01
-1.362399353635095567e+00
-1.651548125464148864e+00
