-6.092892960447165995e-01
-6.773560408438523694e-01
-6.203029826579639083e-01
6.963053881631859898e-01
-2.520620556037483695e+00
-2.231435513142096816e-01
3.364722366212128390e-01
-1.523988273062927945e+00
-2.892388334900888869e-01
-7.799398877447050182e-01
-1.549096507628429764e+00
-2.954119049453800994e+00
-3.837864864086981687e+00
-7.921410358875394797e-01
-1.056414230154396616e+00
-1.401427460488908761e+00
-1.252601737811541271e+00
-2.802753325169544674e+00
-1.323705453379631303e+00
-1.774561102663879675e+00
-1.548562305600180489e+00
-1.031408703197477683e+00
-9.214276814017513528e-01
