-7.334809371040960091e-01
-8.214045420490705407e-01
-5.193364024874187468e-01
7.944621415115834528e-01
-2.732744933005669896e+00
-2.231435513142097093e-01
3.364722366212128946e-01
-1.813289201298219355e+00
2.409383045272383839e-01
-1.485023714589510102e-01
-1.109904013391984412e+00
-9.805639233080363226e+00
-3.330420550764288556e+00
-5.109910402683260910e-01
-3.885713639541416575e-01
-1.068229031011468155e+00
-9.293870463368859580e-01
-1.152275707348304223e+01
-1.301848534664732826e+00
-1.343393783848826573e+00
-1.572932154941563132e+00
-8.777114884082342083e-01
-2.792945242488383273e-01
