-6.325907648892102886e-01
-6.750739235854773534e-01
-6.281746463491519883e-01
4.685985469935617376e-01
-1.587577133797172690e+00
-2.588015416091886678e-01
-2.198978785691207527e+00
-3.313789018689058952e-01
-5.116074118206408866e-02
-9.945169527969233148e-02
-1.067143579775097884e+00
-3.278463796033604716e+00
-3.246084049034649865e+00
-2.491697955414364785e-01
-1.103121673917634299e-01
-9.161151255630202161e-01
-8.427507714510857895e-01
-1.940246836647041118e+00
-1.105346833860533451e+00
-1.176801372875470930e+00
-1.101219563463673445e+00
-7.470969289194745455e-01
-5.865113320122555818e-01
