-6.865536512957969295e-01
-7.842878830400041856e-01
-5.212011062361051605e-01
5.459500379318622532e-01
-2.392108074267789597e+00
-1.821264939441903818e+00
-1.713418860205645711e+00
-9.748959915975424773e-01
-1.311067497488672240e+00
-7.645867979264542313e-01
-1.360665516049479162e+00
-3.283484091547667294e+00
-3.705959988229080349e+00
-6.888168509411961571e-01
-5.176406064027461174e-01
-1.472425623642056980e+00
-1.422922044342594949e+00
-2.755439235867310988e+00
-1.547290281463224781e+00
-2.444794986423226124e+00
-1.922979144759495052e+00
-1.399235725449098577e+00
-1.240395864613074828e+00
