-6.564610770992528321e-01
-1.005357834275562912e+00
-4.663415691363818616e-01
5.600695824520128818e-01
-2.327914795765006595e+00
4.802338748343119024e-01
-2.429707114083642594e+00
-8.436588881714759403e-01
-6.985132220856685725e-01
-1.043396176841532741e+00
-1.240672231176756846e+00
-3.410022049364739960e+00
-3.877210094183773492e+00
-1.086307082775906041e+00
-3.239101424843261468e-01
-1.138880121572989168e+01
-1.403746791665495319e+00
-4.346643545926169416e+00
-1.947270027770742429e+00
-1.048450047561257259e+00
-4.628654266950862350e-01
-9.521939761669168112e-01
-7.933681759810123912e-01
