-6.596628315238917128e-01
-9.359507009329502969e-01
-4.288168684526583174e-01
6.372161363548030089e-01
-3.138719227271250301e+00
-1.279622248573801579e+00
-7.961497519213075469e-01
-7.778845529096032330e-01
-1.383512228891108142e+00
6.458739684725468833e-02
-1.112458614868865325e+01
-3.230287673353266609e+00
-1.576682624990069392e+00
-1.666530554133703879e+00
-4.267701961601894745e+00
-1.520683945453735753e+00
-2.463546834697822430e+00
-2.069724541879799595e+00
-1.037252642622657373e+00
-6.694424101150173723e-01
