-6.718746727354109050e-01
-7.409821515754034804e-01
-5.470924785179929195e-01
5.823694169065718462e-01
-2.276754029515892341e+00
-2.044267778383292156e-02
-2.266347909575946673e+00
-1.547953325709975791e+00
-5.868697762480735713e-01
-5.018240135167173488e-01
-1.067490224242381380e+00
-3.875009914996786264e+00
-2.115913916272808226e+00
-4.503657765488436326e-01
5.113960719889638212e-02
-1.166047134339287750e+00
-1.368740974893629891e+00
-2.128472233597652696e+00
-1.492653932249289994e+00
-2.295739199375719242e+00
-1.191008711135522091e+00
-9.864859940851493647e-01
-8.683280873554489743e-01
