-6.353469966807956393e-01
-7.421571419728592023e-01
-5.757893895953326568e-01
4.935186513210688686e-01
-2.818631595379510468e+00
-3.580907114983993278e-01
-1.862572968572995702e+00
-5.907521771169459424e-01
-8.522895903279433805e-01
-1.154879194756282423e+00
-1.202371702190792702e+00
-1.904897371503397219e+00
-3.569006032821219865e+00
-1.108283288813849632e+00
-8.233287953587953290e-01
-9.098038850787100174e-01
-8.452043001003877176e-01
-3.387607070142363508e+00
-1.733940237796305572e+00
-9.499138480715243471e-01
-1.094019451215252792e+00
