-7.548989997103188188e-01
-8.359768157252304155e-01
-5.347680602820987783e-01
6.799451327985907012e-01
-2.648034420280012569e+00
-1.468072916042136855e+00
-1.242777221985550629e+00
-1.054663911459685632e+00
-1.197224909877217858e+00
-2.066671178520689267e-01
-3.141953418896980210e+00
-3.185895761300186813e+00
-1.722438922126265259e+00
-1.335550561474581954e+00
-2.934284229112660736e+00
-1.337209585382608701e+00
-1.771485597105288301e+00
-1.495068615090402897e+00
-1.263785799525322773e+00
-1.183864486365836965e+00
