-6.865652152843786382e-01
-7.843430517152836234e-01
-5.211774625382826764e-01
5.460121594762711306e-01
-2.392191214224369311e+00
-1.068035692005645521e-01
-1.714621888972553743e+00
-9.751841314814017059e-01
-1.309969810325692929e+00
-7.647657127628724183e-01
-1.360143656896545705e+00
-3.284483002323201895e+00
-3.703742729960117774e+00
-6.886964786961006224e-01
-5.176454167470274648e-01
-1.472332098509175013e+00
-1.422695547996400078e+00
-2.756823154995246217e+00
-1.547213507722393633e+00
-2.445607380587231816e+00
-1.922355562988802724e+00
-1.398959874286972216e+00
-1.240292397651905576e+00
