-6.785227144004557509e-01
-7.667592392581243921e-01
-6.401445097989458821e-01
4.521339246201405704e-01
-3.339498369363483654e+00
-2.231435513142097093e-01
3.364722366212128390e-01
-3.038322703114633150e+00
-2.130935548023224491e-01
-1.411919719137781914e+00
-1.636156129361119538e+00
-4.211492524964195461e+00
-3.536677464884132149e+00
-7.937995626153635520e-01
-8.487508118086278808e-01
-1.624917591018020468e+00
-1.416748445191511774e+00
-3.163920889568915040e+00
-1.448123957417279062e+00
-2.091128592670361996e+00
-2.439112662382875829e+00
-1.399906400352366243e+00
-9.445555949621756708e-01
