-6.319469582170702537e-01
-6.692685157556548248e-01
-6.319782472730064438e-01
4.688360957954482711e-01
-1.522374815324788244e+00
-1.561172368531325239e+00
-5.324327946562528169e-01
2.298137460993547251e-02
-1.090367859138742790e-01
-1.086394931399039532e+00
-3.190384825869733820e+00
-3.318179672195603391e+00
-2.585758841920025586e-01
-1.170463064792040542e-01
-9.254589177912697640e-01
-8.492003571948888441e-01
-1.928077737918485024e+00
-1.129864906563003091e+00
-1.175251761838914000e+00
-1.105678031392415939e+00
-7.550384375201288911e-01
-5.946013440797365268e-01
