-7.165053929203802907e-01
-6.864990141269478041e-01
-5.269132519750733268e-01
6.433145442040355544e-01
-3.022252713017600456e+00
-2.055185986090812378e+00
-2.244951285520905504e+00
-1.666530841481340675e+00
-2.237600703358710863e-01
-1.179412882523319439e+00
-1.934765757982657597e+00
-3.799260187679688094e+00
-3.848976383340106278e+00
-8.105246082165638022e-01
-1.452891869281196513e+00
-1.420656967120171199e+00
-1.719296797268328625e+00
-2.624267717408262701e+00
-1.589680828931343326e+00
-2.490463634985719210e+00
-1.652646689269696489e+00
-1.579761301665379758e+00
-1.251732234224930407e+00
