-6.451813783172594130e-01
-7.348270333410589217e-01
-6.687752036920719956e-01
6.254258339411324918e-01
-3.227066879676206756e+00
1.176042790744462829e+00
-2.597273293379323444e+00
-1.118426258755003122e+00
-4.352325373776326223e-01
-9.535078039884354872e-01
-9.057954690238522844e+00
-2.749991084681939757e+00
-2.965098209353257630e+00
-6.679474366269433361e-01
-6.037436212843091399e-01
-1.349248980090214101e+00
-1.548176401506164979e+00
-3.833532728321187300e+00
-1.438909903322069583e+00
-1.662722887866933785e+00
-1.708117991889966936e+00
-1.132097820878485539e+00
-9.401102689748643826e-01
