-6.998594590012734429e-01
-7.988887395943012892e-01
-4.764500736263175829e-01
8.402692467339479832e-01
-2.970016045211405942e+00
-9.386207133017647752e-01
-1.411512926518357691e+00
-1.266432572063592721e+00
-1.300143256340559494e+00
-7.774083426195584900e-01
-2.468814077647122074e-01
-3.135976798804527288e+00
-3.220937809760509474e+00
-1.577770755427792881e+00
-1.538086184686201063e+00
-2.526270085837265533e+00
-1.386116556419060730e+00
-2.271016787360985223e+00
-2.125808697192729912e+00
-1.318886889124620376e+00
-1.054843065289141624e+00
