-7.175494087275602340e-01
-6.892769124090151189e-01
-5.229308098445661912e-01
6.423047023537669098e-01
-2.970374269678636381e+00
-2.231435513142097093e-01
3.364722366212128946e-01
-1.982640011668862723e+00
-1.971265871265046599e-01
-1.185286228489236704e+00
-1.917740494273652452e+00
-3.663233755125863134e+00
-3.739133996678537741e+00
-7.921291721568645139e-01
-1.366422762387446088e+00
-1.333978250186299119e+00
-1.651920147535283379e+00
-2.582342373563712989e+00
-1.561926349676451276e+00
-2.499553947892350969e+00
-1.552219745718538935e+00
-1.498214131676680383e+00
-1.226833827807055188e+00
