-6.945799517135329282e-01
-6.812249904757664565e-01
-6.333556002735640789e-01
7.167798323221822310e-01
-2.258250049645567081e+00
-4.945128998868406067e-01
3.364722366212128390e-01
-1.159753395944011167e+00
-4.982052112363304364e-01
-4.392077309757728698e-01
-1.360221527537917696e+00
-3.574324234246226251e+00
-2.829763423236373310e+00
-4.863758007516213455e-01
-4.485196339770544105e-01
-1.129486726303364996e+00
-1.109055993901424175e+00
-4.711394316392104598e-01
-1.370225251321243842e+00
-1.510861766922460214e+00
-1.655769257089774404e+00
