-6.183183738746332869e-01
-8.478938104905702211e-01
-4.345239015066294508e-01
6.206096557858171714e-01
-2.311075999265489678e+00
3.364722366212128946e-01
-2.210262648566996724e+00
-7.291295458727247158e-01
-1.178763601265879535e+00
-1.265378355150682088e+00
-2.867937728284179144e+00
-2.839482188378946947e+00
-8.071688852349778731e-01
-1.025843792205173965e+00
-1.010507808028267229e+00
-1.079131169517738797e+00
-2.533860709525473709e+00
-1.277275381008582178e+00
-1.438174356672591081e+00
-2.153292063789310706e+00
-9.898664593320043448e-01
-4.918510628238720317e-01
