-7.251769820188368465e-01
-8.627629624878488945e-01
-4.098908936612308263e-01
6.934268699130252678e-01
-2.139999946557529675e+00
-1.146207599377405018e+00
-1.213752352788987743e+00
-7.441067016523523758e-01
-3.271240849058669187e-01
-1.669635902831945184e+00
-3.748746647717079217e+00
-3.074646524643314116e+00
-9.142854321486090230e-01
-9.481521014247606960e-01
-8.227791436502320810e-01
-1.329394823976533857e+00
-3.356353613032270644e+00
-1.587686266029769033e+00
-1.190879639915397581e+00
-8.782891301779411908e-01
