-7.098788149664925218e-01
-1.058471725732288204e+00
-3.660053888727519134e-01
5.998041860017506721e-01
-3.377813786552940734e+00
-6.627285222945134002e-01
3.364722366212128946e-01
-1.339624038828289621e+00
-7.406408156448877067e-01
-6.792532357982655755e-01
-2.009494225692724623e+00
-4.239965732754164662e+00
-4.137631193550872943e+00
-8.534452373386884894e-01
-2.936043404303610438e-01
-1.782424733344170731e+00
-1.407699305740282458e+00
-1.546348107024160479e+00
-1.636943327487139221e+00
-2.192679967992874790e+00
-2.516175916137748825e+00
