-7.402499782792859584e-01
-8.594127168163018249e-01
-4.527402536590535154e-01
7.995896583575885508e-01
-3.106611953428625394e+00
3.364722366212128946e-01
-1.484357294943523309e+00
-1.043235557434093908e+00
-8.439087677041405833e-01
-4.362846122460243281e-01
-3.283549496981423843e+00
-3.031740435196995875e+00
-4.694634759886964215e-01
-7.410944172220265136e-01
-1.517942683014150917e+00
-1.552913572151445543e+00
-2.663486608402940714e+00
-1.570228652227642074e+00
-2.233711779674400155e+00
-2.180247327077273756e+00
-1.199625201121881091e+00
-1.242294577752637963e+00
