-6.616193468806590428e-01
-9.283337455660701787e-01
-4.966170900426083445e-01
4.949720431786365227e-01
-2.455899328007357330e+00
3.364722366212128390e-01
-2.169882787151521608e+00
-2.669270945304790255e-01
-1.226420302977215160e+00
-1.444729204098587072e+00
-3.212274113605495529e+00
-3.211277591070424098e+00
-5.401337708585468578e-01
-8.710742205385665349e-01
-1.464619382779520862e+00
-7.657312616873497291e-01
-2.626166417020242339e+00
-1.219249212528651816e+00
-1.590754234497644193e+00
-1.624692547463987058e+00
-1.151752157491230388e+00
-1.009229320563514110e+00
