-6.819812101179485442e-01
-8.168314958370254120e-01
-4.434065557906292643e-01
7.350501365741991533e-01
-2.492390690128995612e+00
-9.018257206702182671e-01
-3.321901029625302204e+00
-8.003156155709512110e-01
-1.360784748883669071e+00
-5.982279324329903281e-01
-6.631001323587620844e-01
-2.561323506470754463e+00
-3.198133579608687604e+00
-3.295573089528298083e-01
2.162084965079705962e-02
-1.029726710842364668e+00
-1.283396600041145641e+00
-2.274498996939648965e+00
-1.432067805261198590e+00
-2.155789268954757087e+00
-1.541853788658579250e+00
-4.803256099516642896e-01
-7.995393192491739853e-01
