-6.805573896271497336e-01
-8.875252541381273286e-01
-5.447961454205473286e-01
5.884819499401909848e-01
-2.040496757991245858e+00
-1.372533223857409723e+00
-1.133430321102333327e+00
-7.756935291653316300e-01
-5.253659830220261950e-01
-7.339693230102684041e-01
-3.439101441877055354e+00
-3.134370545768602856e+00
-5.769432224726104286e-01
-7.127160307846405196e-01
-1.184477172621199337e+00
-1.319179848273834610e+00
-2.530739974970549699e+00
-1.362890583872547134e+00
-2.048844497925008223e+00
-1.819220930341403752e+00
-1.128258334113830363e+00
-1.189012506338932074e+00
