-6.496307353431080012e-01
-7.673851248333078967e-01
-6.114021394501402140e-01
6.330455313511773596e-01
-3.011778823183699938e+00
-6.840100750680979669e-01
-1.507541647724016665e+00
-2.142449222153377519e+00
-8.514885672692985574e-01
-1.545671674670262785e+00
-1.457099523120319873e+00
-3.133873649849907128e+00
-3.490152028244703608e+00
-8.733522469209478167e-01
-5.939346093193913489e-01
-1.655458036753108431e+00
-1.398757334231388372e+00
-1.402940214473180847e+00
-1.640178144039628139e+00
-2.199844587828136966e+00
-1.442269783461473054e+00
