198,-1614.0781095072214,0.30808080808080807,0.2016835016835017,0.23265993265993268,0.25757575757575757,1.2,0.9,1.4,0.144,0.84,0.21599999999999997,0.21599999999999997,2.9713436986583606,0,10.168288917331862,9.278436035969863,3.530476859382045,0,10.051052031129558,10.398532950791129,0.9016437883000443,0,0.7724230025596235,0.8205127264049219,2.7720014328993896,0.0,7.070885294694547,6.3850257502979755,2.7720014328993927,0.0,7.770632371616,8.906964858207896,59.44601348408289,58.186130443518195,36.162651036925936,34.05162149476183
198,-1489.3291373929787,0.2439982913293737,0.24710189314065617,0.18596595732406565,0.3229338582059045,1.428995148482392,0.700604515182373,1.2630206828720334,0.058514993882769956,0.34113941549615134,0.0800824218772219,0.0800824218772219,1.2074177663236183,0,3.769912976144677,3.439998282376653,1.4346238321527864,0,3.726447171605673,3.8552764012474463,2.505739430261589,0,2.326009251836797,2.4901375977657425,0.45715149368781094,0.0,2.079760458606072,1.361544411959392,0.45715149368781016,0.0,2.4242689158288933,3.422949385257475,51.220383395584655,38.45339338434741,24.206429821054257,22.13385736317477
198,-1458.3505931704547,0.3309126684370599,0.18403872043731595,0.23874087811644695,0.2463077330091772,1.6749396338842206,0.566601700570646,1.2071014926681278,0.057124416716061624,0.2545262785554901,0.055061922473847696,0.055061922473847696,1.178724136450028,0,2.5920626669343143,2.3652246559774417,1.4005307730677252,0,2.5621770727715982,2.6507556258250555,2.8109795232223953,0,3.670193955073081,3.9543336254866177,0.43464964909750325,0.0,1.8439645712846813,0.9443244892280448,0.43464964909750464,0.0,2.152583657955158,3.3805801769471424,52.17555980202211,36.07102967855249,22.68305840919706,20.72790083384568
198,-1443.6420421792468,0.3097648996667376,0.2001994947685617,0.21854107046892213,0.2714945350957786,1.8386088126928783,0.5024566985131491,1.1858084179879844,0.06047455191183248,0.22803139443211165,0.0512997296239693,0.0512997296239693,1.2478519357806344,0,2.4149558898033714,2.2036169443451277,1.4826667090709915,0,2.3871122760805275,2.4696385595440775,2.7819779460277663,0,4.10624568311355,4.439534212874354,0.4824652295685996,0.0,1.7800679019274426,0.933695512406937,0.48246522956860005,0.0,2.0764644714366765,3.281021106682624,52.75406758925828,35.40236031785779,22.44714596416582,20.70309368792853
198,-1417.3441194144016,0.29515203353210323,0.2096192043696933,0.19839056700950147,0.296838195088702,2.5682705656783504,0.3275085807018,1.121030449640284,0.0787714186442626,0.16085383016393914,0.04293430132236357,0.04293430132236357,1.6253955446042319,0,2.021149908840631,1.8442739285583645,1.9312546576685035,0,1.9978467431077356,2.0669154954620037,2.4553823180931973,0,5.547273122240855,6.065346363252909,0.8345572311285401,0.0,1.7611885136516063,0.9454486811242429,0.8345572311285405,0.0,2.0116465449826575,3.3386002564401087,56.198831211046226,33.00691149087363,21.602735954065647,20.697043162681027
198,-1404.74833970114,0.2743206928456216,0.2103028248625934,0.2140120110796611,0.30136447121212384,3.521616195080389,0.22054847613653242,1.0809575294049816,0.1027975375879499,0.14188690694343378,0.039089369355483884,0.039089369355483884,2.121158441316326,0,1.840148153716938,1.6791120983854526,2.520307830942452,0,1.818931876185231,1.881815255873353,2.070969472325779,0,6.621802571332554,7.302264617782463,1.387374455751182,0.0,1.8260466765357917,0.9823030632963382,1.387374455751182,0.0,2.0303527924284652,3.4381920432159743,60.60718351627693,31.73107022897173,21.09718320223385,20.748990328582643
198,-1403.0690901473374,0.34652956617065284,0.2028909349800413,0.15988205619247536,0.2906974426568305,4.614111275216007,0.15974867648205007,1.0772428944130412,0.14388695257937137,0.18464256300396192,0.040755610424590576,0.040755610424590576,2.9690110407352046,0,1.91858713796046,1.7506866871827327,3.527705253114391,0,1.8964664858241025,1.962030360785702,1.5694021121373258,0,6.680718450654718,7.40848505017766,2.40722374101877,0.0,1.9108755212747734,1.0733782745488347,2.40722374101877,0.0,2.1793585063528536,3.6238272354160657,67.38548541705137,33.74646232214756,20.974056726761418,20.800866938237167
198,-1399.3303444392961,0.3074621850099045,0.20671900247742422,0.18961273099095316,0.2962060815217181,4.018079460404322,0.18842459234893083,1.0791428218671792,0.12145854049636783,0.16135251308664295,0.03989397259027515,0.03989397259027515,2.5062157566119714,0,1.8780251822131295,1.713674411572236,2.977823379144053,0,1.8563721955245926,1.9205499468422886,1.8074473123858577,0,6.661927466908685,7.367669603699251,1.8075753936990195,0.0,1.8700293146031963,1.0209728764261867,1.8075753936990198,0.0,2.100574528272557,3.5213806942656767,63.422543854866596,32.48368367870441,21.030101816810856,20.758455990647768
198,-1393.6906064039285,0.30356801346552914,0.20193322063544514,0.20622575814639316,0.28827300775263254,4.515775605069594,0.16515573820633303,1.09315406315048,0.15736580564038166,0.20303058588162226,0.0456647802412406,0.0456647802412406,3.2471381595405857,0,2.149688327960194,1.9615636229859787,3.8581689949401388,0,2.1249031583092886,2.1983644538387783,1.4272713714264416,0,5.935115506265522,6.578229783808599,2.737135153446009,0.0,2.0228705383552787,1.1496815570039847,2.73713515344601,0.0,2.326533527265465,3.8081184419576903,68.77772967909256,34.21341524950445,20.916656039016363,20.792384489125947
198,-1392.889016394222,0.3016195187202913,0.20118371849865307,0.2127127111800323,0.28448405160102336,4.608506379672095,0.1629084256737681,1.1210824369737433,0.17262673812959486,0.22338813623625178,0.05076139810665691,0.05076139810665691,3.562037295564713,0,2.3896137120193988,2.1804925251343423,4.232324335257909,0,2.3620622849207877,2.4437225501865667,1.3040053215074523,0,5.349425146712718,5.930356466683787,3.224359323432278,0.0,2.1291421432310185,1.2477168143534256,3.2243593234322785,0.0,2.475585385690338,3.9976470143757257,71.152293558944,35.14170619446889,20.976264613768777,20.893545023014653
198,-1392.702865461229,0.3011582232814522,0.20103789385631787,0.21385456341657033,0.2839493194456596,4.606043786147798,0.16415064289359052,1.146216064422522,0.17156579365405605,0.22414911500939885,0.0525833213553428,0.0525833213553428,3.5401454158284724,0,2.4753814989538525,2.2587545544185015,4.206312946924721,0,2.4468411986673915,2.5314324063683844,1.3104486380368814,0,5.158620892556677,5.718147982828198,3.2452163570379366,0.0,2.168140895268158,1.2817694436889342,3.2452163570379358,0.0,2.518115325769755,4.056502915204197,71.05120823080449,35.1611903121664,21.040982311829858,20.95511197313632
198,-1392.3357246113728,0.30169752336143485,0.2005980398152681,0.21443798678824855,0.2832664500350485,4.700384866798292,0.16387119209278947,1.246140355753925,0.1640203411310323,0.2206944204543797,0.0566740793233474,0.0566740793233474,3.384450049107553,0,2.6679556142758347,2.434476018051672,4.021319575215685,0,2.6371950004413365,2.728367043053603,1.3711143627027915,0,4.787407352417006,5.306813521673235,3.229480942574487,0.0,2.2871711787341447,1.382213996337066,3.229480942574486,0.0,2.6360826402127913,4.230164954518209,70.37914797056119,35.04516235101648,21.227114832796254,21.139312059841387
198,-1392.118497764623,0.3022072466415036,0.20029039538684112,0.21386092120344607,0.2836414367682092,4.848753132854582,0.16037112602013898,1.3516594948249647,0.1619427557844192,0.21878928635342515,0.056846530569005946,0.056846530569005946,3.3415804648847485,0,2.67607382765551,2.4418837858857745,3.9703829988989567,0,2.6452196136031287,2.736669079907239,1.3935554392869445,0,4.787137471602693,5.308306200242164,3.392657208440881,0.0,2.3800019857549906,1.4549897097460214,3.3926572084408795,0.0,2.7452051656653245,4.402888125476825,70.78109797252743,34.954347059686036,21.1488622527036,21.10528541292657
198,-1391.6565672162744,0.303496282236678,0.20178538151718306,0.21315690749278524,0.28156142875335366,5.202516643255127,0.15328442276706677,1.8113837203390084,0.1623494644495027,0.2171030430714358,0.054753578621933065,0.054753578621933065,3.3499726261985376,0,2.5775472531743557,2.351979523074319,3.9803543567502593,0,2.547829016757372,2.6359115346014064,1.3999657435692885,0,5.000360130526157,5.54857006573902,4.34140409400045,0.0,2.7078701347123095,1.71822772196303,4.341404094000449,0.0,3.1798981923340914,5.077270053081422,73.52631219066096,34.541103737968896,20.60449392583933,20.709722282294575
198,-1392.2053463732607,0.30325873674738774,0.18603612960004146,0.21205561966344216,0.29864951398912865,5.289337221624781,0.15125105099485667,2.3151225658378456,0.16792591535971374,0.2196073510928748,0.051681435733161085,0.051681435733161085,3.4650389614272408,0,2.432924862024541,2.2200134060056596,4.117073321305676,0,2.404874072210558,2.4880144093308783,1.3562478169338905,0,5.306863648822424,5.889852679909993,5.541779720745896,0.0,2.9556853070619917,1.9342216560470935,5.541779720745895,0.0,3.5671412453715208,5.642536753598144,77.05936195886132,34.27286607707406,19.948104660790023,20.374078465054424
198,-1391.5869343715535,0.3034369389116627,0.1977316486970465,0.21288155779915838,0.2859498545921324,5.224065251734384,0.1527740507014778,1.9258577846859612,0.1637561681996714,0.21772579424238894,0.05396962604271756,0.05396962604271756,3.3789990173370295,0,2.5406423627903245,2.3183042737155937,4.014842794513985,0,2.511349627110922,2.5981709941994153,1.3886520649824379,0,5.075217904185638,5.631916647875306,4.619116368907175,0.0,2.7709512670724177,1.772118747387431,4.619116368907174,0.0,3.277072587935928,5.22143152381987,74.38002746119052,34.46885488495852,20.431103185551677,20.621561584190644
198,-1391.4452269519093,0.30356819664690715,0.1991758678820213,0.21257743009170815,0.2846785053793634,5.2100693140239365,0.15276391507259307,2.0651471256414635,0.16715762562746014,0.21864110812936235,0.05148348250190222,0.05148348250190222,3.449185816603104,0,2.4236061321747284,2.2115101819577476,4.098237007965244,0,2.3956627841220715,2.4784846723032814,1.3604085252920597,0,5.3203470950340055,5.903939838000481,5.038647946154674,0.0,2.819607018645006,1.8081022439065146,5.038647946154672,0.0,3.3766169400839527,5.38006138201682,75.6894588587569,34.28918227225796,20.113042854686178,20.336770233981802
198,-1391.366732991206,0.30318903732551705,0.2002794909069371,0.21271007403025677,0.2838213977372891,5.042932581403929,0.15544895263018085,2.1279491218054694,0.17142162028082567,0.2211563354795435,0.04973471519871783,0.04973471519871783,3.53717049468915,0,2.3412821914897184,2.1363906191596373,4.202778219439104,0,2.314288010257977,2.394296642555925,1.3229969658444403,0,5.494750366983306,6.0958714950933635,5.349298204943218,0.0,2.829083239829113,1.8158926566904698,5.349298204943219,0.0,3.4305441263695915,5.459283933271495,76.66978630689633,34.166059564414375,19.877666045629887,20.110323696983404
198,-1391.3619361026877,0.30422555847187865,0.19953844117119812,0.21374226609760355,0.2824937342593197,4.940060154507161,0.15596301470962903,2.164902626755688,0.1715435666401101,0.22116782236813776,0.04962425572802764,0.04962425572802764,3.5396867762602207,0,2.33608226643586,2.131645752801461,4.20576800276924,0,2.3091480385578005,2.3889789738258376,1.3213752167448802,0,5.5045567092498215,6.106444316543953,5.421111560858915,0.0,2.845730303210079,1.8306154730206414,5.421111560858915,0.0,3.4606650002105206,5.501207665376757,76.78752841568681,34.07308866273476,19.837862883540843,20.070100863995528
198,-1391.3559621513125,0.3027831694885542,0.2003997510549077,0.21331756213067884,0.2834995173258592,4.9183141010416875,0.15608482774344287,2.1590819914526467,0.1725178585532214,0.2223348588013509,0.04981700024812949,0.04981700024812949,3.559790638320478,0,2.3451557940637677,2.139925232898909,4.229654912863146,0,2.3181169515219615,2.398257956434002,1.3137523520256966,0,5.482687315096887,6.082111390433499,5.453547767187075,0.0,2.8457353554626983,1.834611605109681,5.453547767187076,0.0,3.4635893105281896,5.500310465148212,76.91630493334196,34.128852820455826,19.846040178224932,20.07903905733623
198,-1391.3551245339884,0.30290883845078515,0.20032346634372683,0.2132087780748185,0.28355891713066955,4.915340441146143,0.15589469966809535,2.1479299489813926,0.1722126418262666,0.22213826036903705,0.04992561854277043,0.04992561854277043,3.5534926952762955,0,2.3502690449971797,2.1445910102098447,4.222171853199186,0,2.323171248424594,2.4034869884519767,1.3163315934692303,0,5.471650039025998,6.069979963120089,5.417970646252577,0.0,2.8409439133918077,1.8307486498911347,5.417970646252579,0.0,3.454897715700642,5.487591845233194,76.81108105424693,34.13693555004605,19.86464598361446,20.09556794125633
198,-1391.353973981883,0.30286441597094776,0.20028459467424864,0.21322376443740948,0.2836272249173941,4.883966616435731,0.1551837454285132,2.150266245160628,0.17156506862298354,0.22157047494626197,0.05000540632327843,0.05000540632327843,3.540130455297162,0,2.354025087609578,2.1480183519593607,4.206295171192611,0,2.3268839851529934,2.407328080418101,1.322242483281175,0,5.466248094744846,6.064408150237061,5.391868942273321,0.0,2.841175770375407,1.8320707653659767,5.391868942273323,0.0,3.4535609127263758,5.485570506438121,76.69435132555236,34.11532712277977,19.87771297774561,20.10803702453469
198,-1391.3578141893684,0.30397213917627885,0.2003991827907114,0.2119039680818563,0.28372470995115345,4.881010752266865,0.15343470923446217,2.156040318235637,0.1726045021630587,0.22271403414641122,0.0501095319833525,0.0501095319833525,3.561578471265749,0,2.3589268459213417,2.1524911449070476,4.231779171609978,0,2.3317292278714206,2.412340830914875,1.3165900001374098,0,5.46307827591563,6.061928614847469,5.457823778571749,0.0,2.8468866681425107,1.8400786547369812,5.457823778571747,0.0,3.463156842896132,5.496826007957319,76.94514059458011,34.20664809874176,19.881436724038313,20.117733476059655
198,-1391.353627194467,0.30311166811807305,0.20031020867588065,0.21292910123801442,0.28364902196803193,4.883305753868954,0.15479107125046662,2.1515555470063474,0.17179691537190714,0.22182557751073181,0.05002866213882464,0.05002866213882464,3.5449144579115273,0,2.3551198646997724,2.1490173223158875,4.211979404400928,0,2.327966139838555,2.408447646919281,1.3209784384911594,0,5.465546406448525,6.063862330506505,5.406532990089988,0.0,2.8424491159616707,1.8338554243567309,5.406532990089988,0.0,3.4557021671603625,5.488083571233631,76.75015333925171,34.13560639171735,19.878529977968945,20.110190457257765
198,-1391.3533560224112,0.30300898086474176,0.20033712027356268,0.21299788452579965,0.2836560143358959,4.88437177909728,0.15449295900861415,2.1517547545516837,0.17191159287018812,0.22191846562895215,0.050006872758764025,0.050006872758764025,3.54728075139691,0,2.3540941206637265,2.148081343754981,4.214790975609073,0,2.326952222279688,2.4073986766112365,1.3204923202297376,0,5.469325698044047,6.068232208182072,5.413208041663795,0.0,2.842405669902736,1.8339095828753986,5.413208041663795,0.0,3.4558865544713555,5.488367507266973,76.778370191124,34.145383525892306,19.87682115850103,20.109401007949415
198,-1391.3532113704214,0.30292604559737,0.20034312787922728,0.21309329941202385,0.28363752711137885,4.880123929997408,0.15417387441529268,2.154034931741163,0.172133755507796,0.22205689952761912,0.049923144019823104,0.049923144019823104,3.5518649288506148,0,2.3501525558107863,2.1444847152890745,4.220237781519447,0,2.323056102318595,2.403367861561212,1.319210620102193,0,5.4799980330447,6.08026298290193,5.429075740881969,0.0,2.8424957054035414,1.8340159172526551,5.42907574088197,0.0,3.4574766770527474,5.4908517646440735,76.83532474857458,34.151631159778695,19.867767391949965,20.101980941847202
198,-1391.3532092420276,0.30293733184240673,0.20031716128204557,0.2131128915837193,0.28363261529182837,4.88235244427448,0.1541499463475599,2.15336267459751,0.17213629501231428,0.22207707483232475,0.049940779820010474,0.049940779820010474,3.5519173298280324,0,2.3509827683644597,2.145242273826027,4.2203000430606705,0,2.3238767428060667,2.40421687290085,1.3192228575312712,0,5.478175293998003,6.078254817850879,5.428021754941368,0.0,2.8425320662826934,1.8340305424585244,5.428021754941364,0.0,3.4572108032650952,5.490392480536245,76.8339320490418,34.15502633370593,19.869606805458783,20.103883627248546
