-5.985081027789658226e-01
-5.986929053581536708e-01
-6.300117134644382944e-01
6.940494930230645121e-01
-2.267001367946777535e+00
-2.231435513142097093e-01
3.364722366212128946e-01
-1.316370126842595134e+00
-5.686289907391767207e-01
-1.015678114498328677e+00
-1.539446148024885108e+00
-2.860703237161012158e+00
-3.125583834475831324e+00
-5.551597469069665669e-01
-6.480886843463588010e-01
-1.259027610892856197e+00
-1.174941974804135869e+00
-3.263053830483721995e+00
-1.381262853698101312e+00
-1.461624520168649299e+00
-1.132741370407619907e+00
-1.106407668264886457e+00
-9.442338711062272516e-01
