-7.343111875863667093e-01
-8.492659852434487622e-01
-5.531570220467612042e-01
6.050665418278469154e-01
-2.159064953956196575e+00
3.364722366212128390e-01
-1.460500551554049009e+00
-7.456656418103864425e-02
-7.167168261234105886e-01
-1.432553100434385662e+00
-2.869401126196855500e+00
-3.253815589977908207e+00
-9.369474424981496519e-01
-4.985770025688498475e-01
-1.086453914347053518e+00
-9.960317647155071397e-01
-9.262129844743723917e-01
-1.251011026545030713e+00
-9.986268364664119268e-01
-1.741617704760310303e+00
