-6.593044692771405924e-01
-8.077622312171123253e-01
-5.949264112608071420e-01
7.410703517795842465e-01
-3.524222384306141986e+00
-3.649124900721397058e+00
-1.645456598338660870e+00
-9.260239301537196432e-01
-5.975617820772362032e-01
-8.306940140443763720e-01
-1.868263933614920047e+00
-2.162800739898169233e+00
-4.135772258044973171e+00
-6.577446654239367252e-01
1.570565661485556985e+00
-1.350578898042223086e+00
-1.623913876768133147e+00
-4.544664628618351188e+00
-1.655086852674627629e+00
-2.075912505550461695e+00
-2.186439284646168435e+00
-1.876825026102843408e+00
-1.250538390696371627e+00
