-6.680835574766995633e-01
-7.801478436456498189e-01
-5.209699043561017984e-01
4.587320831050482606e-01
-3.019302744488321366e+00
-5.354477336678759025e-01
3.364722366212128390e-01
-1.611971210835421164e+00
-1.040000184248463189e+00
-1.053836296454135235e+00
-1.587742473845764835e+00
-3.668607251856412343e+00
-2.995663860526104116e+00
-7.603400112412200818e-01
-3.620748275950647077e-01
-9.090464831283540104e-01
-1.521760057882262318e+00
-3.222683938942551674e+00
-1.765375618189416906e+00
-1.266957769056175964e+00
-1.143504155252189403e+00
