-6.412684146580761579e-01
-8.182509613592588993e-01
-6.008021687702920222e-01
5.670333880502310686e-01
-2.258661977879754978e+00
-1.568665118301704187e+00
-4.117024044740367761e-01
-9.116505747791713299e-01
-7.552993704739481284e-01
-1.135180096295473229e+00
-3.264490115219699451e+00
-3.620990079158651564e+00
-8.002944208272813054e-01
-5.741977977089303131e-01
-1.680564508457984330e+00
-1.476928585258323379e+00
-3.763294361134918997e+00
-1.436288499987565803e+00
-2.314496500097543041e+00
-1.368039904332880141e+00
-1.213230489489157682e+00
-9.896789011170683548e-01
