-6.144655602709878650e-01
-7.022150766210539796e-01
-6.125409342251478817e-01
6.113304362224198929e-01
-2.092227645015061643e+00
1.832092239195023398e+00
-4.042576279650225146e+00
-8.762832046835753452e-01
-6.489792294858239829e-01
-4.720423225299797965e-01
-1.032581374135761898e+00
-3.531909563347413794e+00
-2.998149505913266566e+00
-5.361059911141037304e-01
-5.062151885300720799e-01
-1.176780626205038427e+00
-1.304995025437825529e+00
-2.557828875557733195e+00
-1.642036448197176757e+00
-1.901463905654828590e+00
-8.574738172491598309e-01
-1.059303067178271940e+00
-8.328485508427753148e-01
