-6.144610661849130295e-01
-7.022337345792022401e-01
-6.125292426006380131e-01
6.112334092927469431e-01
-2.092151767011569241e+00
1.824431292478813749e+00
-4.035657350596244086e+00
-8.780498050485237016e-01
-6.477447231986572795e-01
-4.720185346852473485e-01
-1.032288879637585088e+00
-3.532115472567945336e+00
-3.005407710851982994e+00
-5.361040955656233287e-01
-5.061587249748071837e-01
-1.176243865814239342e+00
-1.304447010594631973e+00
-2.559386128591355281e+00
-1.642397311968080142e+00
-1.901818062098021400e+00
-8.572581392004594569e-01
-1.059118878565621591e+00
-8.325837913826923398e-01
