-6.520564160586116431e-01
-7.768881091126814686e-01
-5.295400217843150292e-01
4.111465629182194381e-01
-2.031063442001400876e+00
3.364722366212128946e-01
-1.406101567448888812e+00
-6.474883335766323800e-01
-1.685183069034165371e+00
-1.162887178123773957e+00
-1.303091135634165898e+00
-3.351242491117298439e+00
-5.812284162443274171e-01
-5.626923114240730550e-01
-1.568254357822898681e+00
-1.363945191678880953e+00
-4.336078844116237896e+00
-6.809977533054560883e-01
-1.785336733139725407e+00
-1.197133887118946971e+00
-4.117288715786843745e-01
-5.081552350234231907e-01
