-6.840047183450319590e-01
-7.238470592025254557e-01
-5.296729289307579025e-01
6.189038429175020006e-01
-2.802383646250976579e+00
-1.010755044472702480e+00
-2.214939955540837335e+00
-1.053738265454587042e+00
-7.650539039833150756e-01
-9.347027033458877865e-01
-1.672461466170727329e+00
-3.135486935491153648e+00
-3.946516750686614117e+00
-7.365476967629863703e-01
-8.466078317810020737e-01
-1.443736473321775460e+00
-1.697638168446276685e+00
-1.032009277164193328e+00
-1.602442651494350834e+00
-2.352215610942599344e+00
-8.105918981738189366e-01
