-6.581090198374333067e-01
-8.041884178822440443e-01
-5.963370610649786352e-01
7.216182916493457666e-01
-3.530622574935739166e+00
-2.704360335648159808e+00
-1.585321774421698304e+00
-9.055967843312693333e-01
-6.050521981711076691e-01
-8.421971193393230637e-01
-1.871098166835526655e+00
-2.149228775142389747e+00
-4.176271265228338692e+00
-6.537061504341267204e-01
1.573921059117692645e+00
-1.360309080184608499e+00
-1.623837750449383277e+00
-4.663687003353028437e+00
-1.650150274471243517e+00
-2.078877765010954892e+00
-2.183281990803570771e+00
-1.878540467962398486e+00
-1.250920816220879361e+00
