-6.648349113767126894e-01
-9.531970220263926707e-01
-4.179108877023901547e-01
6.163570027780155280e-01
-3.166934258391573831e+00
3.364722366212128946e-01
-1.304386713247905671e+00
-4.478437452729888690e-01
-1.509082238773332696e+00
1.140292354803954106e-01
-5.277569183972557809e+00
-3.194968229629993495e+00
-1.496138364232749041e+00
-1.538936436239395356e+00
-4.294069564218484736e+00
-1.390071728631951942e+00
-2.342930826967535296e+00
-1.957220211865305926e+00
-9.442523589756945945e-01
-5.592420723520086234e-01
