-6.510723102628853676e-01
-8.224539941444641844e-01
-6.212933776802711527e-01
6.762424784414059475e-01
-2.230197610788696494e+00
-1.053605156578262814e-01
3.364722366212128946e-01
-1.256852072897547412e+00
-5.598513851946400610e-01
-7.440145323869999938e-01
-7.823636357238149541e-01
-2.432255647864863590e+00
-3.472262593326120861e+00
-7.137544756106555255e-01
-6.535066520803056722e-01
-1.040484795628333625e+00
-8.890090923757781871e-01
-2.447854382290189257e+00
-9.868806539198611283e-01
-2.028946525303840343e+00
-1.394993398968112697e+00
-1.210687928750391995e+00
-8.043457641314446516e-01
