-6.633526876687123597e-01
-8.897117303632448015e-01
-4.803291372162887263e-01
4.993350677476146027e-01
-4.865526715604049812e+00
-1.404574887366282532e+01
3.364722366212128946e-01
-2.120639746087026101e+00
-8.184837264430039339e-01
-1.952402364525138045e+00
-1.588106372740658134e+00
-1.009703143599606179e+01
-2.460211628810431872e+00
-3.925468383088113744e-01
-8.711546130574796543e-01
-1.002162947998882059e+00
-1.640608395585713142e+00
-3.404420219551524074e+00
-1.255764173980223886e+00
-1.684579476972321022e+00
-1.162668797782650643e+00
