-6.494719555064689676e-01
-7.708592772453071174e-01
-6.147227824613314962e-01
6.353526160679056067e-01
-2.959599590535540337e+00
-1.545749058663207443e+00
-2.517302079926449832e+00
-7.772587119489593466e-01
-1.496441774471897856e+00
-1.635805927024508222e+00
-3.211306001006865252e+00
-3.381994890859028047e+00
-8.200975318051854090e-01
-5.723941377140223663e-01
-1.670409179668151722e+00
-1.412901510948598505e+00
-1.417406652066699246e+00
-1.653719342927951974e+00
-2.192415563453627314e+00
-1.436639810720695243e+00
