-6.530955241989131466e-01
-7.800168205311559522e-01
-5.121405373973618724e-01
3.447136917967097425e-01
-3.249608969804412162e+00
-1.410491322417893434e+00
-2.585536752501467639e+00
-9.456693925614305662e-01
-1.524759979774197749e+00
-1.626345372916571996e+00
-7.111694156022239532e+00
-2.341709406310497510e+00
-1.334414166344987773e+00
-6.193341365396536347e-01
-2.062226331544042779e+00
-1.715916171510427857e+00
-1.025664876015981264e+01
-1.697422303019344048e+00
-2.067523164024621884e+00
-2.549899386182078675e+00
-8.341993652984529550e-01
7.087757070953339955e-01
