-7.196295050919407910e-01
-8.433858048757576498e-01
-4.314464911774784639e-01
7.826668072380827956e-01
-2.478523568642679642e+00
3.364722366212128946e-01
-8.016957569246182524e-01
-5.991582637092770502e-01
-6.553039447401922679e-01
-9.104334271978887783e-01
-2.784111619262542359e+00
-3.129583102089013025e+00
-3.769708638222774022e-01
-5.583797276916530050e-01
-2.068889550971653168e+00
-1.140537802641498955e+00
-2.844325640454846926e+00
-1.333261839799527282e+00
-1.575765836350950133e+00
-1.635043325014111426e+00
-1.290965950990500710e+00
-7.569169065957616072e-01
