-7.110558518796629146e-01
-8.283634992588705392e-01
-5.437789700090085443e-01
4.370392005957709491e-01
-3.134851027651639921e+00
3.364722366212128946e-01
-2.791203375976159418e+00
1.718208588187150956e-02
-1.397424697194918242e+00
-7.019820050512167731e-01
-2.960755515071349375e+00
-4.145871765785820173e+00
-8.412264107246720801e-01
-1.012946396729551113e+00
-1.669095628932312669e+00
-1.697879176912000743e+00
-2.446759650721449741e+00
-1.425042926570945667e+00
-1.696871302578104146e+00
-2.768522868582732777e+00
-1.119335000238346645e+00
-1.400094770174363124e+00
