-6.832107098258145550e-01
-6.916683600783017916e-01
-5.915674233380900926e-01
7.286355452675766786e-01
-2.922053632755003072e+00
-1.035342449601909021e+00
3.364722366212128390e-01
-7.048405183442468802e-01
-5.953800144326484300e-01
-3.501582888544779171e-01
-1.444973320382128668e+00
-3.413758967643468090e+00
-3.407507083301744899e+00
-7.866558072405640534e-01
-1.201781680806043529e+00
-1.038850558321640083e+00
-1.248652236962090045e+00
-2.587570833436259488e+00
-1.862812968505380473e+00
-1.387943922794402818e+00
-1.053427522065173871e+00
