-6.576938065705788539e-01
-8.626330226292070469e-01
-5.169661899549184980e-01
5.483422310851043813e-01
-2.171495138273563885e+00
-1.925055654479260303e+00
-2.112335872141212878e+00
-1.460744231726171849e+00
-4.584502214150293908e-01
-5.358282051341426433e-01
-1.843087175133609756e+00
-3.101169516010796379e+00
-1.263155255035422542e+01
-2.779397442689789943e-01
-6.856848761668205006e-01
-1.013625494079764211e+00
-1.163517222669961937e+00
-2.494705043014271872e+00
-1.216339384639763432e+00
-1.902955073886151816e+00
-1.266741251125586443e+00
-1.096978423330164709e+00
-1.140586803684158212e+00
