-6.765783013774853139e-01
-7.214449048926508956e-01
-6.329187122386923381e-01
7.140921849491126405e-01
-3.832360071294040438e+00
3.364722366212128390e-01
-2.383559527723035920e+00
-2.518547674666856695e-01
-1.369349716893986102e+00
-1.674935433184802536e+00
-3.467490754322414936e+00
-2.806047715373971130e+00
-7.742141354485404525e-01
-1.087623366562904037e+00
-1.599620979635107521e+00
-1.501755658721212638e+00
-6.491356103713358250e-01
-1.286861971687399686e+00
-1.753765979116783447e+00
-2.049970629653329546e+00
