-7.558561791377549355e-01
-8.229128299753778464e-01
-5.426988909997930710e-01
6.331007113428663846e-01
-2.645358259640748777e+00
-1.990751717653450825e+00
-1.751672786144692351e+00
-1.101916000474320922e+00
-1.163386625464581270e+00
-1.285696095729641941e+00
-1.171754092632221633e+00
-3.164485620777373498e+00
-3.197119428531038920e+00
-7.316987901802767258e-01
5.355474067591623477e-01
-1.735895021984050102e+00
-1.336113003965971435e+00
-2.973161047589074624e+00
-1.329331178921652423e+00
-1.776431702641607213e+00
-1.510919179848015492e+00
-1.259309188766468024e+00
-1.182504759412893680e+00
