-6.555856496204724992e-01
-9.164476832505685788e-01
-4.817190645870746968e-01
6.166317621166584884e-01
-2.253635846404659304e+00
-1.483404340220569662e+00
-1.643644660972344074e+00
-3.073644973445133766e-01
-3.945144761731497196e-01
-9.208581420646553273e-01
-1.029136018914851958e+00
-3.112661311082661975e+00
-3.328170544577762957e+00
-6.856926589567738928e-01
-9.496239322107129510e-01
-1.498618918755337148e+00
-1.354030088071477511e+00
-9.839050531130066890e-01
-1.419901151084084434e+00
-1.788966173325801989e+00
-1.566025959887871855e+00
