-6.670965996815111376e-01
-7.750050394043630497e-01
-6.389264855027027012e-01
5.760021434244655403e-01
-2.243784115177997585e+00
-1.739634339754646541e-01
-2.112892362273912639e+00
-1.159510957360402994e+00
-9.309726863043497058e-01
-7.194012681772610218e-01
-1.039857599017775858e+00
-3.190001446269973062e+00
-3.815202302756589336e+00
-9.206206385297701633e-01
-8.307201368716027323e-01
-1.297358747920895672e+00
-1.359153848256938524e+00
-2.542436278096508406e+00
-1.371941663836814929e+00
-2.135872069821000530e+00
-1.636484336049725430e+00
-6.325725269881016244e-01
-8.676030248474023709e-01
