-6.309747078637532036e-01
-5.239095123224754014e-01
-8.304192855794024775e-01
4.376688756109141099e-01
-1.880703309176840143e+00
-2.231435513142097093e-01
3.364722366212128946e-01
-1.690458272812871643e+00
-1.858002325072994065e-01
-6.487915119583348433e-01
-1.225888299244836555e+00
-3.280581291217452122e+00
-2.714486903213505276e+00
-5.833593853244682936e-01
-5.547565974858751359e-01
-1.038967767911557649e+00
-1.087775049344318790e+00
-2.540693578605306868e+00
-1.243515553307678267e+00
-1.694752529029942334e+00
-1.187964784112758521e+00
-7.277079475026009270e-01
-7.556417632957607156e-01
