-5.980497830942191895e-01
-6.702444205751932893e-01
-5.547898995017082058e-01
7.203586983190793935e-01
-2.353402265752833511e+00
6.052829023934748198e-01
-2.701830921097791105e+00
-6.932325857934229507e-01
-1.040414434892154016e+00
-5.028285737171266367e-01
-1.226113820665244880e+00
-2.551507929509847283e+00
-2.706642576888127039e+00
-4.654061955955636765e-01
-8.092823530048467440e-01
-1.693370667374281435e+00
-9.235908506141852214e-01
-1.994513339076509073e+00
-1.333846183419296505e+00
-2.447410040886376148e+00
-1.720837838146517695e+00
-1.178926475771309379e+00
-7.678413121727593049e-01
