-6.519202973130351353e-01
-7.768954492486626062e-01
-5.295503627819828640e-01
4.112549444169574797e-01
-2.031133065187445741e+00
3.364722366212128946e-01
-1.405906855695028046e+00
-6.473025343672830223e-01
-1.683943817157550482e+00
-1.163347835579411127e+00
-1.302912758486006517e+00
-3.352520502701456628e+00
-5.810123939160914963e-01
-5.625643132778730404e-01
-1.567984919208122774e+00
-1.363591006056866783e+00
-4.337228187905780352e+00
-6.811209245768957699e-01
-1.785206263611942124e+00
-1.197359438149580013e+00
-4.115443832598918439e-01
-5.078762607536114748e-01
