-6.380026380025086707e-01
-8.179260694315230174e-01
-5.218258519348442093e-01
4.863810605979705382e-01
-1.788537991688726292e+00
-2.811175258464430282e+00
-2.208084068384962517e+00
-4.126263973024302811e-01
6.191147782649367853e-02
-6.700825139681203524e-01
-7.432475094416762795e-01
-2.851545527318983364e+00
-3.715020343702508665e+00
-8.983447318058050968e-01
-8.320425941818259119e-01
-1.410436538901725489e+00
-1.257872155557881788e+00
-2.074534345734361906e+00
-1.080256971954981271e+00
-1.886255014961598642e+00
-9.491115083115416740e-01
-1.432606301719591579e+00
-6.495379177425653072e-01
