-6.978086207785335615e-01
-7.938655177267818219e-01
-5.212218333092241140e-01
6.122082307767904297e-01
-3.279749587101707053e+00
-2.231435513142097093e-01
-2.005033173858129292e+00
-1.623627512532367811e+00
-5.218177732494405641e-01
-1.052258433248411951e+00
-1.110625611769684218e+00
-2.954462577642311238e+00
-5.946159038455901324e+00
-7.577218799820559791e-01
-1.181532295353273865e+00
-1.979633036325832540e+00
-1.634437046267983584e+00
-4.125663212669298474e+00
-2.111987720445245742e+00
-2.427079134465921495e+00
-1.918111645111621355e+00
-1.693318133435665285e+00
-1.235605541762971216e+00
