-6.574445303051194012e-01
-9.267849856023282484e-01
-4.080189095899600105e-01
7.118318935275027570e-01
-2.640142493750061714e+00
-1.718557669325651238e+00
-1.733026670948098591e+00
-5.215335503803061323e-01
-1.462966073021749747e+00
-3.000924304557610056e-01
-1.434430025372011031e+00
-4.400682801507371344e+00
-4.462725592658875584e+00
-6.260624566263834900e-01
-1.238770133048177069e+00
-8.465250764407895590e-01
-1.315569800302609282e+00
-3.238061350565175189e+00
-1.341890501555762283e+00
-1.234610590541874275e+00
-5.616054764802672628e-01
