-6.997527041625319910e-01
-7.974973798696346483e-01
-5.135584947463511796e-01
6.230000606863093093e-01
-3.302648392708172675e+00
-2.231435513142096816e-01
3.364722366212128390e-01
-1.885114802693569569e+00
-4.587411125507655507e-01
-1.047830913120857632e+00
-1.132781594000233039e+00
-3.055087559461103552e+00
-4.712037904641088737e+00
-7.134476582632578445e-01
-1.129074040370702248e+00
-1.946895111161566883e+00
-1.567312985170563833e+00
-4.096465382184543813e+00
-2.033649091519902807e+00
-2.371673366473774802e+00
-1.871419118411949745e+00
-1.628931336096163696e+00
-1.189967874257339631e+00
