-5.829699584084444552e-01
-8.684849312157445489e-01
-5.414369819730089350e-01
5.209410847362018204e-01
-1.888814023273012621e+00
-5.682323902052194287e-01
3.364722366212128946e-01
-1.984533882190115728e+00
-8.120030395485976493e-01
-1.178801856733098896e+00
-1.156010180394651643e+00
-3.169604762732850745e+00
-2.718013845318511201e+00
-5.517327150434098160e-01
-3.066437461641706164e-01
-1.325626207343536311e+00
-1.058717527838278993e+00
-2.456876531441693601e+00
-1.060953591503428273e+00
-1.424457753813068273e+00
-1.581002787848671431e+00
-1.063787937681407891e+00
-9.381226538203756293e-01
