-7.431106527625258584e-01
-7.664273154140098798e-01
-3.733118702057550697e-01
7.358735432592581338e-01
-2.583335816114442629e+00
-1.877181585161757038e+00
-1.883321869881723121e+00
-8.808772881514647102e-01
-1.576767400159760246e+00
-6.869503509146746012e-01
-1.456245290630144185e+00
-3.641429970980443187e+00
-2.748810570930023012e+00
-4.468558511204094308e-01
-6.511672285614565903e-01
-1.492752548525326128e+00
-1.198951604270905857e+00
-2.558497765140619773e+00
-1.126270736872010403e+00
-1.841281571681566698e+00
-1.810770896784056339e+00
-1.099578837780803786e+00
-7.992225185181411895e-01
