-7.431127742102113798e-01
-7.663942456600095765e-01
-3.732945752512564219e-01
7.359350083736477810e-01
-2.583353300481840531e+00
-1.877714583350072353e+00
-1.884217660768835234e+00
-8.816847751845189318e-01
-1.575864188113458297e+00
-6.869158200649785329e-01
-1.457457086738965790e+00
-3.643754836849313783e+00
-2.751197293806677546e+00
-4.466661177122510096e-01
-6.509526579642520572e-01
-1.492528015437008415e+00
-1.198463612312473670e+00
-2.555504969375872459e+00
-1.125876200232848845e+00
-1.840585637987852463e+00
-1.810737112137103200e+00
-1.099660474009451550e+00
-7.993421062462807702e-01
