-6.839127427291700201e-01
-8.221013646736214930e-01
-5.099677794731487523e-01
4.284685496456278053e-01
-2.664294685600485657e+00
3.364722366212128946e-01
-2.978938622894752530e+00
-5.439965604767642571e-01
2.768350733830518551e-02
-2.875494115396218131e+00
-4.021249476071951712e+00
-2.914422452349148429e+00
-1.098693814090486942e+00
-2.381175994956235831e-01
-1.705247223644978716e+00
-1.452378115623523147e+00
-3.089423009610506199e+00
-1.452716264778831423e+00
-4.844221823225075774e+00
-7.811035226495436357e-01
-1.362269393790326744e+00
-1.651731942368814154e+00
