-7.051480549761488525e-01
-1.058704101362351713e+00
-3.761792074003371678e-01
5.880939241394043115e-01
-3.267815784074703522e+00
-2.231435513142097093e-01
3.364722366212128946e-01
-1.554940401127263172e+00
-6.725209970455284791e-01
-7.122472107086743609e-01
-1.976198962606548815e+00
-4.447389925522189813e+00
-3.954576335390390884e+00
-8.262143745594475730e-01
-3.391759539449737959e-01
-1.804443848153058028e+00
-1.402484097785478001e+00
-3.535360722252655297e+00
-1.694450389748720864e+00
-2.219799271720698020e+00
-2.533801763518803263e+00
-1.643846951696268821e+00
-1.284991064554957374e+00
