-6.008644617870197990e-01
-7.102342062442097426e-01
-6.004877513477792084e-01
5.846906089183079303e-01
-2.172211177396725201e+00
-2.231435513142097093e-01
3.364722366212128946e-01
-5.702759281443627870e+00
-2.179317970509997149e-01
-3.961534185287498011e-01
-9.295268760163851729e-01
-2.741028952414678699e+00
-2.752106565351331913e+00
-3.802744788497891548e-01
-7.711082625721307204e-01
-1.430553400047735346e+00
-1.014443906709414644e+00
-2.757722738194550605e+00
-1.249284444021508289e+00
-1.924072338252809322e+00
-1.669705811840930920e+00
-9.276701555688036116e-01
-7.410638802802990144e-01
