-6.443462611978431065e-01
-8.233265994023337697e-01
-5.961438406898402764e-01
5.761439847334233200e-01
-2.339304164752931570e+00
-2.345584755467533089e+00
-1.952478932119799726e+00
-1.846016367167583883e-01
-1.195477796970245921e+00
-7.394999111944599024e-01
-1.110002799539580698e+00
-3.258275879475311942e+00
-3.617345484682865653e+00
-7.801068882898779533e-01
-6.060193194626665170e-01
-1.666412264692159084e+00
-1.468423293354756076e+00
-3.785605680930616668e+00
-1.439509517562007401e+00
-2.305708486678613500e+00
-1.365552074845887587e+00
-1.183642772262974097e+00
-9.826725625741998815e-01
