-6.742092360513055604e-01
-8.523775938885396197e-01
-3.928123335119783066e-01
3.840123650590880344e-01
-2.133527938059411433e+00
3.364722366212128946e-01
-1.355314165115094838e+00
-9.128807695217924234e-01
-6.368613615650317028e-01
-1.181198847120205953e+00
-3.641493835019625092e+00
-2.134458377009464947e+00
-2.661922210682673429e-01
-2.159836555618055709e-01
-1.197635464209939160e+00
-1.147768343921875545e+00
-2.436085492330791524e+00
-1.050881702806798934e+00
-2.407891248035217924e+00
-2.287987164019475994e+00
-1.451924273503847340e+00
-1.073999673423892798e+00
