-6.599843372378104700e-01
-8.157313452782066765e-01
-5.861668948840459414e-01
6.930761608351488912e-01
-3.544839528433961995e+00
-2.404469962896299329e+00
3.364722366212128946e-01
-1.269792357861516674e+00
-4.601350441095808930e-01
-8.443329139540053374e-01
-1.869705657869120019e+00
-1.921673317394440028e+00
-7.349779056077973216e+00
-6.486375465284798247e-01
1.579405902572662557e+00
-1.292617428274623448e+00
-1.515668973202416669e+00
-5.009342307015014484e+00
-1.551827001095015479e+00
-1.968982761661449921e+00
-2.096084427389688809e+00
-1.787774585175581077e+00
-1.171123999331572518e+00
