-6.814836389621979906e-01
-7.856799906632941921e-01
-5.371679730115531681e-01
6.139249112141281772e-01
-2.869272048432419453e+00
3.364722366212128946e-01
-2.436651732886466082e+00
-4.799791221610961722e-01
-1.055909546091033047e+00
-1.868217617253517870e+00
-3.299297739620976611e+00
-3.787496560634138643e+00
-7.766519008996894957e-01
-9.449738451427764918e-01
-1.480161405841979416e+00
-1.408475853862513505e+00
-2.628115077200407157e+00
-1.642743377613010924e+00
-2.259697395047802981e+00
-1.599264093295182265e+00
-1.037962020619811021e+00
-1.223935142353457461e+00
