-6.813511509171866765e-01
-7.855756377937781476e-01
-5.371897938101195535e-01
6.139691563707340149e-01
-2.869075296684044929e+00
3.364722366212128946e-01
-2.436218824563713081e+00
-4.801032584441616291e-01
-1.056053775334166556e+00
-1.868137260266736543e+00
-3.300163147181048640e+00
-3.792520290319831844e+00
-7.766839073049667252e-01
-9.449486927918521184e-01
-1.480194889299963013e+00
-1.408422487053755612e+00
-2.626907596516494081e+00
-1.642616139239553741e+00
-2.259919670183341278e+00
-1.599227499978259859e+00
-1.038223552213043854e+00
-1.224256133659971768e+00
