-6.731608595686112695e-01
-7.560947230082742943e-01
-6.530621403066587671e-01
3.531297264531488289e-01
-3.959517277443785233e+00
-5.978108137168323122e-01
-3.412638733104694233e-01
3.331054492762547947e-01
-8.520828644742088898e+00
-2.229369864602207318e+00
-1.683388361926335230e+00
-3.711329794119729630e+00
-6.096267876692103016e+00
-6.546739284725401342e-01
-7.973106586970200027e-01
-1.411985782505743803e+00
-1.780489779646772908e+00
-3.053923604081652865e+00
-1.336885125776897443e+00
-2.146726865525518946e+00
-2.493432537455413822e+00
-1.231044206629768212e+00
-1.192125696892254894e+00
