-7.436894349328041498e-01
-7.474085399644792016e-01
-5.908620851075955249e-01
6.632187620929890226e-01
-2.872273458405153690e+00
-3.827470633129441135e-01
3.364722366212128390e-01
-2.153568276909595625e+00
-3.400981892168182807e-01
-9.782469509467741631e-01
-4.189186583625676974e-01
-3.369389172644566166e+00
-3.125388140356227140e+00
-1.546348666170821229e+00
-1.306794557003846391e+00
-2.856503281791987092e+00
-1.307604989544969509e+00
-1.897850484318983844e+00
-1.670505047931348352e+00
-1.031785748871539843e+00
-9.728600187213642947e-01
