-7.140852116269067462e-01
-7.119582322789951290e-01
-5.596435640555212920e-01
6.628698134752363247e-01
-2.460450183756008879e+00
3.364722366212128946e-01
-1.988696946708322422e+00
-5.719143516383219383e-01
-9.738279548341933767e-01
-1.999429686624816238e+00
-3.171836784962290601e+00
-4.340016977510652296e+00
-6.528890386932799661e-01
-8.883399960985655097e-02
-1.075383544093525545e+00
-1.411998258632527259e+00
-2.444085518869508089e+00
-6.748431719426550845e-01
-1.785775016192511222e+00
-1.744320349464072217e+00
-1.208003388997904493e+00
-1.261320875015601528e+00
