-7.057630756724686538e-01
-1.035090000709791624e+00
-3.751466333727935254e-01
6.271819455134667320e-01
-3.217210596447176663e+00
-1.124586256522427608e+00
-8.975438287326501507e-01
-1.089708869037493422e+00
-6.665431929546213885e-01
-2.201209340442444429e+00
-4.674872607648928202e+00
-4.347103683394566431e+00
-9.790864787683282167e-01
-4.549544134256154337e-01
-1.896993787938591858e+00
-1.488662019765568001e+00
-1.686548552790426925e+00
-1.755126937027676304e+00
-2.320211875224265530e+00
-2.678206668636907484e+00
