-6.473182196717013337e-01
-8.083857724027627700e-01
-6.224024429651944246e-01
6.977454593286501749e-01
-2.214046460681725836e+00
-1.197523053533767756e+00
-6.453358943430363981e-01
-1.043719830172685104e+00
-7.522634821944845784e-01
-7.657593991078724960e-01
-2.432789086622011876e+00
-1.262027026977647814e+01
-8.552810999002812276e-01
-6.996594480191402621e-01
-1.106468505901115673e+00
-9.546054334398270669e-01
-2.591525781061966072e+00
-1.070804848487356020e+00
-2.165081713649334105e+00
-1.460300341892375231e+00
-1.326268392311100053e+00
-8.994765088961966804e-01
