-6.471843095056371009e-01
-8.088415629124507955e-01
-6.223913333048933794e-01
6.974962648058933290e-01
-2.214047267382497353e+00
-1.196158792776851110e+00
-6.440644839345226469e-01
-1.046798932623022926e+00
-7.523704689437267223e-01
-7.659063206875993401e-01
-2.434904692748558919e+00
-1.068753682516264369e+01
-8.550605322030999655e-01
-7.000538764507668876e-01
-1.106794838546414805e+00
-9.548446339819405271e-01
-2.595857645363821131e+00
-1.070798249404782965e+00
-2.166522640492959173e+00
-1.460434381114929625e+00
-1.326289907069317708e+00
-8.998442419792528346e-01
