-6.912116531122274310e-01
-8.954302771699380603e-01
-5.223258590329269424e-01
6.676383770228001557e-01
-2.930847871052713938e+00
3.909493290628368034e-01
-1.421472632711278772e+00
-1.765430680566744348e+00
-3.104547868767291718e-01
-1.054409990238065697e+00
-1.391262890364063809e+00
-2.982842435534636127e+00
-2.903341491800267349e+00
-9.237252885911899636e-01
-8.952815167178104216e-01
-1.534516705671353787e+00
-1.697429310474777520e+00
-3.035141000502512121e+00
-1.821999257779284953e+00
-2.434967092721959325e+00
-1.942316866708544865e+00
-1.280775108401485562e+00
-1.339007574008725721e+00
