-5.802551168823915084e-01
-8.647270030713399835e-01
-5.426992392271665633e-01
5.230768727321386535e-01
-1.847104756128728820e+00
-1.053605156578262814e-01
3.364722366212128390e-01
-2.228384387370862196e+00
-7.597517253487514610e-01
-1.186464271160169615e+00
-1.201024227225247154e+00
-3.260079437093997612e+00
-2.658311422682567038e+00
-5.272952869139851950e-01
-3.044378180776766141e-01
-1.333939563941175299e+00
-1.038545650809996834e+00
-2.423605559411595944e+00
-1.063371721430218741e+00
-1.419458691138615114e+00
-1.554158160851896842e+00
-1.050356187687657927e+00
-9.286106774774651740e-01
