-6.688717759325578660e-01
-8.158296810324198178e-01
-5.782490116930534274e-01
4.521952143973618776e-01
-2.029695141418616622e+00
-1.378171265113665944e+00
-1.097203509652693088e+00
-7.555654514018600443e-02
-5.474061596617780800e-01
-2.109724478518749446e+00
-2.854722079255188838e+00
-3.156995053255625461e+00
-6.793639778110908134e-01
-3.348591485805736956e-01
-1.251783419525563046e+00
-1.104518562816241722e+00
-2.927836348511256848e+00
-1.151659790081778434e+00
-1.836033843261653642e+00
-1.950248674305513408e+00
-9.765464741449871866e-01
-1.149262670353528915e+00
