-6.802454301529902159e-01
-7.977549088176536518e-01
-5.161940697433921033e-01
4.194057973171689269e-01
-2.646773205961615361e+00
-1.408603115488456181e+00
-2.400453712829571540e+00
-6.643074096617975766e-01
2.772346407831728643e-02
-2.923918380912748027e+00
-4.098863413895743157e+00
-2.965822305774734158e+00
-1.055087653508289591e+00
-2.566167309321752965e-01
-1.822089413203283659e+00
-1.545228830963436994e+00
-3.231303116491590188e+00
-1.543858912222449087e+00
-5.981308750521857398e+00
-8.249059628099734143e-01
-1.505019592744505808e+00
-1.693689305286298241e+00
