-7.140484992374104278e-01
-8.767070613574445836e-01
-5.161474152356348988e-01
6.268068828137703941e-01
-1.840278145125403775e+00
-2.231435513142097093e-01
3.364722366212128946e-01
-1.626463592552102266e+00
-3.830589756624656617e-01
-7.549302046432210256e-01
-1.591343518380289979e+00
-1.181257624134563144e+01
-2.326234462271215886e+00
-3.199622919774491869e-01
-5.282245303524801816e-01
-9.890461164926290794e-01
-1.192778098683746846e+00
-2.526594894030755878e+00
-1.010692176986391910e+00
-1.123953114475549686e+00
-6.898832946307035252e-01
-8.257139038161205313e-01
-9.890333943052354027e-01
