183,-1568.041582476199,0.30892531876138435,0.22695810564663021,0.21675774134790532,0.24735883424408012,1.2,0.9,1.4,0.144,0.84,0.21599999999999997,0.21599999999999997,2.758123558706934,0,13.249125806634444,11.576996973374658,1.0796701741186894,0,3.9731680881422986,3.890767222335189,1.477634684030762,0,1.2224315185409107,1.3459468763978826,2.7556606600599656,0.0,10.427760120908953,9.771063668832713,2.7556606600599647,0.0,10.139622167700255,10.524048636272617,32.21250571885165,52.32554043872965,65.63462025509669,53.94030447013766
183,-1487.385673653468,0.23200149662069594,0.28344325193619774,0.1618072258204966,0.3227480256226097,1.608390504587361,0.63161609010782,1.374926632883679,0.06365722078665728,0.37133437812517234,0.0848715751198906,0.0848715751198906,1.2192672245381126,0,5.2058989637530395,4.548879482817193,0.4772833517405703,0,1.5611529345218578,1.5287756601130977,3.624135738970008,0,3.3216334133924317,3.6803319199633493,0.5532134100604293,0.0,5.474093369205788,4.023966000798754,0.5532134100604291,0.0,4.704574781488672,4.9058034168877045,21.372852828245122,35.85673302146978,57.56431775874644,44.31412803974828
183,-1437.1547719149823,0.3120229084587738,0.23428738037740163,0.1852018370494682,0.2684878741143565,2.010084672662748,0.4703393023872967,1.3790925580739533,0.048316460578174084,0.2768805854378416,0.08651140648529379,0.08651140648529379,0.9254358902360889,0,5.3064838344099465,4.636769865938107,0.36226278753636115,0,1.5913164792022039,1.5583136329217455,5.029393209634372,0,3.3967923279984893,3.7795574387444866,0.34253309387289654,0.0,4.95113055126895,3.4979511712722937,0.34253309387289643,0.0,4.33736996366481,4.401006130861572,18.665908439416363,34.44883036222378,59.08552905903784,45.40196167516575
183,-1392.4772752624053,0.35528951818670806,0.2071396869624181,0.19576300836799498,0.24180778648287884,3.0379794106618774,0.26946596027627373,1.3879493280199617,0.02306503808817888,0.17306576805238028,0.12172656388145199,0.12172656388145199,0.4417793398158258,0,7.466530365160565,6.524203989050309,0.17293495617165483,0,2.239074532837963,2.1926376149881666,11.28491711775775,0,2.548658743691385,2.85242212305615,0.10037405148497497,0.0,4.682855097629917,3.1758568224109185,0.10037405148497501,0.0,4.150998551118532,3.7537393370460883,11.905959691396886,34.01250900157975,65.93889821947933,51.18178720246627
183,-1375.8255404807405,0.3130120566327933,0.23898748044973578,0.16632989452996833,0.28167056838750254,4.528898376172326,0.15382596206073199,1.367914442312919,3.059023205018258e-07,0.14471108234993627,0.14471108234993627,0.14471108234993627,5.859141644716701e-06,0,8.876367294761774,7.756110011013812,2.2935667474966486e-06,0,2.6618585851541625,2.6066534070175016,887212.5116906136,0,2.214921200297408,2.488036143945055,2.1414650419289558e-11,0.0,3.7493397813341356,2.757712986315914,2.1414650419289558e-11,0.0,3.749307622792096,2.757720591484563,0.0006823059674850409,36.73283446046683,77.05212414098358,61.924613664834894
183,-1366.2552002115276,0.30188449672069323,0.23412216650189052,0.18511351616830748,0.2788798206091087,4.707126730593577,0.14311523186725064,1.348632747810473,0.008618641393595064,0.16825060256284194,0.1596319611692469,0.1596319611692469,0.1650783185536202,0,9.791592297644153,8.555827459769596,0.06462006982006477,0,2.9363176572464003,2.8754203803443965,31.614948848806748,0,2.014075264858605,2.2632244842227927,0.015116992745025735,0.0,4.775528183638187,3.464588619093893,0.015116992745025738,0.0,4.367580180763294,3.6165447793679313,5.018090727586183,36.40793585944715,75.2335527333893,60.158487126786724
183,-1360.083253442935,0.3159825958146931,0.22767236996174273,0.17995372611002217,0.276391308113542,5.494301293756819,0.11000022176908666,1.2906639455288875,0.03288454085977627,0.22247697560457386,0.1895924347447976,0.1895924347447976,0.6298585198792341,0,11.629324166296087,10.161625200070622,0.24655873580477639,0,3.487419497598292,3.415092734758249,8.38887184136693,0,1.7121021525078661,1.9260283910202058,0.18582145976896552,0.0,6.433349276361798,5.074930747259604,0.18582145976896547,0.0,5.7806947350822755,5.369426048674979,11.499936622289649,38.31122198111173,76.67578994303719,62.39498411151961
183,-1359.61568149345,0.3029677913562358,0.22501570060328138,0.19845954947985459,0.27355695856062817,6.218964619244703,0.08976232824150837,1.245809477675176,0.030791361950668426,0.21431558689868585,0.18352422494801743,0.18352422494801743,0.5897665333389644,0,11.257109004172976,9.836386096130223,0.23086468832381782,0,3.3757990461319984,3.305787217278779,9.027708835423145,0,1.7791655287562829,2.002849052876696,0.16315210101948188,0.0,6.141410544474901,4.7757641465517455,0.1631521010194819,0.0,5.5032121671348335,5.059416086094002,11.130038026103364,38.53713135682075,76.68092888296403,62.325520372295095
183,-1359.156065907881,0.31201595170481156,0.22560944603788696,0.18825757606437277,0.2741170261929287,6.090371081349096,0.09225547862275346,1.244286395137681,0.029777664099829706,0.21555570791925907,0.18577804381942936,0.18577804381942936,0.5703505338680697,0,11.3953549753429,9.957184495449068,0.22326427627438183,0,3.4172564591706407,3.3463848311212328,9.326239158640783,0,1.756302399580383,1.9769429668297764,0.1524300454549212,0.0,6.160201315348255,4.80162113289773,0.1524300454549212,0.0,5.524279855615756,5.073652632502066,10.791135447923983,38.60111574539265,77.07668054993593,62.69843563784791
183,-1359.1017191180124,0.31465749786039793,0.22557262049796778,0.18566785461143737,0.2741020270301969,6.101087337969377,0.09129267741835384,1.2331752500381727,0.028509870921202943,0.2151621433218219,0.18665227240061893,0.18665227240061893,0.5460676850240528,0,11.448978884861123,10.004040706738278,0.2137587312610871,0,3.433337279080476,3.362132145512534,9.744508268437443,0,1.7485676220734072,1.9683012440405043,0.1392805020987679,0.0,6.113436756629887,4.762160332053826,0.13928050209876788,0.0,5.4858128049948505,5.022878287307204,10.4184374801918,38.67549272297944,77.37912427697246,62.96662002064092
183,-1359.0490525689102,0.3160271005947621,0.22547233807996755,0.18443661461784905,0.2740639467074213,6.107388808001008,0.08983701334821766,1.2126066851178372,0.026750483697479056,0.21447258810214856,0.1877221044046695,0.1877221044046695,0.5123690228668247,0,11.514600823813113,10.06138071540917,0.20056735688483593,0,3.4530160863868047,3.3814028274327423,10.39112424269187,0,1.739341536982346,1.958013232598555,0.12150553921922373,0.0,6.02290979672979,4.685907816520544,0.12150553921922377,0.0,5.410996169951542,4.931389025374422,9.893970769873556,38.76763741388342,77.7459603367842,63.28433925460792
183,-1358.9237576123887,0.3170558762902248,0.22537196975674859,0.18339041488139518,0.27418173907163146,6.04547099399002,0.08725302218390171,1.151320695095458,0.023130524272314646,0.21353204488398572,0.19040152061167107,0.19040152061167107,0.44303363833828885,0,11.678952316474684,10.204989943737264,0.17342595255935087,0,3.502302063092869,3.429666645734573,12.029103884935562,0,1.7161596876787735,1.932087877952578,0.08749757262268028,0.0,5.768549075371564,4.479633662583577,0.08749757262268028,0.0,5.201255603646136,4.69217577083284,8.766161604780216,38.97700774109461,78.47509581769603,63.90899364290607
183,-1358.7100838597694,0.3166708366873272,0.22568753486609358,0.18301384189385583,0.27462778655272335,5.830680667260436,0.08471849253611688,1.036190759099987,0.02021838706858971,0.21243259808122122,0.19221421101263153,0.19221421101263153,0.3872556228675897,0,11.790140108932109,10.302145088577932,0.15159159365793967,0,3.5356452281612856,3.462318295717437,13.774920380849654,0,1.7012353844319963,1.9154522773508509,0.06095642955571663,0.0,5.298979410585456,4.097385934284552,0.060956429555716646,0.0,4.793716888753035,4.279939174336587,7.789639932012223,39.176762031146716,78.79310582276904,64.10744477943655
183,-1358.4128448478248,0.31415879858790813,0.22601865565866078,0.1830763362994652,0.2767462094539659,5.4856408762193025,0.08505946569672405,0.8555692779551919,0.020884075871257925,0.2134740597590215,0.1925899838877636,0.1925899838877636,0.40000598376624674,0,11.813189470493892,10.322285465606083,0.15658273494603447,0,3.5425573059199165,3.469087021576726,13.33411630011997,0,1.6977467146325635,1.9115019519450123,0.053679819023413185,0.0,4.620321562419518,3.537838415568875,0.0536798190234132,0.0,4.167306054100309,3.71104289791416,7.760708053924818,39.322218052903004,78.15139657257893,63.36736970864467
183,-1358.7002723264181,0.3163365968730378,0.2258646303623706,0.19505418981558426,0.2627445829490074,5.402883241868975,0.08503134285993949,0.6935757667154928,0.017935110326853413,0.2117381836103845,0.1938030732835311,0.1938030732835311,0.3435225716701557,0,11.887598609471754,10.387303670528459,0.1344722478432759,0,3.5648712321945797,3.4909381718490162,15.526732663654224,0,1.6871337270885198,1.8995545666038627,0.032590629151170544,0.0,3.8981805936145406,2.9476452420839294,0.032590629151170544,0.0,3.54599448601026,3.0874306353548455,6.740498885777191,39.56684166870623,78.16804337721005,63.11140121609089
183,-1358.3642696719023,0.3147565358587488,0.22601247970128585,0.18633408567496643,0.272896898764999,5.462743925113573,0.08505172656931462,0.8075538737211425,0.020071991871724825,0.21299500675904418,0.19292301488731936,0.19292301488731936,0.3844516225804051,0,11.833617107580112,10.34013499742968,0.15049396499343098,0,3.5486831769374954,3.4750858461003054,13.87363619461268,0,1.6948198356278534,1.9082070702403284,0.04700912528362058,0.0,4.412542004871163,3.366276907591348,0.047009125283620584,0.0,3.9876782019347656,3.53017517976586,7.476042698269717,39.390248145159,78.14611184457198,63.28737078919626
183,-1358.3095332455036,0.31202436619255114,0.22691709431614238,0.18650289212231158,0.27455564736899485,5.363257775913522,0.08617648677870302,0.7447219493402432,0.021255684006961057,0.21372308750697888,0.1922128699780552,0.1922128699780552,0.4071236306668715,0,11.790057851821864,10.302073212868528,0.1593689448111631,0,3.5356205607733977,3.4622941399147815,13.09545748334006,0,1.7005221632151142,1.914553482888706,0.048429577229638116,0.0,4.164208170648497,3.1573184670621224,0.048429577229638116,0.0,3.74935284521872,3.322581499614809,7.719596635588001,39.41047185251803,77.67680203896603,62.79285387304022
183,-1358.2897331756008,0.31150511284532195,0.22647672713068173,0.18674960624816705,0.2752685537758293,5.3717504648848236,0.08668085852983748,0.7149922319472687,0.021254944942220626,0.2142887739013521,0.1917243660195256,0.1917243660195256,0.40710947488998267,0,11.760093729582985,10.275890764491775,0.15936340351840625,0,3.526634874018949,3.4534948103322445,13.09341206982064,0,1.7046036781312321,1.91911551899197,0.0464833577088761,0.0,4.027559164597479,3.0422694257089553,0.046483357708876086,0.0,3.6228883046149205,3.2040146565609104,7.683629838750516,39.48713769181637,77.53224609537284,62.62549394630117
183,-1358.2518010959052,0.30996270566797,0.22748762405805262,0.1867123384610609,0.27583733181291653,5.475152870822169,0.08829579506535334,0.6484563715409065,0.0199287994933601,0.21612218669167826,0.19149920533639905,0.19149920533639905,0.38170896791238407,0,11.746282700798488,10.26382278047752,0.1494203501317538,0,3.5224932016073622,3.449439033454155,13.956169215687975,0,1.7058027418638124,1.9203592144334778,0.03712239089085888,0.0,3.698891380791068,2.767987744225958,0.03712239089085874,0.0,3.328036332717441,2.911583186703564,7.230277294124825,39.78480790331994,77.48011144633335,62.4910751769407
183,-1358.236802520524,0.31234763850126973,0.22504461005738408,0.18635245033391562,0.2762553011074305,5.585092636600113,0.08982991203147349,0.605838639844648,0.019248659357610966,0.2184898714722362,0.19163178378634954,0.19163178378634954,0.36868181144271867,0,11.754414870069981,10.270928615263685,0.14432085694571647,0,3.5249318889523558,3.451827144044226,14.440919803262274,0,1.7038589540651201,1.918070211149301,0.03234949259549694,0.0,3.496459401236649,2.603379718823822,0.03234949259549692,0.0,3.1475469062967774,2.7363814637138453,6.981534445908387,40.04366033603419,77.49702486569606,62.46256418716297
183,-1358.2289236878696,0.3120248013440258,0.22632781337172886,0.18607133546317486,0.2755760498210705,5.614543391584382,0.08955394362032268,0.6121966092418625,0.018771616063902843,0.21818145798502223,0.19186714630618187,0.19186714630618187,0.3595446979225831,0,11.768851664678431,10.283543389243984,0.14074412489029978,0,3.529261216975238,3.456066684680938,14.80945255480174,0,1.7019059897686013,1.9158898087614746,0.031137870315665384,0.0,3.517861467795103,2.6200726165229806,0.031137870315665388,0.0,3.1698635237323405,2.7506622078738037,6.860428266358111,40.05558252405025,77.60588941753579,62.565464495449454
183,-1358.2279424424241,0.312301890181699,0.22654997968647744,0.18586719017017087,0.27528093996165265,5.633821630529562,0.08944187148885009,0.6186057422126389,0.01871839683762119,0.2180793749013333,0.19203307046997717,0.19203307046997717,0.35852535624353044,0,11.779029211532526,10.292436461198003,0.14034510258956387,0,3.532313275274512,3.459055445319309,14.852187571248393,0,1.7004911317649942,1.9143043996833635,0.031296542568339435,0.0,3.549210653114958,2.645069872699222,0.03129654256833944,0.0,3.1985631141338158,2.775991992662475,6.853353820548885,40.04889693363489,77.65800853437085,62.62193297076844
183,-1358.2278120532492,0.3123715609037992,0.22649732810136816,0.18586709041583593,0.2752640205789968,5.645229605716369,0.08940801293920235,0.622066294257816,0.018751231311201016,0.21803154530483695,0.19213179560320753,0.19213179560320753,0.3591542557929628,0,11.785084867599405,10.297727852719316,0.14059128593544598,0,3.534129254667329,3.4608337625063155,14.826370405972106,0,1.6996341567810918,1.913341888941032,0.03158145188322032,0.0,3.567903617434645,2.6600355848222392,0.03158145188322033,0.0,3.215258201513524,2.791534654659697,6.865994019510585,40.040664806594336,77.68035216043845,62.64853632064524
183,-1358.227823675119,0.3125162789482325,0.22649014101717094,0.18577553441670244,0.2752180456178942,5.648005730571876,0.08938495801918439,0.6221160149690763,0.018933277335006368,0.21788917353275944,0.19213757264524237,0.19213757264524237,0.3626410990362021,0,11.785439222954542,10.298037486044096,0.1419562141453039,0,3.5342355192925914,3.4609378232738672,14.683940887514305,0,1.6995944972476449,1.9132987523116871,0.03219698187484275,0.0,3.574015485504864,2.6642717423901434,0.03219698187484275,0.0,3.2190812147088175,2.7968936360920704,6.915606369355136,40.021478031716164,77.66524142973239,62.63556376608343
183,-1358.2277845853034,0.3124375091227387,0.2264940531286411,0.18582537056702506,0.2752430671815951,5.646494679966836,0.08939750471754963,0.622088954420045,0.018834179685110426,0.2179666782472245,0.1921344285198031,0.1921344285198031,0.36074301873904596,0,11.78524636687354,10.297868969698289,0.14121320875004068,0,3.534177685316386,3.460881188735895,14.761131653293708,0,1.699616081838721,1.9133222293659664,0.03186117773121673,0.0,3.5706906381083083,2.661966111032608,0.031861177731216744,0.0,3.2170004884419257,2.793977120305187,6.888611753315713,40.03191991473977,77.67345517975717,62.64261176229067
183,-1358.2277686910165,0.3124092590209513,0.22646663818675072,0.18585616141619493,0.2752679413761031,5.6494318971303885,0.08938663455588937,0.6224243013062705,0.01885584394912379,0.2179175949246983,0.1921510929490227,0.1921510929490227,0.36115796816236057,0,11.786268538721808,10.298762136580873,0.14137564110906473,0,3.53448421577186,3.4611813619534253,14.74423259210103,0,1.6994740767619612,1.9131630805799096,0.03195227362187786,0.0,3.573312845502927,2.6639718155584244,0.031952273621877865,0.0,3.2191547334276613,2.7961594966871983,6.89496109858392,40.02728473563972,77.67566264475991,62.64550073599948
183,-1358.227764214037,0.31239415291251005,0.22646101822935913,0.18586472430271628,0.2752801045554145,5.649828061682358,0.08937709936671916,0.6221869021215758,0.01885899981559032,0.21787215872883875,0.19215824621369107,0.19215824621369107,0.36121841447937075,0,11.786707309571437,10.299145531596686,0.14139930287918565,0,3.5346157950445747,3.461310212359464,14.741818455554542,0,1.6994155447993307,1.9130978131941077,0.03195274393131499,0.0,3.572591965415586,2.6633643709928294,0.03195274393131517,0.0,3.2184361862634328,2.7955514675464395,6.895616513212824,40.02447080426937,77.67652168413971,62.64601108836179
183,-1358.2277619268998,0.31238728166420726,0.22645969791524542,0.18585687028030234,0.275296150140245,5.6497555133817325,0.0893639868107942,0.6219369960136378,0.018854026165141355,0.21782365427648645,0.19216151501886308,0.19216151501886308,0.3611231509899537,0,11.786907813325886,10.29932073042809,0.14136201189275344,0,3.5346759224167776,3.4613690927299245,14.74578044505471,0,1.6993931444690589,1.913073454775017,0.031925806257691515,0.0,3.5715068072344716,2.6624843170763723,0.031925806257691515,0.0,3.217441541846032,2.7946215855436574,6.894146686624962,40.02202154629292,77.67781702107655,62.64679504478266
