-6.510391211090054142e-01
-7.796792522844927520e-01
-5.157381033265387993e-01
3.339339088556356194e-01
-3.198250474832402990e+00
-2.436385331868425652e+00
-1.378688418315193509e+00
-2.730699732595651241e+00
-9.259902488303471957e-01
-1.521556784782303273e+00
-1.610220881272869997e+00
-6.870374923527587718e+00
-2.345314154965589371e+00
-1.299565666859035185e+00
-6.092946296899235392e-01
-2.040038841503041489e+00
-1.692423162157154160e+00
-1.027996615239768552e+01
-1.644750016768899537e+00
-2.046235018577771569e+00
-2.511951677759617585e+00
-8.175979894150904315e-01
5.593557876208770097e-01
