-5.802559054483101830e-01
-8.647095605688716047e-01
-5.426853829633915272e-01
5.231561479468624931e-01
-1.847179303607045409e+00
-2.231435513142096816e-01
3.364722366212128390e-01
-2.227742670405912229e+00
-7.595713826033488880e-01
-1.186679719842339553e+00
-1.201109111620620506e+00
-3.259814447228143841e+00
-2.657542676422051997e+00
-5.273585975248973323e-01
-3.042327024313050132e-01
-1.334143965832708778e+00
-1.038452994865143530e+00
-2.422939223904855499e+00
-1.063403939776902618e+00
-1.419452562447523158e+00
-1.554397060451267798e+00
-1.050479722544161554e+00
-9.287309924342664891e-01
