-6.951848886567761898e-01
-7.234293288764871432e-01
-5.911871438274226565e-01
5.790215970490663056e-01
-3.463488993880389000e+00
-2.231435513142097093e-01
3.364722366212128946e-01
-2.063938284152240676e+00
-8.163269999520158526e-01
-1.252935092262551287e+00
-1.705119657831416502e+00
-3.571878281829677704e+00
-3.599170922910511994e+00
-9.271744863884140431e-01
-3.091384456924782809e-01
-1.343377707045095626e+00
-1.428526806899844237e+00
-3.435517929831127137e+00
-1.931145013523233978e+00
-2.497789977710832776e+00
-1.888122180101267977e+00
-1.343688719332223558e+00
-1.163877405906433182e+00
