-7.145178715181491613e-01
-7.081031933096624265e-01
-5.737315048965687669e-01
6.543384124940168078e-01
-2.431239317076484774e+00
-1.628918259023677040e+00
-1.546581513457258028e+00
-7.233254579386567684e-01
-9.817789291857358380e-01
-1.901596851317923553e+00
-3.242560589952987016e+00
-4.317327245658230339e+00
-7.308734597127225507e-01
-6.821656628114879106e-02
-1.107220611446342762e+00
-1.517642675919070872e+00
-1.131352642776403350e+00
-7.625116073427401497e-01
-1.828892689185325215e+00
-1.857458925749967849e+00
