-6.550598306616493005e-01
-9.268759916636415408e-01
-4.754858243624399128e-01
6.468777002590161418e-01
-2.250342724440052677e+00
-2.937698375970112963e+00
-1.572610556989863628e+00
-3.372970408835970213e-01
-3.561288517404664900e-01
-8.754014730432049252e-01
-1.013308835820309284e+00
-3.118791891006293948e+00
-3.580744896598005322e+00
-6.636726494963256506e-01
-9.598310665711587975e-01
-1.503238861085261835e+00
-1.328628156875212962e+00
-2.924995955746659160e+00
-1.400890517948794711e+00
-1.779657623095430186e+00
-1.574369782813249241e+00
-1.110665313883416827e+00
-1.092613540777169545e+00
