-6.304394388846817909e-01
-6.691230384999349301e-01
-6.227089959683129727e-01
4.558902135258611210e-01
-1.513583335662234575e+00
-2.231435513142097093e-01
3.364722366212128390e-01
-1.108586956506131482e+00
2.002776608846839612e-01
-9.152855277986722549e-02
-1.046688942066572148e+00
-2.964099160871301208e+00
-3.208093566981781830e+00
-1.920723459751407514e-01
-8.269542116350446503e-02
-8.565671442418131276e-01
-7.896255913045854280e-01
-1.823147467757359586e+00
-1.052286992454844805e+00
-1.089793741723745102e+00
-1.009297313530062024e+00
-6.794604820041509896e-01
-5.100268149386739669e-01
