-7.101338579617508806e-01
-9.463680641250048486e-01
-4.713156585472188520e-01
6.920750629564914602e-01
-2.467118210909341691e+00
-2.231435513142096816e-01
3.364722366212128390e-01
-9.883970014818483918e-01
-1.385713913335500647e-01
-2.570240786695274782e-01
-1.279474000696917413e+00
-1.231741645972152099e+01
-2.378405530718254113e+00
-7.322158161192754422e-01
-7.558964002442579710e-01
-1.428619613077626971e+00
-8.402201897117402840e-01
-2.136319139873628536e+00
-1.566660771324409174e+00
-2.115950558127013270e+00
-7.912035189491406495e-01
-1.091678641227478375e+00
-1.304360769071108539e+00
