-6.545791182920291940e-01
-7.533667708725733103e-01
-6.156258229674890226e-01
7.082947991637222884e-01
-2.116730573600770882e+00
-4.715939436269563911e-01
-2.028068976455305705e+00
-7.222855021926660735e-01
-5.596601838634202020e-01
-1.181031183268517193e+00
-1.155016753307321009e+00
-3.434922080084935825e+00
-2.308204699275909988e+00
-5.545304180736719823e-01
-1.140509671409247971e+00
-1.312419358292169491e+00
-1.261720827873548112e+00
-2.561586085335349150e+00
-1.597802817274974974e+00
-1.865057441816063477e+00
-1.806630795340965490e+00
-1.046640063136113241e+00
-8.574414665470211361e-01
