-7.065425935236296917e-01
-7.878763163326781838e-01
-5.404310760919579515e-01
5.109774573961159971e-01
-2.246213711277439629e+00
-2.231435513142097093e-01
-1.858753625769064444e+00
-1.735268886665457311e+00
1.863299886250522619e-01
-1.042507163370142154e+00
-1.515969831866489814e+00
-3.103683272441595697e+00
-3.401481948014680068e+00
-8.361585781736742273e-01
-3.060938480520589144e-01
-1.454693317742743908e+00
-1.154409626407543188e+00
-3.104341316059328282e+00
-1.062853998509622366e+00
-1.971384364899285702e+00
-1.592426368274190152e+00
-9.145689928238309729e-01
-9.708894817933116927e-01
