197,-1843.4693981575965,0.27952622673434857,0.20101522842639594,0.2328257191201354,0.28663282571912013,1.2,0.9,1.3999999999999997,0.14399999999999996,0.84,0.21600000000000003,0.21600000000000003,3.656510565358979,0,15.327926032870801,14.11454100719982,2.02468458625678,0,8.774172703622032,7.759401787225683,1.035963752100746,0,1.0392064786150779,1.1812058782355024,2.8378811308022716,0.0,11.585042445908513,12.246488890494852,2.837881130802272,0.0,12.55019699746597,12.674595818201466,47.16586936642537,56.9041786102105,85.15526956243502,69.20833050437378
197,-1782.0983873417158,0.2167361768392146,0.24810361241371126,0.17929913573962347,0.3558610750074506,1.6549872429292984,0.6117631017142832,1.2879713469721197,0.06854518269991183,0.3697057171676885,0.0905451683791534,0.0905451683791534,1.7405290607408972,0,6.425322423840256,5.916682833756357,0.9637664921851835,0,3.6780506705427243,3.2526682469715427,2.435817914126223,0,2.782026080642879,3.1519562492452913,0.600317147965719,0.0,6.816280113415939,6.528372575495416,0.6003171479657194,0.0,6.980792432354172,6.73883813697342,36.9718998134026,37.3293346939136,76.42362623187587,58.48297212859899
197,-1730.4396520837508,0.28290082183359067,0.20519110885434844,0.20532788371235883,0.306580185599702,1.9698993760741004,0.494460078889433,1.275338454237797,0.06450761181089916,0.3004677281744423,0.11646552561717216,0.11646552561717216,1.638005306476587,0,8.264698898330714,7.610451098373415,0.906996995345579,0,4.730965906403632,4.183809294555853,2.720258366362617,0,2.2760563598380785,2.5747109202010248,0.5445702797175078,0.0,7.0117157869298286,6.4448899752068165,0.544570279717508,0.0,7.0455494286249625,6.7402667920466195,34.51581014292064,35.82281349873404,79.83855859527434,61.61821189236014
197,-1695.924294413856,0.30662979988294736,0.1883070287667708,0.20907635868863772,0.2959868126616441,2.5849229029011522,0.35397411376911697,1.253022455427503,0.04963192076076633,0.22447512718737872,0.1748432064266124,0.1748432064266124,1.2602752961166792,0,12.407332108597572,11.425146328420018,0.6978401732683437,0,7.102335598343217,6.280919853846877,3.765534350811722,0,1.6174943227434269,1.8259305915690653,0.354487881210735,0.0,7.639316100595224,6.773279635349038,0.3544878812107348,0.0,7.4363169894419245,6.982705324210903,27.127351141102764,34.84773642082586,90.38214244069992,71.46657983487314
197,-1686.3301437689158,0.27617514406406646,0.19997622721073535,0.20557853970912085,0.31827008901607734,3.082896122358182,0.28154695247134587,1.220687621246763,0.04464509442452657,0.2322835120117862,0.1876384175872597,0.1876384175872597,1.1336476351022966,0,13.315313822696481,12.261250646117874,0.6277238509258158,0,7.622092045115584,6.740564225827693,4.331381978925893,0,1.5610106590076855,1.760083439004344,0.283127812059763,0.0,7.516052041438034,6.550223295324418,0.2831278120597629,0.0,7.246254837886873,6.66882783444911,23.97679222322635,37.004953510127685,94.5254154636757,75.17090107425713
197,-1681.8709682005974,0.27271933328349096,0.20046783348907465,0.20532987764745247,0.3214829555799819,3.7414834987581793,0.21710751665119485,1.1718135531237706,0.044773173190844666,0.24536538228194377,0.2005922090910991,0.2005922090910991,1.1368998667845205,0,14.234548813511669,13.107717411764439,0.6295246780368646,0,8.148290210955393,7.20590530428251,4.45656118206481,0,1.5081127754230916,1.6985271138559,0.27805997824422546,0.0,7.5945015521090955,6.600346444004317,0.27805997824422535,0.0,7.330325488034317,6.654076715374391,22.484756643016112,39.187082381618175,98.38436036677213,78.91026305888545
197,-1681.3945533065125,0.2922660183973414,0.1993651950284394,0.19647547198970636,0.31189331458451286,3.8843596048990587,0.19919962556026502,1.0785395578406751,0.06527451997265397,0.26566463889536857,0.2003901189227146,0.2003901189227146,1.657478971727396,0,14.220207965581261,13.094511810056963,0.9177799615551588,0,8.14008107188544,7.198645587552217,3.084149888060897,0,1.52352497707783,1.7153264403846673,0.5204978585258525,0.0,7.714545424601982,6.8597502600576865,0.5204978585258528,0.0,7.590353246019208,6.913390817581547,27.95153366210638,39.62941549476062,96.27615305402594,77.24555997353849
197,-1680.8780610856195,0.27978593107384536,0.19744154118076107,0.21001674887641275,0.31275577886898076,3.946252411901359,0.1959878387700378,1.0852073283107584,0.058965921494022286,0.26431762424258354,0.20535170274856127,0.20535170274856127,1.4972882981876436,0,14.57229495580564,13.418726987698498,0.8290791136345438,0,8.341626411568202,7.376881339430664,3.41959178444595,0,1.4891721268757985,1.676549807847956,0.43385273457650586,0.0,7.727614326399623,6.811621565542659,0.43385273457650614,0.0,7.548767489483435,6.857826307584115,25.945238494513923,40.08843234424775,97.81022463931133,78.601856311706
197,-1680.8123202616384,0.2801316719702454,0.19821732204780523,0.20715003445759692,0.3145009715243525,3.9237073902112467,0.19736573310850877,1.0832944867669472,0.05698879424066068,0.26345890133812694,0.20647010709746627,0.20647010709746627,1.4470842239447554,0,14.651659859207756,13.491809228648732,0.8012800922807283,0,8.38705730466901,7.417057953799805,3.535794984088559,0,1.4800559659615335,1.6663288369900413,0.40613540269531123,0.0,7.693912421656675,6.771451624169181,0.4061354026953114,0.0,7.508236080051942,6.817572361514919,25.331383926744593,40.10975656540251,98.18108523925639,78.93666069140727
197,-1680.7537922742672,0.28081816988886477,0.1985176888069284,0.20532923353126806,0.3153349077729389,3.907389766201006,0.1974199306711592,1.0681086956800385,0.05487628038604751,0.2630955508671142,0.20821927048106673,0.20821927048106673,1.3934423542998924,0,14.775785076630134,13.60610848006596,0.7715774933939978,0,8.45811036769939,7.479893423637115,3.6718093903609015,0,1.4675817231875252,1.6522862913371474,0.3734549918795775,0.0,7.61647162824645,6.6844514905203525,0.37345499187957754,0.0,7.425271274768404,6.731059097014479,24.58320306572395,40.24201098319101,98.68517229525808,79.39726224335067
197,-1680.6327388164782,0.28207041217426443,0.1986713111737855,0.20335417431465527,0.31590410233729477,3.871209395499661,0.19632841623864378,1.0168938482525263,0.05078995454815613,0.26277780466188577,0.21198785011372964,0.21198785011372964,1.2896805931905229,0,15.043213363011803,13.85236668267762,0.7141224868773207,0,8.61119448133058,7.615272699271315,3.9693889258260793,0,1.4423017000109717,1.6237920088889664,0.3085297754524572,0.0,7.376528271428685,6.424626050656475,0.3085297754524572,0.0,7.178825841098152,6.473833548733843,23.024965330788298,40.6162236873697,99.70226901746409,80.32108319272405
197,-1680.470751044686,0.2828915742860326,0.19857855496121102,0.20277356744962818,0.31575630330312826,3.8135301678406357,0.19434824464288783,0.929336687532604,0.04718357307866028,0.2630765215128404,0.21589294843418014,0.21589294843418014,1.1981057880104782,0,15.32032937322918,14.107545712219961,0.6634156467839156,0,8.769824143776214,7.755556157081479,4.277010937881834,0,1.4176577504460708,1.5959887867020845,0.24668338404195744,0.0,6.97309112989252,6.004503108014667,0.24668338404195828,0.0,6.777885961295979,6.059503690413189,21.477228590113768,41.12206083085569,100.58835165257136,81.10525766318149
197,-1680.291587039243,0.2824302822576662,0.19799598916174266,0.20395847745944842,0.3156152511211427,3.7643073325946474,0.19311460875925018,0.8162383440617976,0.04592264749608983,0.26226590386341514,0.21634325636732532,0.21634325636732532,1.1660878177688097,0,15.352284404207255,14.13697112790628,0.6456866426766432,0,8.788116178846709,7.7717326394020745,4.397159205031975,0,1.4156065459021776,1.5936432727636283,0.20738406881367485,0.0,6.417088581489603,5.434470614395773,0.20738406881367477,0.0,6.229998830585393,5.499085741082938,20.738559126617425,41.486799254662984,100.54477247835516,80.97222160151148
197,-1680.2541668240312,0.278486544923626,0.20084692035520899,0.20621099499229345,0.3144555397288715,3.7769881933864187,0.19442204383386247,0.7405187301801864,0.04649466647918793,0.2665944971800086,0.22009983070082068,0.22009983070082068,1.1806127723193935,0,15.618860763099837,14.382444843076255,0.6537294066914001,0,8.940712623180422,7.90668064679638,4.340222833270511,0,1.3905084612217904,1.5654264449741013,0.19259610715027964,0.0,6.11637561809074,5.132245346785801,0.19259610715027964,0.0,5.933864598384265,5.198868596804409,20.46092046860243,41.93483921932686,100.75824585301726,81.1329615648381
197,-1680.223527809561,0.2797568937182208,0.19860190347955103,0.20629764384383295,0.3153435589583952,3.7749364410739243,0.19471856773245166,0.739990485065106,0.04682273186270481,0.26364638437445587,0.21682365251175106,0.21682365251175106,1.1889431510760464,0,15.386374573504636,14.168362660684975,0.6583421075614768,0,8.807630432260346,7.78898998524297,4.309174121917634,0,1.411303306631819,1.5888458499720117,0.19560856967502804,0.0,6.0706290310729285,5.080826237470404,0.1956085696750279,0.0,5.887367862017728,5.150342878773923,20.72895010705503,41.72650472171562,100.26610579730774,80.64507729471629
197,-1680.2211765198012,0.2798438181204183,0.1984376594637304,0.2064571597296604,0.315261362686191,3.7867199338849806,0.19495660733365672,0.7372427296730567,0.04675505608937512,0.2631002873854327,0.21634523129605757,0.21634523129605757,1.1872246984357768,0,15.352424550325441,14.137100179816363,0.6573905652342295,0,8.78819640276233,7.771803585075846,4.314898068721554,0,1.4142508507742866,1.5921711830506917,0.19448728992234135,0.0,6.049271084482647,5.056936361747745,0.19448728992234132,0.0,5.865136917194397,5.126322052013837,20.726553577357336,41.70848235307922,100.2060656642567,80.58075207723512
197,-1680.2185818124503,0.2799059916913538,0.198352718406309,0.20651239838507432,0.31522889151726297,3.8132205490155004,0.19557186639085347,0.73360648265282,0.04665556232613745,0.2626941306926229,0.2160385683664855,0.2160385683664855,1.1846983095714303,0,15.330662945225884,14.117061260858803,0.6559916521171738,0,8.775739395790737,7.760787284687895,4.322770461684643,0,1.4158097773331708,1.5939443015243,0.19287544681797936,0.0,6.026730967665271,5.030987660718212,0.1928754468179794,0.0,5.841431334538498,5.099379545607675,20.70412386706105,41.70334765135348,100.17689176483299,80.54560661513878
197,-1680.217937987946,0.28032194593923215,0.19816387629766177,0.20658426124503546,0.3149299165180706,3.83405162911422,0.19650258142334626,0.7308598826398403,0.046545659609493105,0.2630428154339997,0.21649715582450663,0.21649715582450663,1.1819076120396825,0,15.36320551298584,14.14702770290337,0.6544463858923297,0,8.794367754848109,7.777261193675712,4.330963405898086,0,1.4121341918067656,1.5898335046318903,0.19126634067432835,0.0,6.0200628745868485,5.023200865112662,0.19126634067432843,0.0,5.835091238895727,5.090336533870839,20.63783015249468,41.73288178862976,100.24840789856812,80.61533307665988
197,-1680.2173609817173,0.27994364860898546,0.19841721664075448,0.20628151872139158,0.3153576160288685,3.8398381398303987,0.19657748190979313,0.732497714148473,0.046440524377445135,0.2628391826201409,0.21639865824269577,0.21639865824269577,1.1792379725481903,0,15.356215866465407,14.140591368840504,0.6529681519770516,0,8.79036666784025,7.773722849637099,4.340605780375716,0,1.4127225024767225,1.5904980391007397,0.19086619045120307,0.0,6.024569182584007,5.026785176524096,0.19086619045120318,0.0,5.838444987740642,5.093495418728656,20.622960604110673,41.72298031822527,100.25400802640252,80.61741068598513
197,-1680.217283105786,0.2800181709027805,0.19842121985521555,0.20630202255130012,0.3152585866907039,3.8354474797993636,0.19646508870022508,0.7325041022519296,0.04648241385999542,0.2629318554770321,0.21644944161703664,0.21644944161703664,1.1803016484893192,0,15.359819587787612,14.143909813375773,0.6535571310718143,0,8.792429547918672,7.7755471487372,4.336937481888327,0,1.4124727326149507,1.5902135492756606,0.19118222760290435,0.0,6.025912369767798,5.028786169775624,0.19118222760290438,0.0,5.840191215117702,5.09570646313445,20.63117333486946,41.72565094543012,100.25442047369873,80.6193795264259
197,-1680.2172777849846,0.28004753037925784,0.19844551740787136,0.20626591334524924,0.31524103886762156,3.8352360980786595,0.1964692945497863,0.7323760176813469,0.04649718717920697,0.2629448396259681,0.21644765244676115,0.21644765244676115,1.180676779029475,0,15.359692623576302,14.143792899870114,0.6537648485141441,0,8.79235686972889,7.775482876093527,4.335550422118683,0,1.4124813513579961,1.590223375663704,0.19126274892521586,0.0,6.025519809221827,5.028504421442497,0.191262748925216,0.0,5.8398905368955445,5.095447689103775,20.63505694394958,41.72531639483019,100.25163251616846,80.61693490933855
197,-1680.2172775659956,0.2800439525080396,0.1984469875875709,0.20627025316549363,0.3152388067388959,3.8351815832628375,0.19647041701153922,0.7324477007750932,0.046496691126111295,0.2629445060242293,0.21644781489811804,0.21644781489811804,1.1806641830337437,0,15.359704151550295,14.143803515269829,0.6537578738540275,0,8.792363468693063,7.7754887118590315,4.335594245921072,0,1.4124794754312384,1.5902212965271003,0.19127629630402754,0.0,6.025879361145565,5.0288623014871305,0.1912762963040277,0.0,5.840234819107547,5.095805006773769,20.635170360921336,41.72507630750326,100.25169198548079,80.61701671208752
