-6.472828271483065388e-01
-8.084311390176569523e-01
-6.223274243322945987e-01
6.976662456271465196e-01
-2.214100917174376626e+00
-1.197645307407200654e+00
-6.448142860141828914e-01
-1.043836021123766944e+00
-7.527711168970516731e-01
-7.654446674401687023e-01
-2.433003890373711453e+00
-1.297830349612784850e+01
-8.556206140535145277e-01
-6.993324579071081848e-01
-1.106429655592907624e+00
-9.547680275558464436e-01
-2.593615729160756445e+00
-1.070714056691890459e+00
-2.165739850745960648e+00
-1.460083810330245813e+00
-1.326113185977479736e+00
-8.996987814498792480e-01
