-6.410803000610870717e-01
-8.178910066167196513e-01
-6.012546586523430658e-01
5.667337699379000338e-01
-2.258520122705110378e+00
-1.569059904712057252e+00
-4.129040071771437614e-01
-9.092587835775330918e-01
-7.561081416963606472e-01
-1.135530033353892909e+00
-3.266723358280021916e+00
-3.612908782743441183e+00
-8.003958533168724632e-01
-5.743087381801031954e-01
-1.682433038422472604e+00
-1.477143732985588764e+00
-3.749877218251170152e+00
-1.436684118798681631e+00
-2.314182269855645568e+00
-1.367937132825309376e+00
-1.213630585306331167e+00
-9.899916751879425103e-01
