-6.705252243396007117e-01
-7.352815799158208820e-01
-5.480743817003391749e-01
5.786839448510673334e-01
-2.230354218955013401e+00
-2.231435513142097093e-01
3.364722366212128946e-01
-2.299626287467426700e+00
-4.211807408212399073e-01
-5.352853243655228965e-01
-1.283683337631863264e+00
-3.493662741877892053e+00
-2.104787598939653392e+00
-3.873453579439817274e-01
8.364793995986824493e-02
-1.142242666549595054e+00
-1.300267910265850535e+00
-2.085752419741013330e+00
-1.431159700950280333e+00
-2.212266861736711387e+00
-1.121396362449312845e+00
-9.231636030780449031e-01
-7.977462919093020188e-01
