-6.780207833787054161e-01
-7.652105387505429013e-01
-5.636532828895594038e-01
6.525940708379646127e-01
-2.802298115355328356e+00
-2.246014992613653227e+00
-1.910893916044912766e+00
-1.442609336364013561e+00
-2.250485193819495855e-02
-1.302020055357079542e+00
-2.121618609271398448e+00
-4.279559477975788617e+00
-3.343792745059241955e+00
-1.252482121607688015e+00
-1.355187090407478090e+00
-2.222889960011061206e+00
-1.145126172313444046e+00
-3.112154044118511376e+00
-1.967828753982308276e+00
-2.300130671610020272e+00
-2.180143011090387883e+00
-1.863518567547092220e+00
-1.583743638916436547e+00
