-7.136065933309831966e-01
-7.836829434463117305e-01
-5.216531542608326966e-01
7.617301109133731707e-01
-2.734571922219162676e+00
3.364722366212128946e-01
-1.959676053349478364e+00
-2.515732016734811283e-01
-1.372085205089658144e+00
-7.935481767091159266e-01
-2.667110557832583329e+00
-3.546973834810244863e+00
-5.745207123688905737e-01
-8.018909563762449677e-01
-1.281140704543865194e+00
-1.492160446423474118e+00
-2.927672496817902204e+00
-1.117750904286273883e+00
-1.848490153262591695e+00
-1.983420978320585393e+00
-4.079098862482621324e-01
-1.122544347207658832e+00
