-6.526017783685940099e-01
-7.459336536734130219e-01
-5.858124058983642524e-01
6.460669143578449125e-01
-3.032844296341419277e+00
-1.537053925699926493e+00
3.364722366212128390e-01
-1.916835856427023810e+00
-1.075390491434909945e+00
-9.749236336992318508e-01
-1.304230747860100958e+00
-3.294438638122220819e+00
-2.854485706817227797e+00
-1.548392361091045943e+00
6.133646720076439962e-01
-1.271226050034613086e+00
-1.674858451576665130e+00
-1.048046342589488589e+00
-1.602475293930786915e+00
-1.348720191243079736e+00
-2.054059973396064720e+00
