-6.048530980261754841e-01
-6.028946446134075821e-01
-6.312385970711035243e-01
6.705191535888551657e-01
-2.376158657753249859e+00
-4.147353807752535149e-01
3.364722366212128390e-01
-1.001156544025630257e+00
-6.527755393038012777e-01
-1.087749642468142985e+00
-1.570146065159956583e+00
-3.092090070703823024e+00
-2.869072182453400899e+00
-5.625190611150175934e-01
-6.380050449412361102e-01
-1.284431142100471712e+00
-1.168546387532682473e+00
-3.182384204096911695e+00
-1.414154927411769735e+00
-1.488282504203802814e+00
-1.154595253306131886e+00
-1.102734533155244723e+00
-9.364328409217101967e-01
