-6.994190070224766131e-01
-8.051522285323650108e-01
-4.724980521818309964e-01
8.677081213746395960e-01
-2.967899998565963315e+00
-4.046267163838970227e-01
-1.462300738662425603e+00
-1.242552349769637798e+00
-1.254853119497480796e+00
-7.898398510710502585e-01
-1.305527095433824725e+00
-3.136516385827263331e+00
-3.307483265862801058e+00
-6.273208891977124502e-01
-1.539339782732370487e+00
-1.581467922527507675e+00
-1.537486715531726222e+00
-2.535638570325761343e+00
-1.389218160708186156e+00
-2.257629278673468853e+00
-2.147060884164941008e+00
-1.298036760033126624e+00
-1.069685749507718331e+00
