-7.402997278478754550e-01
-8.595849888160547181e-01
-4.527109101182297812e-01
7.994766054325138649e-01
-3.106651175756540262e+00
3.364722366212128390e-01
-1.484393341807654698e+00
-1.043294949806785166e+00
-8.439550121746639544e-01
-4.361590340426554357e-01
-3.284056460943083788e+00
-3.031254025993388890e+00
-4.695758713246645510e-01
-7.411216902756634362e-01
-1.517966204047777046e+00
-1.552795108520765410e+00
-2.663464871926202626e+00
-1.570240072861144087e+00
-2.233692600785198934e+00
-2.180219829138330567e+00
-1.199704937994663156e+00
-1.242293892564482416e+00
