-7.368032492872368389e-01
-7.718184853888777619e-01
-5.820964402905512980e-01
4.468718115293877635e-01
-2.425817661019681104e+00
3.364722366212128390e-01
-1.886722523881636526e+00
-3.047229190313441305e-01
-8.432392099382218786e-01
-1.533574542704541521e+00
-2.644075840006730349e+00
-3.331178048615100806e+00
-7.027871865593254830e-01
-1.078891861463142782e-01
-1.560473487244635749e+00
-1.339934757380115915e+00
-2.858525990761565883e+00
-1.368235937033999816e+00
-2.277628399943675941e+00
-1.610578198417818241e+00
-1.181804032925454884e+00
-1.188489194697624374e+00
