133,-1137.9332073121827,0.30776942355889725,0.19849624060150375,0.2370927318295739,0.2566416040100251,1.2,0.9,0.9,0.0,0.144,0.84,0.21599999999999997,0.21599999999999997,0.7247400252937135,0,4.495908090746033,6.889609041828431,0.09598362654312814,0,0.7305623890268526,0.9959254346484869,0.0,0,0.0,0.0,0.0,0.0,0.0,0.0,0.0,0.0,0.0,0.0,6.416384685141287,43.816571805680944,31.947939532523897,51.30978979325246
133,-1071.3041685375524,0.22901383120216953,0.25144867052819464,0.17508989543573952,0.3444476028338963,1.5545615830829898,0.6125136247692325,0.956790503454809,0.0,0.058913390854239696,0.3758167510332007,0.08908771736192433,0.08908771736192433,0.2965061970683341,0,1.8543064318220903,2.8415719585767114,0.039268895181546415,0,0.3013154427262799,0.4107626094236855,0.0,0,0.0,0.0,0.0,0.0,0.0,0.0,0.0,0.0,0.0,0.0,5.066780598327605,32.04345788174595,29.672462171477786,49.869702459149764
133,-1029.4470162812956,0.30388896926254927,0.20114091025863157,0.2095718982785748,0.28539822220024436,1.9282689126008656,0.4475893770252804,1.004692520002214,0.0,0.03477032334355746,0.2805052713638062,0.08981439817873868,0.08981439817873868,0.1749961459686141,0,1.869431849246653,2.8647504156417454,0.023176262017998817,0,0.30377324677068673,0.4141131645548732,0.0,0,0.0,0.0,0.0,0.0,0.0,0.0,0.0,0.0,0.0,0.0,4.410663436901223,30.8400817633674,29.734953379389403,50.35366521109826
133,-994.8565105978801,0.35148908680871244,0.17236954963114762,0.2203392288741867,0.25580213468595325,2.9069417189785898,0.24561254747903202,1.1130296910994408,0.0,3.059023205018258e-07,0.18366398952379231,0.11830502499806529,0.11830502499806529,1.539580940957631e-06,0,2.4624468475218215,3.7734970829648575,2.0390009784530235e-07,0,0.4001351930392042,0.5454767751958255,0.0,0,0.0,0.0,0.0,0.0,0.0,0.0,0.0,0.0,0.0,0.0,0.00016678751979034884,30.51234734983946,33.42826808400592,54.595954186283706
133,-977.9843644019825,0.3111578419095085,0.19759240005259218,0.19762002913872398,0.2936297288991753,3.783397159988103,0.16600880384020758,1.2076004494874997,0.0,3.059023205018258e-07,0.1550752119259976,0.1421005161500168,0.1421005161500168,1.539580940957631e-06,0,2.957735464157629,4.532486115350197,2.0390009784530235e-07,0,0.4806170951875237,0.6551922144003696,0.0,0,0.0,0.0,0.0,0.0,0.0,0.0,0.0,0.0,0.0,0.0,0.00010375672230248943,30.126416190833304,34.73343648458926,56.042103038003745
133,-971.3297980454595,0.30090304432366183,0.19938059058559976,0.20648561439938912,0.2932307506913493,4.643461366932812,0.12141702643618006,1.3112051552310804,0.0,0.0032877073230398565,0.1607108520097595,0.15742314468671964,0.15742314468671964,0.01654675755873773,0,3.2766666197578993,5.021221856605042,0.0021914310547067025,0,0.5324417994002305,0.7258412675733932,0.0,0,0.0,0.0,0.0,0.0,0.0,0.0,0.0,0.0,0.0,0.0,0.7905137835301366,30.405193005887234,35.45054460451047,56.64197305872515
133,-966.5692982404217,0.3099080137815224,0.20039137511944485,0.20320262550584217,0.2864979855931906,6.079347700772066,0.07866443081952365,1.5383026783362137,0.0,3.059023205018258e-07,0.1919072478548308,0.1914873284405573,0.1914873284405573,1.539580940957631e-06,0,3.98569180190391,6.107744580646454,2.0390009784530235e-07,0,0.6476548154347367,0.8829032444761094,0.0,0,0.0,0.0,0.0,0.0,0.0,0.0,0.0,0.0,0.0,0.0,6.108543884820883e-05,31.939778776189364,38.87043334340862,59.99063638075873
133,-965.487982075893,0.28588579077131293,0.19690730248024868,0.23961090138617347,0.2775960053622649,6.518874957381238,0.06669043553207352,1.8421718917419159,0.0,3.059023205018258e-07,0.2386331179230815,0.18697309204802087,0.18697309204802087,1.539580940957631e-06,0,3.891730728196759,5.963756970151223,2.0390009784530235e-07,0,0.6323866148626841,0.8620891572476702,0.0,0,0.0,0.0,0.0,0.0,0.0,0.0,0.0,0.0,0.0,0.0,6.154289857446504e-05,34.36456493510415,38.82347190801592,59.35154944856049
133,-963.9045850625447,0.3013080460834388,0.19670669838714186,0.22520331313247494,0.2767819423969444,6.493706087819139,0.06577932929367836,1.9424622241581988,0.0,3.059023205018258e-07,0.25231336552025424,0.1843916764305484,0.1843916764305484,1.539580940957631e-06,0,3.83800013856633,5.881419264693559,2.0390009784530235e-07,0,0.6236556650452215,0.8501868541419311,0.0,0,0.0,0.0,0.0,0.0,0.0,0.0,0.0,0.0,0.0,0.0,6.1967180288601e-05,35.03087829239353,38.65126437327796,59.33803574456644
133,-962.2737181506513,0.3185825646148204,0.19610129819558278,0.2084999924936997,0.2768161446958972,6.350496098216879,0.06368133201161995,2.3355564493425423,0.0,3.059023205018258e-07,0.28808184287161015,0.17465706308159865,0.17465706308159865,1.539580940957631e-06,0,3.6353801065486095,5.570920745491578,2.0390009784530235e-07,0,0.590730931783826,0.80530283085171,0.0,0,0.0,0.0,0.0,0.0,0.0,0.0,0.0,0.0,0.0,0.0,6.523509393546961e-05,36.94986750559184,38.026805417130305,58.89974730098785
133,-960.9468241061145,0.3205393282185079,0.1959254379322646,0.205561889298333,0.2779733445508945,6.149173686304065,0.061813876299121606,2.939087080095985,0.0,0.0007749258908213596,0.3224106869680234,0.16482587216736597,0.16482587216736597,0.003900137567462678,0,3.4307498714885747,5.25734175560899,0.0005165291479388769,0,0.5574795506667848,0.7599735110166662,0.0,0,0.0,0.0,0.0,0.0,0.0,0.0,0.0,0.0,0.0,0.0,0.17333036598104995,38.880970797932946,37.3504040742319,58.21372928975764
133,-957.2708591559326,0.3153210879810782,0.19607778162905506,0.20448577909825721,0.2841153512916095,5.533501611518098,0.055084573766100355,6.837985868253658,0.0,3.059023205018258e-07,0.4215551483607728,0.1417331699967075,0.1417331699967075,1.539580940957631e-06,0,2.9500893783114823,4.520769118223713,2.0390009784530235e-07,0,0.47937464480159103,0.6534984672827723,0.0,0,0.0,0.0,0.0,0.0,0.0,0.0,0.0,0.0,0.0,0.0,8.845331193060418e-05,45.129036853913746,36.49671927484195,57.24875102986615
133,-955.9072372844453,0.2990796169694428,0.1967081080585797,0.21449520177957176,0.28971707319240575,4.498879788046999,0.049397883293056465,27.300363985720107,0.0,0.009806208331102672,0.5779525971028477,0.11452612882914275,0.11452612882914275,0.04935383106888038,0,2.3837914315035436,3.6529641329021745,0.006536357210115769,0,0.38735408464544274,0.5280531695961695,0.0,0,0.0,0.0,0.0,0.0,0.0,0.0,0.0,0.0,0.0,0.0,2.6156717934462685,55.98826287616855,34.624769116965254,54.698355349748
133,-951.1354272592375,0.3044510773543346,0.19968656830432677,0.2078320346263178,0.2880303197150209,4.54241946170961,0.05264367107113654,25.173164850380648,0.0,0.007739456380991075,0.49606475693146973,0.12505177480182822,0.12505177480182822,0.03895204037027128,0,2.602876324507826,3.988693696163743,0.005158757575832482,0,0.42295427477440556,0.5765844591346088,0.0,0,0.0,0.0,0.0,0.0,0.0,0.0,0.0,0.0,0.0,0.0,2.0744183851268505,49.483119725326596,35.49123991213278,55.75003514896981
133,-936.4036289188746,0.3392531729339456,0.19000906405526635,0.1929766893484624,0.27776107366232566,3.8191089078440577,0.07260070491422142,85.10134161689861,0.0,3.059023205018258e-07,0.2306458420897684,0.17537215141085985,0.17537215141085985,1.539580940957631e-06,0,3.6502642334241813,5.59372944465354,2.0390009784530235e-07,0,0.5931495273310032,0.8085999357365782,0.0,0,0.0,0.0,0.0,0.0,0.0,0.0,0.0,0.0,0.0,0.0,8.184405906939854e-05,33.16636026341522,42.23529046277737,63.33386731999311
133,-939.3082765027331,0.261177789012768,0.24183767772333262,0.18112027913174164,0.31586425413215774,4.198999489490166,0.06981500098422047,198.28625524952582,0.0,3.059023205018258e-07,0.19566767695404208,0.1838787162141925,0.1838787162141925,1.539580940957631e-06,0,3.8273231849230642,5.865057712171781,2.0390009784530235e-07,0,0.6219207139288478,0.8478217146677105,0.0,0,0.0,0.0,0.0,0.0,0.0,0.0,0.0,0.0,0.0,0.0,7.815365472271137e-05,31.728889042021287,42.646322494319605,63.23042328618473
133,-934.8243928135959,0.30914872571656893,0.20855500847144737,0.1892071855142145,0.2930890802977693,3.949973559958146,0.07159846876321595,114.93546101617159,0.0,3.059023205018258e-07,0.2180594710473182,0.1783484016227419,0.1783484016227419,1.539580940957631e-06,0,3.7122130640153164,5.688660927850422,2.0390009784530235e-07,0,0.6032158998547729,0.8223227287268156,0.0,0,0.0,0.0,0.0,0.0,0.0,0.0,0.0,0.0,0.0,0.0,8.006457641684995e-05,32.62370658908519,42.41294060186513,63.3174330854465
133,-933.0427212079437,0.30302855783743843,0.20549932476650118,0.20470962374156776,0.28676249365449263,3.8813518398670106,0.07019006180081332,178.9320335975588,0.0,3.059023205018258e-07,0.2374216433307884,0.17230416890692113,0.17230416890692113,1.539580940957631e-06,0,3.5864060511939715,5.495872037249338,2.0390009784530235e-07,0,0.5827728947959567,0.7944541866220914,0.0,0,0.0,0.0,0.0,0.0,0.0,0.0,0.0,0.0,0.0,0.0,8.24354143570686e-05,33.46219293449549,42.00907362258496,62.804043350729046
133,-931.9756706403768,0.30026969440542683,0.20200815798467836,0.215959320080053,0.2817628275298418,3.9307948037836864,0.07209670297102395,301.04412556863804,0.0,3.059023205018258e-07,0.2341522486469507,0.16844682357652885,0.16844682357652885,1.539580940957631e-06,0,3.506117763787897,5.372836846204313,2.0390009784530235e-07,0,0.5697264530372856,0.776668870303757,0.0,0,0.0,0.0,0.0,0.0,0.0,0.0,0.0,0.0,0.0,0.0,8.503060404200055e-05,33.33429891451587,42.00059453919727,62.74844685594163
133,-930.7985134399859,0.29797499420450463,0.20024130897013448,0.22207573324955215,0.2797079635758088,4.206126043159706,0.07517793058172535,594.5786061876886,0.0,3.059023205018258e-07,0.23759342617391582,0.16335817179283382,0.16335817179283382,1.539580940957631e-06,0,3.4002005845040837,5.2105274881503245,2.0390009784530235e-07,0,0.5525154456112579,0.7532062881766678,0.0,0,0.0,0.0,0.0,0.0,0.0,0.0,0.0,0.0,0.0,0.0,8.78160548160525e-05,33.541653708784345,41.88585353689521,62.626499524072216
133,-928.4956027814715,0.2988478276969076,0.19787023212931185,0.22507240043724314,0.2782095397365374,5.226276843683489,0.08686988531432584,2215.1151543858755,0.0,3.059023205018258e-07,0.2398077927615688,0.16099432895547824,0.16099432895547824,1.539580940957631e-06,0,3.350998639422051,5.135129557660943,2.0390009784530235e-07,0,0.5445203776920796,0.74230716222651,0.0,0,0.0,0.0,0.0,0.0,0.0,0.0,0.0,0.0,0.0,0.0,8.859419521752685e-05,33.7350069300596,42.46662749141989,63.27313730431087
133,-934.6129458612122,0.3304746154410184,0.22160276636161744,0.17334396579007225,0.2745786524072919,6.155464573547572,0.10883068777289184,48039.92638165322,0.0,0.001511265256074546,0.4219230953086085,0.1551629754116129,0.1551629754116129,0.007606072360506784,0,3.229622576561566,4.94913073311505,0.0010073383329629454,0,0.5247973796538089,0.7154201561489031,0.0,0,0.0,0.0,0.0,0.0,0.0,0.0,0.0,0.0,0.0,0.0,0.4478650237724645,42.85108398813426,42.37901917540303,63.4768015929527
133,-927.9840077041646,0.30555438559181086,0.2029361637107495,0.2138631728501024,0.2776462778473372,5.4184052078790685,0.09129856212446578,4367.060369580808,0.0,0.000341845498238918,0.27458615945388765,0.15968926041112763,0.15968926041112763,0.0017204799655570525,0,3.3238344346649953,5.093502650052777,0.0002278581294334297,0,0.5401063314253917,0.7362897966835542,0.0,0,0.0,0.0,0.0,0.0,0.0,0.0,0.0,0.0,0.0,0.0,0.10368076353024416,35.213527612855756,42.44571448579169,63.303004330035144
133,-926.4480473681468,0.30959161905712074,0.199004567141265,0.21511191473557978,0.2762918990660345,7.246559621607892,0.11999360976530694,21644.855827154835,0.0,3.059023205018258e-07,0.24684312749197523,0.16653827206084915,0.16653827206084915,1.539580940957631e-06,0,3.4663924295242396,5.311961041670878,2.0390009784530235e-07,0,0.5632712865795273,0.7678689860546721,0.0,0,0.0,0.0,0.0,0.0,0.0,0.0,0.0,0.0,0.0,0.0,8.490967068589987e-05,33.883717846394426,44.67916180457491,65.7118105006318
133,-926.768149480102,0.3075747595984918,0.1881783249113247,0.2101682749458458,0.29407864054433774,7.602510787435139,0.13023630953217183,36626.60096768012,0.0,3.059023205018258e-07,0.24810278403721026,0.16490948249731469,0.16490948249731469,1.539580940957631e-06,0,3.432490169446382,5.26000861896642,2.0390009784530235e-07,0,0.5577623403075007,0.7603590186749778,0.0,0,0.0,0.0,0.0,0.0,0.0,0.0,0.0,0.0,0.0,0.0,8.636117980844637e-05,33.92083007964007,44.86370941935826,66.31133746679447
133,-926.4235685868156,0.3091727674339888,0.19671861877363833,0.21408133875274882,0.28002727503962405,7.31889568825049,0.12204692515337598,24136.468539442976,0.0,3.059023205018258e-07,0.24710533910862942,0.16619957184208822,0.16619957184208822,1.539580940957631e-06,0,3.459342591311903,5.30115774495956,2.0390009784530235e-07,0,0.5621257234268334,0.766307318635297,0.0,0,0.0,0.0,0.0,0.0,0.0,0.0,0.0,0.0,0.0,0.0,8.520274744387119e-05,33.89013076003589,44.71454122848225,65.83437831664033
133,-926.3791878520233,0.30877939709393637,0.19833177157614043,0.21372786262712667,0.27916096870279655,7.723439605842256,0.12827487747322308,33279.32423238252,0.0,0.00015222044825564384,0.24315131226108985,0.16735641677335766,0.16735641677335766,0.0007661128577709426,0,3.4834216120814996,5.338056862082094,0.00010146299067775889,0,0.5660384428561009,0.7716412597973129,0.0,0,0.0,0.0,0.0,0.0,0.0,0.0,0.0,0.0,0.0,0.0,0.04868090580466387,33.67926694050863,45.11474289394763,66.22197614075941
133,-926.3946843383457,0.30826897757511584,0.1984182595864614,0.2141331035286764,0.27917965930974636,7.772252228320243,0.1294561127926285,36601.22209705855,0.0,0.002364923588274205,0.24290174689854024,0.16563006939350172,0.16563006939350172,0.011902463758219078,0,3.4474887456345895,5.282992702278426,0.0015763468229162906,0,0.5601995332907408,0.7636814761647327,0.0,0,0.0,0.0,0.0,0.0,0.0,0.0,0.0,0.0,0.0,0.0,0.748455131529606,33.56815778207907,44.68902519507066,65.76736093934481
133,-926.3788900862855,0.3086994256228413,0.19834531161528074,0.21379136502399002,0.2791638977378879,7.731061842535551,0.12845910773542338,33778.78985357721,0.0,0.0004997506834526232,0.24311232220506493,0.16708494153968945,0.16708494153968945,0.0025152036317083667,0,3.477771020880175,5.329397796227867,0.0003331102983693725,0,0.5651202502854052,0.7703895510469086,0.0,0,0.0,0.0,0.0,0.0,0.0,0.0,0.0,0.0,0.0,0.0,0.16220848674575555,33.662000104790884,45.04496345656451,66.14611900990789
133,-926.3783467413411,0.3085450146388821,0.19858974012584793,0.21372137653392437,0.27914386870134555,7.748198946156153,0.1287161830453296,34596.4228157093,0.0,0.00038940667502835425,0.2434777264606819,0.1671962987602183,0.1671962987602183,0.001959851413261044,0,3.480088853420632,5.332949683790035,0.0002595601727036307,0,0.5654968863829282,0.7709029931221699,0.0,0,0.0,0.0,0.0,0.0,0.0,0.0,0.0,0.0,0.0,0.0,0.1262938462835728,33.68046637806503,45.082043995289574,66.1825353369972
133,-926.3780145283118,0.30843513790483545,0.19866856352740417,0.21378126538600425,0.27911503318175607,7.757178512330432,0.12891644975712657,35517.11718764653,0.0,0.00026996982000532954,0.24387096193620061,0.16731812278257452,0.16731812278257452,0.0013587356540222348,0,3.4826245460491436,5.336835424002708,0.00017994918320352136,0,0.5659089236459532,0.771464695170391,0.0,0,0.0,0.0,0.0,0.0,0.0,0.0,0.0,0.0,0.0,0.0,0.08731134249723242,33.700231383948875,45.119884612457625,66.2213715432603
133,-926.3776962998368,0.30828967873829355,0.19870305899545004,0.21387860715298082,0.27912865511327556,7.754748012447468,0.12902993701215235,36461.58883439876,0.0,0.00023301640602514138,0.24415231854668082,0.16736019661385224,0.16736019661385224,0.0011727521944202167,0,3.4835002871530794,5.338177425152687,0.00015531777565513255,0,0.5660512271584244,0.771658687756977,0.0,0,0.0,0.0,0.0,0.0,0.0,0.0,0.0,0.0,0.0,0.0,0.07525260100045236,33.71169054897711,45.133651458099706,66.23497066166058
