-6.956503465274975762e-01
-8.635755177646406988e-01
-4.548693176058679066e-01
5.890604258453149278e-01
-1.952378453599947772e+00
3.364722366212128390e-01
-1.367447031145044178e+00
2.226338444142777206e-01
-1.019257693734932912e+00
-1.404284479322488011e+00
-2.510088408737828569e+00
-3.052450336391471009e+00
-2.752143527525747202e-01
-3.400654539222874306e-01
-1.483567456865735101e+00
-8.050883720735565463e-01
-2.291340141406981612e+00
-8.742378189621579088e-01
-1.414704121041562512e+00
-1.110422058390691191e+00
-6.331804967494243375e-01
-5.540563781871910010e-01
