-6.144519738143170429e-01
-7.022517194560535803e-01
-6.125108140383458410e-01
6.112409879752226383e-01
-2.092266702931352640e+00
-2.210831864637685218e+00
-4.039105390849189625e+00
-8.777328001954467496e-01
-6.479192987217167188e-01
-4.722756554361593473e-01
-1.031764855707455464e+00
-3.534037074082403862e+00
-3.000086549042588757e+00
-5.358518735901871555e-01
-5.063818111013314027e-01
-1.176478579376426303e+00
-1.304614930474664369e+00
-2.559508656219438461e+00
-1.642504685124995367e+00
-1.901513237214397467e+00
-8.574696458728601201e-01
-1.059032340799514360e+00
-8.324953049692291884e-01
