-6.629535083972991627e-01
-7.570122610197704827e-01
-6.456461851239115868e-01
4.577863459437911953e-01
-3.724427354862081430e+00
7.580938889732086183e-01
-9.112609966710236709e-01
1.301514166595079403e-01
-7.014711279799661803e+00
-2.015669909161945661e+00
-2.070528426120175070e+00
-3.892113822334512196e+00
-4.905548820671901566e+00
-8.523209872786051688e-01
-9.636127881185887478e-01
-1.537957583193677591e+00
-1.969685853792696451e+00
-3.242175099378298064e+00
-1.498491788063705421e+00
-2.314984130208738389e+00
-2.618643398456411031e+00
-1.393726520626045851e+00
-1.370342030350871099e+00
