-6.515272873824117239e-01
-8.567594372902588296e-01
-5.249009825398027740e-01
5.505305932429586102e-01
-2.089556155616205668e+00
-1.580673414636881491e+00
-1.875626537875756172e+00
-3.603339379898112260e-01
-5.184829917269316857e-01
-1.950802201926072010e+00
-3.127896404568704103e+00
-6.935912006506339544e+00
-2.768998515374298530e-01
-6.912291357549118498e-01
-9.986206823176555503e-01
-1.188241017121944409e+00
-2.520530851171810749e+00
-1.213370811109388159e+00
-1.893539597612049485e+00
-1.255997043788018797e+00
-1.099745047094767614e+00
-1.138243516038137670e+00
