-7.008229541407159369e-01
-8.330052362320132797e-01
-5.357722730961628210e-01
5.741275832045944494e-01
-2.932569727969412732e+00
-9.842747917306750027e-01
3.364722366212128946e-01
-2.336973840957011550e+00
-2.152545783754030995e-01
-1.320309653970207275e+00
-2.256411930297233415e+00
-3.257151390341959996e+00
-3.009535626105638073e+00
-8.764320815892222560e-01
3.539143861008607339e-01
-6.955312882352731041e-01
-1.116784513731400308e+00
-2.691903715713006129e+00
-1.473618197824725140e+00
-1.091033572393436346e+00
-1.026305848804485610e+00
