-6.550546433034494243e-01
-9.268273539533415928e-01
-4.755284712808314773e-01
6.470500534467605869e-01
-2.250302624526982154e+00
-1.365475409757928249e+00
-1.573524893493600807e+00
-3.379349117531911251e-01
-3.552694517354721415e-01
-8.748291010619979602e-01
-1.013424605323351546e+00
-3.118656520221089412e+00
-3.580603678040276794e+00
-6.636298054469597085e-01
-9.599245695018199243e-01
-1.502939638107875675e+00
-1.328549576387068942e+00
-2.923398195066761129e+00
-1.400749018224522136e+00
-1.780034853062352207e+00
-1.573799719525825092e+00
-1.110604060340768084e+00
-1.092415552394572664e+00
