-6.679730746838095090e-01
-6.726543474581448967e-01
-6.970602485669554760e-01
8.234501427504637983e-01
-2.361223197204748381e+00
-2.231435513142097093e-01
3.364722366212128946e-01
-1.649558587957706379e+00
-4.760929008947270558e-01
-6.980520456509509142e-01
-1.288042989438258790e+00
-2.959292536999786893e+00
-2.996764129919433639e+00
-5.549058600927520013e-01
-6.141307695300434188e-01
-1.216752968697460080e+00
-1.146692746984137479e+00
-2.611417687453760461e+00
-1.418869149660349605e+00
-1.360575784368358354e+00
-1.780689200192905108e+00
-8.832195080497932116e-01
-8.286826872604424743e-01
