-6.516280099551264859e-01
-7.628517574086132180e-01
-5.316788672618313338e-01
6.035158931872008914e-01
-1.929108962364936897e+00
-2.231435513142096816e-01
3.364722366212128390e-01
-1.134539231195619058e+00
-4.382507972971266264e-01
-5.305838768213516632e-01
-1.266194863112758195e+00
-3.472559734634819151e+00
-2.677828146989452041e+00
-6.758209003305505336e-01
-5.250891450271361061e-01
-1.014058865009920707e+00
-1.245037212377653857e+00
-2.952616089227131813e+00
-1.203249699509823856e+00
-1.615092624762094253e+00
-1.674420078873802398e+00
-1.064883622165970101e+00
-1.094976594379139634e+00
