-6.791208624376738889e-01
-1.144868852108281043e+00
-3.854014893712744971e-01
6.907949253472253082e-01
-3.682477009086944530e+00
-1.538225810253911030e+00
-3.340435629445996923e+00
-1.005630516719102641e+00
-6.012863188374439893e-01
-1.201683114138907271e+00
-3.431259072654775810e+00
-2.112897697816676246e+00
-4.556812766598866693e-01
-1.491221144127932829e+00
-1.936976045529734236e+00
-1.699195516106847936e+00
-3.105927225544143244e+00
-1.488974282735917587e+00
1.831038202387485603e+00
-1.801271756263529200e+00
-1.442533462481724316e+00
-1.052090859441784820e+00
