-6.327583221224402088e-01
-6.751038513185080303e-01
-6.280039094910809805e-01
4.689952202660594982e-01
-1.587392559002834602e+00
-2.455571720903690025e+00
-2.201014002181603590e+00
-3.296908834863548354e-01
-5.287327848129880908e-02
-1.000694726464970569e-01
-1.067440717772466074e+00
-3.285007029156001845e+00
-3.247318786478715413e+00
-2.489198662303517273e-01
-1.101190247161849267e-01
-9.161193620515671876e-01
-8.423604618583480086e-01
-1.942052311811355958e+00
-1.104866251107455843e+00
-1.176795388071339543e+00
-1.101498704612310586e+00
-7.472170771205844941e-01
-5.871082077518468001e-01
