-6.747265875821446546e-01
-6.802343986549302945e-01
-6.603489223540269792e-01
5.239389064949252495e-01
-2.378347591556313922e+00
-2.231435513142097093e-01
3.364722366212128946e-01
-2.294872805684122330e+00
-1.086509868302915294e+00
-1.407259758361877777e+00
-2.249668059520713914e+00
-2.306082095662047138e+00
-3.002506940022004134e+00
-6.375195530789937726e-01
-1.184091782297490125e+00
-1.548012265507474616e+00
-1.384372204737198908e+00
-3.653130266971355233e+00
-1.796252155330372080e+00
-6.568705449407193919e-01
-1.623107397619440118e+00
-1.260084552138983849e+00
-4.272224100491150423e-01
