-6.502729849653865468e-01
-8.193688136417998091e-01
-4.772472430002449029e-01
6.634147345783508731e-01
-2.217036135909995043e+00
-6.127499915792945506e-01
-2.409879282954153545e+00
-5.823394954453326999e-01
-1.019855472630861293e+00
-3.415464480778295231e-01
-4.553324941968762141e-01
-4.542336741588353100e+00
-3.086808243382414663e+00
-6.193589367634038112e-01
-5.741648403654131538e-01
-1.430106840342529440e+00
-1.261996484654033024e+00
-1.132019653819374749e+00
-1.627835168288863876e+00
-1.719686375963134672e+00
-1.308555448146894395e+00
