-6.910568517181021608e-01
-7.905153511406305400e-01
-5.374098642459559372e-01
6.581757882274748006e-01
-2.213840602488807985e+00
3.364722366212128946e-01
-1.575963616152932456e+00
-1.402724853247540315e-01
-6.664466258846083457e-01
-1.186269984197148686e+00
-2.869024675232451749e+00
-2.612395451895582976e+00
-3.563958749152282834e-01
-8.800288587274104346e-01
-9.966043321905208030e-01
-1.320521977947465952e+00
-2.674646949894180725e+00
-1.207645603903563458e+00
-1.465186017443659505e+00
-1.442837950207655151e+00
-8.299688904133023515e-01
-6.823986007565557843e-01
