-6.794773438700506540e-01
-8.063273339440812926e-01
-5.082546550903466187e-01
6.458905524029249223e-01
-2.117905335977229520e+00
-2.299609073660108471e+00
-2.362690137351111108e+00
-1.612375979168664042e+00
-7.327493850042977597e-01
-5.323023081908218046e-01
-1.383192830335818746e+00
-3.687215834338369636e+00
-3.021792363754451927e+00
-5.959071417488337463e-01
-8.970310324829839921e-01
-1.408678484852107671e+00
-1.236770494585278657e+00
-2.456748339567416117e+00
-1.157207996965425423e+00
-1.590423836861253326e+00
-1.433817512438293695e+00
-3.776000221844448279e-01
-8.058481508899693058e-01
