-7.172655805183841826e-01
-7.151762500092859742e-01
-5.684883398319774406e-01
6.499875573816227270e-01
-2.507261090947400906e+00
-9.674933902720783685e-01
-1.949886827580091575e+00
-1.401411634978477982e+00
-7.753257125885830714e-01
-9.851433036235816010e-01
-1.835894192135445468e+00
-3.243038304103899261e+00
-4.979778522471621116e+00
-7.286273730651154912e-01
-6.282361256878948863e-02
-1.077091323038473547e+00
-1.473259271833941231e+00
-1.101859285021473234e+00
-7.437445712608941051e-01
-1.812115585535237994e+00
-1.845332616003872328e+00
