-7.481206591773316150e-01
-7.874416030886434159e-01
-6.427266199495000887e-01
4.355836233817798608e-01
-2.260034037845406019e+00
-1.181696003662381811e+00
-1.893032937789490999e+00
-7.331663222575106609e-01
-7.360631952405557454e-01
-1.271006503096053564e+00
-1.762824675977510136e+00
-2.964556385125991511e+00
-2.309143807562327844e+00
-5.773235848535857029e-01
-3.987099763723856993e-01
-1.426228573753282269e+00
-9.326202568716627228e-01
-3.040208967128080975e+00
-1.217569736236083111e+00
-1.384056247304260356e+00
-1.733281836261381104e+00
-9.764006676730303536e-01
-9.415584676374867401e-01
