-7.407415744638800037e-01
-8.774625790748902254e-01
-5.360696335468697615e-01
4.298265583202045548e-01
-1.688577020341097246e+00
-2.231435513142097093e-01
3.364722366212128946e-01
-7.912842516876735788e-01
-1.371396462774971403e-01
-1.188658469043703425e+00
-1.849252933128775256e+00
-2.899171010541892191e+00
-2.204117092031165459e+00
-1.284444303089325445e-01
-3.001425548922491138e-01
-1.820718252723741548e+00
-7.388964786233429560e-01
-2.745825739949192101e+00
-5.130420444647748601e-01
-8.618748185604452328e-01
-1.331522527062614314e+00
-7.334602033554693534e-01
-3.516735339558171858e-01
