-7.559003874403890100e-01
-8.231081713960810564e-01
-5.427508106253824405e-01
6.328064195111686718e-01
-2.645350134755753313e+00
-2.383567942008185947e-01
-1.752224953364317050e+00
-1.101897218218752750e+00
-1.164142210451715398e+00
-1.284599934341881244e+00
-1.173057517607863476e+00
-3.161285174826939048e+00
-3.197512409401559896e+00
-7.314601551560255821e-01
5.350544718193912530e-01
-1.737081226779663590e+00
-1.336182036485349389e+00
-2.974899103236813058e+00
-1.329275819839156325e+00
-1.775786582194160301e+00
-1.511139393575945400e+00
-1.259020861587112350e+00
-1.182550248764793865e+00
