-6.068418395237351604e-01
-6.891776347800371294e-01
-5.876252231085501432e-01
6.098905411977971758e-01
-3.106513282604029147e+00
-1.273240790082804441e+00
-1.836648359143552733e+00
-2.589352147906746615e-01
-6.929922948543112859e+00
-9.238426839256302925e-01
-1.266855785630166542e+00
-3.782569023806938269e+00
-2.448807047313493523e+00
-7.899799513076357638e-01
-9.881433385972027139e-01
-1.471194272842593076e+00
-1.123130597577479461e+00
-2.688524716770098522e+00
-1.473896820692372822e+00
-1.388947738537057663e+00
-1.910294113647383440e+00
-1.497064972770890900e+00
-1.081167232059747629e+00
