198,-1728.04489713758,0.30808080808080807,0.2016835016835017,0.23265993265993268,0.25757575757575757,1.2,0.9,1.0,0.0,0.144,0.84,0.21599999999999997,0.21599999999999997,0.7198451692864672,0,4.80780692906186,8.141314506431655,0.23109643958115,0,1.682082967315815,3.397882677409496,0.0,0,0.0,0.0,0.0,0.0,0.0,0.0,0.0,0.0,0.0,0.0,7.716975037867128,61.11814425771252,54.84088924802932,84.47024846346402
198,-1641.9992543437338,0.22795902682233463,0.2562835875798974,0.17122916399987895,0.34452822159788904,1.529738325719062,0.615742504288613,1.103806358473623,0.0,0.059826284392114785,0.37206345555172343,0.09025846340035355,0.09025846340035355,0.2990670959445986,0,2.0090058599198897,3.401956191710783,0.09601139803046564,0,0.7028806663973732,1.4198503207299091,0.0,0,0.0,0.0,0.0,0.0,0.0,0.0,0.0,0.0,0.0,0.0,5.615334451191993,42.696022169433064,51.37908147386954,82.04692549379817
198,-1577.3380717103146,0.2965074603017457,0.20702076248473522,0.20828542936858294,0.28818634784493613,1.828081168930074,0.4667391453431298,1.1903118537276232,0.0,0.03392968709343747,0.28470139671148365,0.10218968586160301,0.10218968586160301,0.1696119538167525,0,2.274575369278101,3.851659129225753,0.05445159641247151,0,0.7957941204775751,1.607539645366014,0.0,0,0.0,0.0,0.0,0.0,0.0,0.0,0.0,0.0,0.0,0.0,4.429965126390529,41.272344031006476,51.539498606711334,83.06585114036415
198,-1527.0996217895945,0.33314085795202264,0.18327447084825177,0.21819047377475906,0.2653941974249665,2.4328654995560393,0.29819833348317937,1.3648190572051186,0.0,3.059023205018258e-07,0.20236250826029473,0.14555233175390958,0.14555233175390958,1.5291826922691663e-06,0,3.239756986794246,5.486052360893783,4.909231744971095e-07,0,1.1334773060016305,2.2896747533480073,0.0,0,0.0,0.0,0.0,0.0,0.0,0.0,0.0,0.0,0.0,0.0,0.00011637241962506625,41.021166390373345,54.42727486473383,88.4632658272454
198,-1506.4785519270254,0.30416897770076506,0.2004268944068136,0.2021417082387604,0.29326241965366096,3.069308364374768,0.2059363223118399,1.5629045540692956,0.0,3.059023205018258e-07,0.1656220677097984,0.1656220677097984,0.1656220677097984,1.5291826922691663e-06,0,3.6864765034292657,6.242506214958277,4.909231744971095e-07,0,1.289768792158697,2.605390531795679,0.0,0,0.0,0.0,0.0,0.0,0.0,0.0,0.0,0.0,0.0,0.0,9.661812352823929e-05,40.18472364788408,56.484186156733685,90.49542715330028
198,-1500.8694652025729,0.29793239046289927,0.20149185737268854,0.20642990372774825,0.29414584843666397,3.420731561865112,0.17099620537720153,1.7345400471232117,0.0,0.0062040916118244575,0.17706487209489302,0.1708607804830686,0.1708607804830686,0.031013787337378668,0,3.80308168662692,6.439959957069636,0.009956551960610488,0,1.3305648547817417,2.68780039931521,0.0,0,0.0,0.0,0.0,0.0,0.0,0.0,0.0,0.0,0.0,0.0,1.564801097648115,40.28545825139898,57.07468772335643,90.37740776749402
198,-1492.2175785377503,0.29507418780788697,0.19872079635711973,0.2152939803282616,0.2909110355067317,4.827728223247288,0.09429446456549832,2.447160798151819,0.0,3.059023205018258e-07,0.20996370132918044,0.20996370132918044,0.20996370132918044,1.5291826922691663e-06,0,4.673448787508836,7.913798738219168,4.909231744971095e-07,0,1.6350757674092566,3.3029260353296457,0.0,0,0.0,0.0,0.0,0.0,0.0,0.0,0.0,0.0,0.0,0.0,9.380607493805458e-05,43.117107897202864,62.12878064252831,97.35579231958158
198,-1490.624297948136,0.32762138765073423,0.20056610640643,0.17589750449186095,0.2959150014509748,4.7473261100851305,0.0916352919569396,3.0094529351596195,0.0,3.059023205018258e-07,0.22973805303533795,0.2071814838761409,0.2071814838761409,1.5291826922691663e-06,0,4.611521174782538,7.808933426596585,4.909231744971095e-07,0,1.6134094683855225,3.2591591441793244,0.0,0,0.0,0.0,0.0,0.0,0.0,0.0,0.0,0.0,0.0,0.0,0.00010385785283599706,44.47746523939525,62.56199424343632,97.63110124671958
198,-1487.2502030657079,0.3158272382203586,0.19824731850008165,0.1931986296670443,0.29272681361251546,4.627548159482553,0.09439532002179653,3.110605676199102,0.0,3.059023205018258e-07,0.23811452148343928,0.19998082467707334,0.19998082467707334,1.5291826922691663e-06,0,4.451246271120085,7.537531430331589,4.909231744971095e-07,0,1.5573349026809045,3.1458860184458013,0.0,0,0.0,0.0,0.0,0.0,0.0,0.0,0.0,0.0,0.0,0.0,0.00010120593672947436,44.879272099737676,61.34995507117978,96.8904070662449
198,-1481.4185634230207,0.30765998335460165,0.19420501459710174,0.20924344007001325,0.28889156197828336,4.3557291776937355,0.09612893922234783,4.178895834678061,0.0,3.059023205018258e-07,0.27435323895224084,0.1848202464227044,0.1848202464227044,1.5291826922691663e-06,0,4.113796580472216,6.9661099689048,4.909231744971095e-07,0,1.4392730950126982,2.907395897010471,0.0,0,0.0,0.0,0.0,0.0,0.0,0.0,0.0,0.0,0.0,0.0,0.00010626977803507942,47.014607268058704,59.65171252331026,96.13950203496171
198,-1470.1655412602427,0.2949795044692292,0.19055690282625742,0.22683968885450276,0.28762390385001063,3.838971186141964,0.09425678059683473,10.450144353699281,0.0,0.0005872907770962251,0.35594422326146397,0.16118826029564598,0.16118826029564598,0.002935822422633424,0,3.587787197837192,6.075390378756595,0.0009425056082346141,0,1.2552408665489547,2.535642580834946,0.0,0,0.0,0.0,0.0,0.0,0.0,0.0,0.0,0.0,0.0,0.0,0.24256147457365246,52.11979777039038,58.483612670532786,96.44099112008603
198,-1458.6920112521984,0.2828765412563366,0.19296401784104283,0.2346753321597454,0.28948410874287517,3.200825842695685,0.0936692836807165,46.26659794206049,0.0,3.059023205018258e-07,0.42435321345537463,0.14254238537808683,0.14254238537808683,1.5291826922691663e-06,0,3.1727605004896846,5.372603656759213,4.909231744971095e-07,0,1.1100375859492908,2.242325472559398,0.0,0,0.0,0.0,0.0,0.0,0.0,0.0,0.0,0.0,0.0,0.0,0.00013294696302399797,56.41463849354159,59.45591362835276,99.33197588189678
198,-1450.1840115236641,0.29323422050041903,0.1927150319364245,0.23570785714012787,0.27834289042302857,2.879516759809226,0.11741479376068771,83.18646255061176,0.0,0.007310638902697046,0.35288730665037715,0.14223440534925652,0.14223440534925652,0.0365453340173902,0,3.1659053684682816,5.360995498072142,0.011732379315810644,0,1.1076392157605457,2.2374806577216635,0.0,0,0.0,0.0,0.0,0.0,0.0,0.0,0.0,0.0,0.0,0.0,2.41606886261827,49.683999453204166,62.4027359127099,100.24494474349473
198,-1439.2052027064167,0.3019224608987632,0.20332418986670187,0.21397244167472362,0.28078090755981133,2.8607207635660896,0.16297592805138592,102.44550273623678,0.0,0.009651591494113989,0.19368869607557906,0.16792130955988102,0.16792130955988102,0.048247579951141054,0,3.737653868699711,6.3291675623095385,0.015489225212371213,0,1.3076739567594549,2.6415597635251733,0.0,0,0.0,0.0,0.0,0.0,0.0,0.0,0.0,0.0,0.0,0.0,3.1622471513317625,40.39382816119222,70.81912011004908,105.56773584595669
198,-1437.2565035261337,0.2881168207443288,0.20677782012505744,0.20184085307165048,0.3032645060589633,3.222241954141998,0.1658760460135071,139.49350418683863,0.0,0.009539803858791732,0.2017687436949282,0.1751966609612892,0.1751966609612892,0.04768876197008075,0,3.8995912986953134,6.6033848026043165,0.01530982434770337,0,1.3643301820999454,2.7560078676868014,0.0,0,0.0,0.0,0.0,0.0,0.0,0.0,0.0,0.0,0.0,0.0,3.023561082775743,40.84594337190886,72.15637216174744,107.62478687463367
198,-1435.9361485211937,0.29887892493422,0.2012488699019426,0.20034873818445528,0.29952346697938204,3.6004857714679113,0.16674184638639608,158.37553681188632,0.0,0.007264196715605908,0.19801860440929886,0.18639109951630203,0.18639109951630203,0.03631317301719121,0,4.148761202638592,7.025317418341742,0.011657847204122286,0,1.4515059896094387,2.932106890137742,0.0,0,0.0,0.0,0.0,0.0,0.0,0.0,0.0,0.0,0.0,0.0,2.2882025903031726,40.89594438295481,74.35500024483906,110.08653096905311
198,-1433.9710290508656,0.30626158670199854,0.19913877217740755,0.20042973040068057,0.29416991071991333,4.071635502573866,0.18766290553357318,206.99375582338882,0.0,3.059023205018258e-07,0.21565469477925236,0.19061853122194408,0.19061853122194408,1.5291826922691663e-06,0,4.242856922298413,7.184654691814393,4.909231744971095e-07,0,1.4844267806629172,2.998608357556875,0.0,0,0.0,0.0,0.0,0.0,0.0,0.0,0.0,0.0,0.0,0.0,9.63877307943736e-05,42.157151981718556,76.45034102032872,113.32133353301185
198,-1432.9063109066724,0.3042237271282388,0.20639002404110166,0.20251443261922522,0.2868718162114343,4.707015450422528,0.20930524996248412,236.6262323377729,0.0,3.059023205018258e-07,0.21417762622034126,0.1856609991309721,0.1856609991309721,1.5291826922691663e-06,0,4.132510361474239,6.997799006961011,4.909231744971095e-07,0,1.4458203904307618,2.9206217260077296,0.0,0,0.0,0.0,0.0,0.0,0.0,0.0,0.0,0.0,0.0,0.0,9.936523958275527e-05,42.09772045875292,76.94254775710979,113.6897834055678
198,-1432.6438557567874,0.30220002528543954,0.20136944400543905,0.2082821444242586,0.2881483862848627,5.130469169042991,0.22781596872725027,248.42569620401554,0.0,3.059023205018258e-07,0.21461251241831292,0.18214324415581964,0.18214324415581964,1.5291826922691663e-06,0,4.0542108858062775,6.865210351362489,4.909231744971095e-07,0,1.418426150954399,2.865284139464019,0.0,0,0.0,0.0,0.0,0.0,0.0,0.0,0.0,0.0,0.0,0.0,0.00010228978956425202,42.13286521361188,77.36032660141066,114.286729115014
198,-1432.6536452439846,0.3004204431755386,0.2030097816422998,0.2088234615689355,0.2877463136132261,5.112843323543856,0.2247636665703914,242.73751183975375,0.0,0.00039206826311052206,0.21276434725994492,0.18298951419918683,0.18298951419918683,0.0019599197585461452,0,4.073047473669047,6.897107344790377,0.0006292054144278276,0,1.4250164121844802,2.878596761319426,0.0,0,0.0,0.0,0.0,0.0,0.0,0.0,0.0,0.0,0.0,0.0,0.13051665608515595,42.029289798363486,77.31539860459458,114.13872710089882
198,-1432.6430811075918,0.30168564130770176,0.2018414796117843,0.20843905301693216,0.28803382606358174,5.125378921411262,0.22693132972843208,246.77144610489796,0.0,0.00011263045737175738,0.21408018968059483,0.18238694092970567,0.18238694092970567,0.0005630311850943398,0,4.059635177649237,6.874395592475493,0.00018075345615978903,0,1.4203239203643225,2.8691177183831296,0.0,0,0.0,0.0,0.0,0.0,0.0,0.0,0.0,0.0,0.0,0.0,0.037613248938635206,42.10312308668321,77.34715736420998,114.24387716334098
198,-1432.66996478696,0.29845727240921194,0.20550979162781258,0.2088599777126641,0.2871729582503114,5.062072499992042,0.21921300096884197,232.8390848593704,0.0,3.059023205018258e-07,0.21124042148828295,0.18550709444275673,0.18550709444275673,1.5291826922691663e-06,0,4.129084694685272,6.991998143670383,4.909231744971095e-07,0,1.4446218698074418,2.918200660850049,0.0,0,0.0,0.0,0.0,0.0,0.0,0.0,0.0,0.0,0.0,0.0,0.00010031833610874963,41.983171818011144,77.39296133816248,114.18114882536688
198,-1432.633949033739,0.30058198640828065,0.2030851518993829,0.2085846045162139,0.2877482571761225,5.1037250104572,0.22427201274740963,241.93414693118862,0.0,7.46851134295398e-05,0.21311832346212062,0.18344389064093983,0.18344389064093983,0.0003733452647212923,0,4.083161150544337,6.914233370330305,0.00011985738752278459,0,1.4285548328947686,2.8857445290993122,0.0,0,0.0,0.0,0.0,0.0,0.0,0.0,0.0,0.0,0.0,0.0,0.024785611303654958,42.062659281094966,77.36225499573028,114.22247210554123
198,-1432.6287858101387,0.3005693431998683,0.20301314576500187,0.20859979719906163,0.2878177138360682,5.101557967999617,0.2245461890404346,241.46644294961828,0.0,3.059023205018258e-07,0.21303596221542337,0.1831403988649664,0.1831403988649664,1.5291826922691663e-06,0,4.076405919695086,6.902794379597365,4.909231744971095e-07,0,1.4261914146212253,2.8809703186904407,0.0,0,0.0,0.0,0.0,0.0,0.0,0.0,0.0,0.0,0.0,0.0,0.00010170416351927146,42.06419140777463,77.31936118057993,114.18938143717452
198,-1432.6286722537357,0.30062441069994394,0.2029412406759058,0.20859480702998334,0.2878395415941669,5.101807996498937,0.22464070945630335,241.12926598236191,0.0,3.059023205018258e-07,0.21307405633164472,0.1829625398958968,0.1829625398958968,1.5291826922691663e-06,0,4.072447069769675,6.896090649018729,4.909231744971095e-07,0,1.4248063519246683,2.8781724302181093,0.0,0,0.0,0.0,0.0,0.0,0.0,0.0,0.0,0.0,0.0,0.0,0.00010180830198610032,42.06698859685298,77.29032713095097,114.16247623756634
198,-1432.6285951776902,0.3006804532408737,0.2029976226989401,0.20846661613634948,0.2878553079238367,5.101810271482835,0.22440572388435504,240.59808629013344,0.0,3.059023205018258e-07,0.21299520698038177,0.18288024290009,0.18288024290009,1.5291826922691663e-06,0,4.0706152731646705,6.892988770658555,4.909231744971095e-07,0,1.424165470559354,2.876877821253041,0.0,0,0.0,0.0,0.0,0.0,0.0,0.0,0.0,0.0,0.0,0.0,0.00010184689091589493,42.065767248647745,77.2597176505422,114.1295446468348
198,-1432.628575474871,0.3006739370067558,0.20295965491665888,0.2084890267471586,0.2878773813294267,5.102493977707201,0.22429856280253804,240.44750977811117,0.0,3.059023205018258e-07,0.21292558220691565,0.18287273016230646,0.18287273016230646,1.5291826922691663e-06,0,4.070448051901837,6.892705606023831,4.909231744971095e-07,0,1.4241069657062817,2.876759638838344,0.0,0,0.0,0.0,0.0,0.0,0.0,0.0,0.0,0.0,0.0,0.0,0.00010185392248700961,42.06388511670549,77.25232509610382,114.12270275256085
198,-1432.6285712218323,0.3006776179099132,0.2029463652599593,0.20850127140449679,0.28787474542563063,5.10371616446155,0.22424292217738492,240.45916031554563,0.0,3.059023205018258e-07,0.21288207877541043,0.1828745583933298,0.1828745583933298,1.5291826922691663e-06,0,4.0704887453360135,6.8927745143745325,4.909231744971095e-07,0,1.424121202911211,2.8767883986278093,0.0,0,0.0,0.0,0.0,0.0,0.0,0.0,0.0,0.0,0.0,0.0,0.00010185392520527981,42.062706268983035,77.25019090250481,114.1206723620102
198,-1432.6285706830154,0.3006646403125179,0.20294600241127003,0.20850170288593367,0.2878876543902784,5.104082820465649,0.22422537039990992,240.52708812937533,0.0,3.059023205018258e-07,0.2128843782769613,0.18286714339228183,0.18286714339228183,1.5291826922691663e-06,0,4.070323699533154,6.892495033561583,4.909231744971095e-07,0,1.42406345917526,2.8766717537036706,0.0,0,0.0,0.0,0.0,0.0,0.0,0.0,0.0,0.0,0.0,0.0,0.00010185483508845048,42.06311899701903,77.24790364308038,114.11904124767787
