-7.411600153221959975e-01
-9.529081830296560751e-01
-5.235263461635832893e-01
7.201548715352771302e-01
-2.428795855319447750e+00
-1.470286738008486305e+00
-1.109810211639475241e+00
-1.378602172917334112e+00
-3.763790212620843345e-01
-2.036684602955290302e+00
-3.398638699029462362e+00
-2.343293608715701470e+00
-6.600727328318817255e-01
-9.369682972206754279e-01
-1.378950641224094831e+00
-1.438711035563110308e+00
-3.011439927936835570e+00
-1.301690800493941813e+00
-1.945499274916329790e+00
-1.567339006412653335e+00
-1.190570933551463817e+00
-9.591872981276550192e-01
