-6.515057917740051385e-01
-7.834943914468400772e-01
-5.143834609701199989e-01
3.529014475983313637e-01
-3.186774537198783008e+00
-2.231435513142097093e-01
3.364722366212128946e-01
-3.314067449901022311e+00
-8.414870135085897873e-01
-1.657980284944398974e+00
-1.598590396315022533e+00
-1.084988682707874474e+01
-2.339309654733144228e+00
-1.180527725074002054e+00
-5.870090220024742900e-01
-2.095010819849581818e+00
-1.615889272125458298e+00
-1.370714085483284173e+01
-1.486563582664864880e+00
-2.031186108095184295e+00
-2.421326471590414364e+00
-8.072602630276369817e-01
5.054442924990308894e-01
