-6.794716008976492416e-01
-8.062927149570682239e-01
-5.082993194244325164e-01
6.458545025960228392e-01
-2.117939135946598217e+00
6.401637166974435966e-02
-2.362484039672312797e+00
-1.612315492780376225e+00
-7.322059427139783194e-01
-5.323020149044405125e-01
-1.383382768539873631e+00
-3.685606682514158017e+00
-3.025823611348271047e+00
-5.961423525350024732e-01
-8.969917732169288005e-01
-1.409143206391201053e+00
-1.236643357218258021e+00
-2.459571167232265765e+00
-1.157003219530320592e+00
-1.590435017618624602e+00
-1.433862977729742028e+00
-3.775425420073530436e-01
-8.059727501777705916e-01
