-7.419557851923733738e-01
-9.560448445506560811e-01
-5.138227074658601179e-01
7.012468500434134722e-01
-2.435916234875593833e+00
-1.053605156578262814e-01
3.364722366212128390e-01
-1.590860530421679186e+00
-1.051091780482520388e+00
-4.040942013257800558e-01
-1.973626813725247953e+00
-3.252392165942800339e+00
-2.332763351836234733e+00
-6.272175271047247813e-01
-8.728062761926035362e-01
-1.312925205029864983e+00
-1.335974357793199507e+00
-2.900543044815217186e+00
-1.207783470259005121e+00
-1.872524488354414318e+00
-1.467827737955074152e+00
-1.120981325136734430e+00
-8.856597232361415051e-01
