-6.573017619850115567e-01
-6.290997067239589846e-01
-6.207369070661044042e-01
5.234923086920524327e-01
-2.429505448891512209e+00
3.364722366212128946e-01
-1.818610690943580410e+00
-2.255228501343812253e-01
-1.065523323534476319e+00
-1.315792690886918415e+00
-2.751572051237058947e+00
-3.996933499756203378e+00
-7.541110740634642262e-01
-5.072977600733180603e-01
-1.678095544328904287e+00
-1.305675861365908519e+00
-2.824209875124035207e+00
-1.252797570206217292e+00
-1.559518065924765162e+00
-5.307279518787078043e-01
-1.596073814016711445e+00
-1.329454407973309715e+00
