-6.932004700397303987e-01
-7.870591339365881067e-01
-5.374693658403790764e-01
6.897336782501031216e-01
-2.247941847226167855e+00
-2.568979999303299677e-01
-1.847636437730379111e+00
-8.529899137079263172e-01
-3.463952072031056817e-01
-7.192444044931389779e-01
-1.162816221098995406e+00
-3.041398965152353195e+00
-2.561211487771451800e+00
-4.253773458622534531e-01
-9.669886464434322981e-01
-1.053427158815836595e+00
-1.420752593938981123e+00
-2.758620859645703138e+00
-1.285013216252581802e+00
-1.586823561634431945e+00
-1.555237948462317776e+00
-9.224541015824447854e-01
-7.582410108962926998e-01
