-6.487523298051184328e-01
-8.484680452249439009e-01
-6.208797914110508742e-01
5.551212765486558398e-01
-3.179028433012196508e+00
3.364722366212128390e-01
-2.013568063640209793e+00
-6.996130517989479491e-01
-6.352572492078719657e-01
-1.382867249628582096e+00
-3.434567472394607801e+00
-2.955798652907982937e+00
-8.891359920578314480e-01
-7.029004769508262473e-01
-9.611800886150984047e-01
-1.199708989015943805e+00
-1.096828469850252397e+00
-1.419113744298757807e+00
-1.909742897727572553e+00
-1.568490356929715501e+00
