-6.850566622540195105e-01
-7.268629587415396109e-01
-5.315833432982862705e-01
6.420590194799643546e-01
-2.778760881833908680e+00
7.029616720876255553e-02
-2.363528082730732116e+00
-1.073698671111582570e+00
-7.620712191307899008e-01
-9.349597390302993860e-01
-1.654127715445891766e+00
-3.190767715482038192e+00
-4.136462193038640933e+00
-7.352290248571426989e-01
-8.596534232256477503e-01
-1.439323515169515177e+00
-1.712926429370628334e+00
-2.610727410423933303e+00
-1.601908277576694184e+00
-2.378315457815165512e+00
-8.150345884870001667e-01
-1.098822549547209482e+00
-1.224404493413185024e+00
