-7.342930992955980507e-01
-7.910269807103977868e-01
-6.855997848879538115e-01
6.895887426480643567e-01
-2.661735261087891491e+00
-2.231435513142096816e-01
3.364722366212128390e-01
-2.074662899100532698e+00
-9.488908582334708575e-01
-5.970148520926088498e-01
-7.031531075818888699e-01
-3.108490622090194222e+00
-3.369980886072232007e+00
-1.831560012002654503e+00
-1.593982397613948609e-01
-1.276111761302454184e+00
-1.396806140814870867e+00
-3.141788872783377595e+00
-1.622286903022482241e+00
-1.995048359906456792e+00
-1.869753303091652441e+00
-1.213233539275378803e+00
-8.584706478872645707e-01
