163,-1474.6722307814057,0.3038854805725971,0.2081799591002045,0.22249488752556235,0.26543967280163605,1.2,0.9,1.0,0.0,0.144,0.84,0.21599999999999997,0.21599999999999997,0.9364194938888292,0,7.444676825161387,12.45933083085901,0.13966749348185287,0,2.5415359106408864,2.5497945527266253,0.0,0,0.0,0.0,0.0,0.0,0.0,0.0,0.0,0.0,0.0,0.0,8.44229639312572,54.50157045324271,49.35745304472951,77.24571093939251
163,-1395.7397810275215,0.2152789315932618,0.277216448436642,0.15662914814925064,0.3508754718208455,1.6921272550705282,0.5609152444080565,1.0091221573850315,0.0,0.06560961762227005,0.4127672033284945,0.09908780358600608,0.09908780358600608,0.4266536453339287,0,3.41516979172631,5.715591324913091,0.06363563084448098,0,1.1659037551868763,1.169692323265019,0.0,0,0.0,0.0,0.0,0.0,0.0,0.0,0.0,0.0,0.0,0.0,6.708073299345668,41.17179967044778,46.59493806861245,75.18381227675621
163,-1324.7655365613014,0.2809681705082904,0.23861874500929872,0.17474953872052945,0.3056635457618815,2.233309836893875,0.38359707914299346,1.0111177611300322,0.0,0.03584251084091422,0.3101598284928852,0.114410494156031,0.114410494156031,0.23308073514829006,0,3.943283122216048,6.5994360982039435,0.03476412256421269,0,1.34619620116538,1.3505706239528206,0.0,0,0.0,0.0,0.0,0.0,0.0,0.0,0.0,0.0,0.0,0.0,5.217300861403838,39.81537352657989,47.10468054520204,76.52758020426674
163,-1262.3485950538093,0.3059126251325066,0.2065177395316731,0.20425649422629724,0.2833131411095231,3.8500014912022706,0.18185329306490705,1.0109803865534317,0.0,3.059023205018258e-07,0.20212749367708113,0.1906462209207312,0.1906462209207312,1.9892562232204038e-06,0,6.570831030986878,10.996871935668631,2.9669868301925294e-07,0,2.24321396619451,2.250503220377765,0.0,0,0.0,0.0,0.0,0.0,0.0,0.0,0.0,0.0,0.0,0.0,0.00010503315687385173,38.67908922460988,53.96489526390921,84.55951483860662
163,-1255.4820937948039,0.3125571356086236,0.21746530841990888,0.16765376130240686,0.3023237946690608,4.819445131664069,0.13257251301346198,1.00680991435444,0.0,0.008599672391802957,0.2087888424681703,0.20018917007636736,0.20018917007636736,0.05592292269959627,0,6.899739236647331,11.547329160817416,0.008340935331445901,0,2.355499836437424,2.363153960072155,0.0,0,0.0,0.0,0.0,0.0,0.0,0.0,0.0,0.0,0.0,0.0,2.046269843564654,38.915515636098434,55.49600110268575,84.96967210263742
163,-1251.2442358865783,0.30252349237921433,0.2144383849008952,0.18127885410781325,0.3017592686120772,5.6384895593303455,0.10629682783949776,1.0031646620705916,0.0,3.059023205018258e-07,0.21545222688681756,0.21545222688681756,0.21545222688681756,1.9892562232204038e-06,0,7.425797224230111,12.427734134389615,2.9669868301925294e-07,0,2.535090609538865,2.54332830781865,0.0,0,0.0,0.0,0.0,0.0,0.0,0.0,0.0,0.0,0.0,0.0,9.371571009797697e-05,39.88424081242631,58.30754288808551,87.96817915737239
163,-1250.741728120479,0.3009602529785367,0.20787894178746344,0.19643020016410526,0.29473060506989474,6.163713813615272,0.09330725778552482,0.9977488280430437,0.0,0.005192634137781782,0.22953420739435798,0.22434157325657617,0.22434157325657617,0.033767248828135234,0,7.732178293256845,12.940490186662384,0.005036404129113082,0,2.639685947598433,2.6482635251839772,0.0,0,0.0,0.0,0.0,0.0,0.0,0.0,0.0,0.0,0.0,0.0,1.294176501111367,40.58614559459,59.28453958197039,88.25523865555209
163,-1250.3384130572592,0.30405304721207044,0.20853202806894505,0.1924628635003103,0.29495206121867423,6.283590585928709,0.09062532798910959,0.994933877454043,0.0,3.059023205018258e-07,0.2365572832846089,0.22968263044649376,0.22968263044649376,1.9892562232204038e-06,0,7.916263685310739,13.248573513124057,2.9669868301925294e-07,0,2.70253080245474,2.711312592446261,0.0,0,0.0,0.0,0.0,0.0,0.0,0.0,0.0,0.0,0.0,0.0,8.953487632288921e-05,41.22178019220894,60.33093165557965,89.61061695411283
163,-1250.2758247262482,0.30231538618753395,0.21012296417866494,0.1912069622861765,0.2963546873476246,6.199513402853508,0.09219400756876785,0.9932005807344516,0.0,3.059023205018258e-07,0.24097338653408948,0.22693192358810887,0.22693192358810887,1.9892562232204038e-06,0,7.8214575575263385,13.089907000312344,2.9669868301925294e-07,0,2.6701649679166315,2.6788415861330317,0.0,0,0.0,0.0,0.0,0.0,0.0,0.0,0.0,0.0,0.0,0.0,8.991759570851068e-05,41.48013150919341,59.89473270105499,89.23942960463967
163,-1250.2350097260714,0.3017172488442823,0.21067310095415026,0.1912364818013508,0.2963731684002167,6.149138824311605,0.09276092070665697,0.98792442965193,0.0,3.059023205018258e-07,0.24985725254695595,0.22532102276659013,0.22532102276659013,1.9892562232204038e-06,0,7.76593609450044,12.996986878687322,2.9669868301925294e-07,0,2.651210512887137,2.6598255391900163,0.0,0,0.0,0.0,0.0,0.0,0.0,0.0,0.0,0.0,0.0,0.0,8.986544665755642e-05,42.01384382162714,59.604133155791985,88.98685426377179
163,-1250.2105316032457,0.30208211134836355,0.21022065002924561,0.19159273689941186,0.2961045017229789,6.120591327071592,0.09200432321825641,0.9717478283013538,0.0,3.059023205018258e-07,0.25522943566607875,0.22499836089884045,0.22499836089884045,1.9892562232204038e-06,0,7.754815199457851,12.978375068702155,2.9669868301925294e-07,0,2.647413953980284,2.6560166434827908,0.0,0,0.0,0.0,0.0,0.0,0.0,0.0,0.0,0.0,0.0,0.0,8.95442698302691e-05,42.34861376648926,59.535524224039044,88.91923255807373
163,-1250.1788421297142,0.30211487412327653,0.21050456447874108,0.1920563130726018,0.2953242483253806,6.052809138240515,0.09058964139407757,0.9337025638435285,0.0,4.1749694939035126e-05,0.26093417446704636,0.224944452885423,0.224944452885423,0.0002714946403112798,0,7.752957200669983,12.975265541972513,4.049357809560441e-05,0,2.6467796523507854,2.655380280709827,0.0,0,0.0,0.0,0.0,0.0,0.0,0.0,0.0,0.0,0.0,0.0,0.012099789521820222,42.70358421784344,59.46070626801772,88.840914424556
163,-1250.1382000196984,0.302342227507987,0.21105325363056704,0.1924849065458708,0.2941196123155751,5.928877357613129,0.08838501229714742,0.870043273013043,0.0,3.059023205018258e-07,0.26542742332927344,0.225290387319583,0.225290387319583,1.9892562232204038e-06,0,7.764880210230244,12.995219762162263,2.9669868301925294e-07,0,2.6508500448838634,2.65946389985715,0.0,0,0.0,0.0,0.0,0.0,0.0,0.0,0.0,0.0,0.0,0.0,8.767482156991768e-05,42.985183310720195,59.42245742275931,88.80203992514028
163,-1250.0959413102046,0.3024307890153492,0.21178989350385719,0.19248365906354556,0.2932956584172481,5.775050381447452,0.08645887797547663,0.803257776474443,0.0,3.059023205018258e-07,0.2646193267625938,0.22557180451872885,0.22557180451872885,1.9892562232204038e-06,0,7.77457956254822,13.011452493577316,2.9669868301925294e-07,0,2.6541613037611835,2.662785918567454,0.0,0,0.0,0.0,0.0,0.0,0.0,0.0,0.0,0.0,0.0,0.0,8.660301340595556e-05,42.92437894201991,59.382294751092225,88.76642239766026
163,-1250.0860744102772,0.300276894785845,0.20634195839977762,0.19277424591901943,0.3006069008953579,5.469559922536269,0.0814497930244432,0.6249709542318959,0.0,3.059023205018258e-07,0.26798654495381863,0.22532478295192881,0.22532478295192881,1.9892562232204038e-06,0,7.766065693410853,12.997203774025841,2.9669868301925294e-07,0,2.651254756618938,2.6598699266904506,0.0,0,0.0,0.0,0.0,0.0,0.0,0.0,0.0,0.0,0.0,0.0,8.408866274659153e-05,43.10891713510436,59.373494340539956,88.67503767628918
163,-1249.9693455091128,0.30214155836657397,0.20938518386721014,0.19224358817428108,0.2962296695919348,5.474631371763524,0.08360144561815272,0.6339055082481552,0.0,3.059023205018258e-07,0.2582000557869339,0.22458470559241386,0.22458470559241386,1.9892562232204038e-06,0,7.740558115784892,12.954514567254426,2.9669868301925294e-07,0,2.6425467326103287,2.6511336062280084,0.0,0,0.0,0.0,0.0,0.0,0.0,0.0,0.0,0.0,0.0,0.0,8.51272577494819e-05,42.48876107106855,59.22614303473395,88.60477607834045
163,-1249.9086349162349,0.3004958592197499,0.21206978385669026,0.1913963037362446,0.29603805318731524,5.558814458279921,0.08418519353746286,0.6127086578856791,0.0,7.419723820623579e-05,0.25230443461592567,0.2258198064109563,0.2258198064109563,0.00048249819617383487,0,7.783127219676285,13.025757760345561,7.196487696903418e-05,0,2.657079385775086,2.665713482798322,0.0,0,0.0,0.0,0.0,0.0,0.0,0.0,0.0,0.0,0.0,0.0,0.020617103162721705,42.121280139710315,59.36451238029031,88.72487248416843
163,-1249.8588436011905,0.29925846616567026,0.21305550788973604,0.1907204779495814,0.2969655479950123,5.636703691163826,0.08447517464723525,0.5752209726906459,0.0,3.059023205018258e-07,0.2470232378902182,0.22686841911987174,0.22686841911987174,1.9892562232204038e-06,0,7.819268806401435,13.086243930039176,2.9669868301925294e-07,0,2.6694177508494517,2.678091941007176,0.0,0,0.0,0.0,0.0,0.0,0.0,0.0,0.0,0.0,0.0,0.0,8.53692620380478e-05,41.79842566136671,59.53276883121024,88.8701257932457
163,-1249.779470093842,0.2981269139438783,0.2132123099959083,0.19000848635579398,0.2986522897044194,5.729873270037977,0.08465609211604085,0.49662940709348513,0.0,3.059023205018258e-07,0.24162005055409777,0.22759398874707884,0.22759398874707884,1.9892562232204038e-06,0,7.844276359126942,13.128096300530824,2.9669868301925294e-07,0,2.677955071512494,2.6866570034288264,0.0,0,0.0,0.0,0.0,0.0,0.0,0.0,0.0,0.0,0.0,0.0,8.555464774721889e-05,41.466314302763365,59.683152745436956,88.98040606617084
163,-1249.5767714236838,0.3004610724666445,0.21122966643022031,0.19050940833843538,0.2977998527646998,5.897992395347372,0.08533460336570542,0.3308012585194765,0.0,3.059023205018258e-07,0.2306108373066555,0.22811576250345675,0.22811576250345675,1.9892562232204038e-06,0,7.862259863719924,13.158193299834402,2.9669868301925294e-07,0,2.6840944545637186,2.69281633621479,0.0,0,0.0,0.0,0.0,0.0,0.0,0.0,0.0,0.0,0.0,0.0,8.65366633482817e-05,40.801126128968534,59.89520089273488,89.14452710176535
163,-1249.5256203673348,0.2958406730090321,0.2141246273065157,0.1832810617031309,0.3067536379813212,6.167259109392603,0.08451687073618695,0.09063339766396623,0.0,3.059023205018258e-07,0.2420653639377542,0.21767778664607382,0.21767778664607382,1.9892562232204038e-06,0,7.50250358146505,12.556109066447117,2.9669868301925294e-07,0,2.561277369026953,2.569600160369202,0.0,0,0.0,0.0,0.0,0.0,0.0,0.0,0.0,0.0,0.0,0.0,9.03726463266852e-05,41.641777715305,58.94063917946046,88.27669543836858
163,-1249.134173175105,0.2999649706387458,0.210416744992491,0.19046016073992902,0.2991581236288342,6.105853124959401,0.08494353443594363,0.08747942431180866,0.0,3.059023205018258e-07,0.23861252641525257,0.22169404891644404,0.22169404891644404,1.9892562232204038e-06,0,7.6409284640946575,12.787775456863967,2.9669868301925294e-07,0,2.6085341967431477,2.617010547680829,0.0,0,0.0,0.0,0.0,0.0,0.0,0.0,0.0,0.0,0.0,0.0,8.912146158919302e-05,41.372560386260794,59.30785117695167,88.6045594307389
163,-1249.0541668817523,0.3027286571079783,0.20948727190310742,0.1923841036659813,0.29539996732293294,6.105722527466813,0.08447894891509636,0.06438055711559532,0.0,0.0005416880110614029,0.24434976246660617,0.222531321450292,0.222531321450292,0.0035225500914150376,0,7.669785979970038,12.836071084154725,0.0005253903246813634,0,2.618385855130962,2.6268942187269086,0.0,0,0.0,0.0,0.0,0.0,0.0,0.0,0.0,0.0,0.0,0.0,0.15301468317681083,41.70038766323438,59.29242521229862,88.54847515265539
163,-1248.9897539349581,0.304564803490878,0.20910590624063946,0.19323542402772986,0.2930938662407527,6.0795380076743575,0.08374227069504155,0.0442877548217291,0.0,3.059023205018258e-07,0.251500754724059,0.2231522010336083,0.2231522010336083,1.9892562232204038e-06,0,7.691185275549347,12.871884714407797,2.9669868301925294e-07,0,2.625691354006805,2.634223456594682,0.0,0,0.0,0.0,0.0,0.0,0.0,0.0,0.0,0.0,0.0,0.0,8.788683298684632e-05,42.164867672686555,59.371886443439465,88.67220714823134
163,-1248.9716193816364,0.30426250919190306,0.2092055581049598,0.1924762252764314,0.29405570742670567,6.0911114787100855,0.0833159370012566,0.03519857009686218,0.0,2.7377511239601023e-05,0.2539505530513699,0.2225800238439617,0.2225800238439617,0.00017803357790918697,0,7.671464561365791,12.838880339872249,2.6553808143099513e-05,0,2.6189589055126548,2.627469131218037,0.0,0,0.0,0.0,0.0,0.0,0.0,0.0,0.0,0.0,0.0,0.0,0.007860759432822672,42.32977634727817,59.328238446889024,88.62529389271064
163,-1248.954086515078,0.3036984889116232,0.2094654909067298,0.19153029644760272,0.2953057237340443,6.124424542109849,0.08281720401834512,0.02331696818717749,0.0,3.059023205018258e-07,0.25586004225602577,0.22225953860171396,0.22225953860171396,1.9892562232204038e-06,0,7.660418686107606,12.820394082189043,2.9669868301925294e-07,0,2.615187957586715,2.623685929713812,0.0,0,0.0,0.0,0.0,0.0,0.0,0.0,0.0,0.0,0.0,0.0,8.800799124376536e-05,42.46570427133577,59.33671906619778,88.6266103873456
163,-1248.9560368122347,0.30291855089611536,0.20977626249424658,0.1910627967044958,0.2962423899051423,6.190143362673561,0.0824709762871829,0.014017572512328031,0.0,0.00022608907660186652,0.2552674090212102,0.2229078403118486,0.2229078403118486,0.0014702376297591152,0,7.682763115353679,12.85778947795191,0.0002192867682820092,0,2.6228161153517013,2.631338874940778,0.0,0,0.0,0.0,0.0,0.0,0.0,0.0,0.0,0.0,0.0,0.0,0.0643360054170063,42.427200501062146,59.43758602042486,88.68328990137832
163,-1248.9525974289768,0.3034193616968513,0.2095768629294252,0.19136299291467446,0.295640782459049,6.147844306778113,0.0826932303445419,0.019437718725061837,0.0,8.066943680875949e-05,0.25564849864951633,0.222491146953556,0.222491146953556,0.0005245863415885795,0,7.6684013218922,12.83375373533159,7.824234749772332e-05,0,2.6179131471395434,2.6264199746855383,0.0,0,0.0,0.0,0.0,0.0,0.0,0.0,0.0,0.0,0.0,0.0,0.023116378703926316,42.45186348927788,59.37275414960067,88.64681795115561
163,-1248.9431842939143,0.3031311586740894,0.2095373024434982,0.19169972048003583,0.29563181840237657,6.168778758809978,0.08252971821990739,0.015840035180341487,0.0,4.2900437998040715e-05,0.2551228309824038,0.2234514614269014,0.2234514614269014,0.0002789778224842666,0,7.701499613117114,12.88914667850322,4.1609698919861006e-05,0,2.6292125625076705,2.6377561071533187,0.0,0,0.0,0.0,0.0,0.0,0.0,0.0,0.0,0.0,0.0,0.0,0.012276068414341795,42.413521763681004,59.49834038900471,88.75440421115593
163,-1248.9164763727267,0.302965927877813,0.20950252647509376,0.19201597463272546,0.2955155710143678,6.108167544720785,0.08288183194436256,0.011552901124847203,0.0,3.059023205018258e-07,0.255949417584901,0.22571642361003325,0.22571642361003325,1.9892562232204038e-06,0,7.7795640180922465,13.019794424609815,2.9669868301925294e-07,0,2.6558629454922684,2.6644930897305477,0.0,0,0.0,0.0,0.0,0.0,0.0,0.0,0.0,0.0,0.0,0.0,8.64364700969008e-05,42.41090367908741,59.69554093909204,88.92464766975047
163,-1248.8988552075352,0.30237821774841006,0.2095484404406691,0.19182110315134693,0.2962522386595739,6.021599740498339,0.08379415076007682,0.00890329302130968,0.0,3.059023205018258e-07,0.25514122679382345,0.227720194386025,0.227720194386025,1.9892562232204038e-06,0,7.848626174846698,13.135376105199112,2.9669868301925294e-07,0,2.6794400537509526,2.6881468110709945,0.0,0,0.0,0.0,0.0,0.0,0.0,0.0,0.0,0.0,0.0,0.0,8.522912693636254e-05,42.28798648407657,59.84359826568844,89.04879048470264
163,-1248.88272424982,0.30084132637366084,0.2098632414793087,0.19334043887600263,0.29595499327102776,5.929232204235206,0.08473237719693724,0.0051820223161577654,0.0,3.059023205018258e-07,0.25614006196029987,0.22671269717834305,0.22671269717834305,1.9892562232204038e-06,0,7.813901678951121,13.077261563432094,2.9669868301925294e-07,0,2.667585468875054,2.6762537050893522,0.0,0,0.0,0.0,0.0,0.0,0.0,0.0,0.0,0.0,0.0,0.0,8.521044131985442e-05,42.31989889939374,59.629952258346485,88.86480741379064
163,-1248.867043573869,0.3013374017067057,0.20993070012809856,0.19220434214792442,0.2965275560172713,5.8941304183673076,0.08576471630363713,0.0031247836848480675,0.0,3.059023205018258e-07,0.25352748515826795,0.22576129628719124,0.22576129628719124,1.9892562232204038e-06,0,7.7811106041094735,13.022382774285639,2.9669868301925294e-07,0,2.6563909340126557,2.66502279393325,0.0,0,0.0,0.0,0.0,0.0,0.0,0.0,0.0,0.0,0.0,0.0,8.553165748133757e-05,42.14253814875169,59.501709217527775,88.76301316253944
163,-1248.8624524103552,0.30203638937654836,0.21002277739857392,0.19172345039318173,0.2962173828316961,5.890758211085729,0.08616935182967235,0.0019637422790538504,0.0,3.059023205018258e-07,0.25276956156313113,0.2244914408217827,0.2244914408217827,1.9892562232204038e-06,0,7.737343643208402,12.949134860624067,2.9669868301925294e-07,0,2.641449344815159,2.6500326525052462,0.0,0,0.0,0.0,0.0,0.0,0.0,0.0,0.0,0.0,0.0,0.0,8.60878285693986e-05,42.10789010430743,59.35669184826682,88.64691674789408
163,-1248.8614855030187,0.3019208719092026,0.21001100534582803,0.1917125289600904,0.296355593784879,5.9074584714376694,0.08628753209944377,0.0015062265402187728,0.0,3.059023205018258e-07,0.252058124887735,0.22420163884414268,0.22420163884414268,1.9892562232204038e-06,0,7.727355300306446,12.932418477684926,2.9669868301925294e-07,0,2.638039427532071,2.646611654801746,0.0,0,0.0,0.0,0.0,0.0,0.0,0.0,0.0,0.0,0.0,0.0,8.632669292447127e-05,42.069889314671904,59.336543086147266,88.62928454641158
163,-1248.8604233706697,0.3024162110574311,0.20964534684093747,0.19185159396211202,0.2960868481395195,5.926636007869993,0.08646424112865249,0.0008191224480121415,0.0,1.0208849378940794e-05,0.2522585749615333,0.2240951590740206,0.2240951590740206,6.638726089315991e-05,0,7.723685358283407,12.92627650230185,9.901697250627995e-06,0,2.6367865471639136,2.6453547032377056,0.0,0,0.0,0.0,0.0,0.0,0.0,0.0,0.0,0.0,0.0,0.0,0.002884882638230882,42.08574195718633,59.32841731668059,88.62166662123286
163,-1248.859344189024,0.30237007890883666,0.20945695623600744,0.19199808001769486,0.29617488483746107,5.940166336132491,0.08653412639576104,0.0005369557880572116,0.0,3.059023205018258e-07,0.2524266814968215,0.224312525348681,0.224312525348681,1.9892562232204038e-06,0,7.73117712526274,12.938814642706781,2.9669868301925294e-07,0,2.6393441591676714,2.6479206261223145,0.0,0,0.0,0.0,0.0,0.0,0.0,0.0,0.0,0.0,0.0,0.0,8.645580626342232e-05,42.094764318032595,59.35760299503169,88.64503902124778
163,-1248.8594217235768,0.30191970744596197,0.20944162049335108,0.19211113397899018,0.2965275380816968,5.946797559248928,0.0865707530127841,0.0003819709366277675,0.0,6.958286915260435e-06,0.25273131231327534,0.22467887100923137,0.22467887100923137,4.5249135496676663e-05,0,7.743803630119674,12.959946225036626,6.748933974874992e-06,0,2.6436547177417276,2.6522451917227143,0.0,0,0.0,0.0,0.0,0.0,0.0,0.0,0.0,0.0,0.0,0.0,0.0019626353765430328,42.10706373593352,59.397025308993385,88.6737862023606
163,-1248.8592324423726,0.30219031830000437,0.20945086035745736,0.1920432368922491,0.2963155844502892,5.942811040685824,0.08654873708596762,0.00046873684886575577,0.0,2.7733295942854846e-06,0.25254817587563017,0.22445861087440885,0.22445861087440885,1.8034721493525874e-05,0,7.736212123076989,12.947241160737537,2.6898888405062335e-06,0,2.6410630555087,2.6496451079636714,0.0,0,0.0,0.0,0.0,0.0,0.0,0.0,0.0,0.0,0.0,0.0,0.0007831906020244535,42.09967211507533,59.3733379838813,88.65653187975607
163,-1248.8589297812816,0.301937909828897,0.20949055909949668,0.19206402192416006,0.2965075091474463,5.9427879321573265,0.08659103056203471,0.000369092742628306,0.0,3.059023205018258e-07,0.2527774634339214,0.2246669766711818,0.2246669766711818,1.9892562232204038e-06,0,7.743393678717691,12.959260134792304,2.9669868301925294e-07,0,2.6435147645598467,2.652104783767311,0.0,0,0.0,0.0,0.0,0.0,0.0,0.0,0.0,0.0,0.0,0.0,8.629039496251692e-05,42.10910357490539,59.39285789074141,88.67145416866222
163,-1248.8587151852316,0.30195467157334316,0.20955672779913648,0.19200380897752162,0.29648479164999875,5.939388210490454,0.0866105882953301,0.0003407555326393699,0.0,3.059023205018258e-07,0.2529276539627109,0.22462277863680044,0.22462277863680044,1.9892562232204038e-06,0,7.741870345003448,12.956710699919938,2.9669868301925294e-07,0,2.642994714135958,2.6515830434557057,0.0,0,0.0,0.0,0.0,0.0,0.0,0.0,0.0,0.0,0.0,0.0,8.62830039871882e-05,42.11790839673739,59.38398260474996,88.66447342261395
163,-1248.8579751290924,0.30195843089574287,0.20996452297360124,0.19184100768728826,0.29623603844336766,5.942931601564631,0.08664384501669843,0.00016656992233275177,0.0,3.059023205018258e-07,0.25334876798939,0.2246529245004435,0.2246529245004435,1.9892562232204038e-06,0,7.7429093552462165,12.95844957625471,2.9669868301925294e-07,0,2.6433494215202455,2.651938903450633,0.0,0,0.0,0.0,0.0,0.0,0.0,0.0,0.0,0.0,0.0,0.0,8.626877682463451e-05,42.14473788501904,59.37753100641479,88.66156671257505
163,-1248.8578936419829,0.30200140003710546,0.21000657515007445,0.19184471066453596,0.29614731414828416,5.944694296069191,0.08664518099410426,0.00012864738758090283,0.0,3.059023205018258e-07,0.2533330340617244,0.22464318759502339,0.22464318759502339,1.9892562232204038e-06,0,7.742573762125245,12.957887931227404,2.9669868301925294e-07,0,2.6432348534888392,2.6518239631339635,0.0,0,0.0,0.0,0.0,0.0,0.0,0.0,0.0,0.0,0.0,0.0,8.628621765844886e-05,42.14468549624214,59.37608772015484,88.66099689901189
163,-1248.857778208595,0.30203671435699864,0.21001820365883694,0.1918474057272474,0.29609767625691696,5.945176102300845,0.08662846546656781,7.448184215990134e-05,0.0,3.059023205018258e-07,0.2532660281644954,0.22463975553898516,0.22463975553898516,1.9892562232204038e-06,0,7.742455472550937,12.957689963071802,2.9669868301925294e-07,0,2.6431944706477815,2.6517834490701166,0.0,0,0.0,0.0,0.0,0.0,0.0,0.0,0.0,0.0,0.0,0.0,8.629508018381267e-05,42.141246543548036,59.37653209237083,88.6617868934457
163,-1248.857687279256,0.30198514254731706,0.2099900737223326,0.191928690143305,0.2960960935870453,5.935726889358677,0.08655161958885749,3.3606934610755795e-05,0.0,3.059023205018258e-07,0.2533625554455039,0.2244951226133406,0.2244951226133406,1.9892562232204038e-06,0,7.737470540191208,12.949347234045687,2.9669868301925294e-07,0,2.641492666136732,2.65007611459811,0.0,0,0.0,0.0,0.0,0.0,0.0,0.0,0.0,0.0,0.0,0.0,8.630266762704396e-05,42.148176186582475,59.359052000968916,88.64674116447199
163,-1248.8579328636629,0.3019690181897898,0.20990492337087635,0.19180427997427965,0.2963217784650542,5.935180169985623,0.08644852668570241,9.75266984841162e-06,0.0,5.437831768418219e-06,0.252974984020616,0.22482171813966742,0.22482171813966742,3.536174772524157e-05,0,7.748727013089573,12.968185945667837,5.274224535215029e-06,0,2.6453355099256872,2.653931445588726,0.0,0,0.0,0.0,0.0,0.0,0.0,0.0,0.0,0.0,0.0,0.0,0.0015313834747377715,42.12046730125259,59.40301415799229,88.6825512352116
163,-1248.857681941241,0.30198197876748706,0.20997336648816708,0.19190427691055492,0.29614037783379094,5.935619615215505,0.0865313823488744,2.6363667192202143e-05,0.0,1.0656843380262188e-06,0.25328654939707507,0.22455916551051827,0.22455916551051827,6.930052697637249e-06,0,7.739677848859888,12.953041362023944,1.0336212523263169e-06,0,2.6422462185580216,2.650832115664612,0.0,0,0.0,0.0,0.0,0.0,0.0,0.0,0.0,0.0,0.0,0.0,0.0003005528943311718,42.14275384424632,59.367693156913504,88.65380574730072
163,-1248.857596210829,0.30200061046463894,0.20994487229728526,0.19188289426749566,0.29617162297058014,5.937611282280485,0.08650309428536454,1.64551078339298e-05,0.0,1.7071920818646468e-08,0.2531154162459183,0.2246607801380603,0.2246607801380603,1.1101721842157704e-07,0,7.7431801084097005,12.958902705828576,1.655828048375704e-08,0,2.64344185385869,2.6520316361450935,0.0,0,0.0,0.0,0.0,0.0,0.0,0.0,0.0,0.0,0.0,0.0,4.813531004484753e-06,42.13175884173876,59.382530797875106,88.66637805804953
163,-1248.8606361578936,0.3015993136756562,0.21077188912476583,0.19135889414805535,0.29626990305152257,5.91553253753429,0.08592175313928525,2.8227011807335487e-05,0.0,3.059023205018258e-07,0.25175883322099657,0.22444082698406728,0.22444082698406728,1.9892562232204038e-06,0,7.735599181797881,12.946215348824456,2.9669868301925294e-07,0,2.640853803675672,2.6494351761733044,0.0,0,0.0,0.0,0.0,0.0,0.0,0.0,0.0,0.0,0.0,0.0,8.625004541897214e-05,42.05716803926489,59.372522263246225,88.66254107188637
163,-1248.857595676921,0.30199541793422163,0.2099555546917578,0.1918761108089868,0.2961729165650337,5.937325259240284,0.08649555198269634,1.6570334285054426e-05,0.0,1.6850952247602968e-08,0.2530978425235857,0.22465793457298797,0.22465793457298797,1.0958027899475833e-07,0,7.743082032889569,12.958738567695997,1.634396016114654e-08,0,2.6434083718873134,2.6519980453750898,0.0,0,0.0,0.0,0.0,0.0,0.0,0.0,0.0,0.0,0.0,0.0,4.7512273500847734e-06,42.130792072918325,59.38240256022725,88.6663300565263
