-5.384551756291912072e-01
-8.096444857101122716e-01
-5.935029559975542046e-01
3.860902296135833578e-01
-2.718397476651062128e+00
3.364722366212128946e-01
-1.060996185704377703e+00
-1.502810200044862210e+00
-1.605372617372449739e-01
-9.784861210704882684e-01
-3.310672367458352916e+00
-2.289536995222211768e+00
-7.779017399329866134e-01
-7.096382526618094655e-01
-1.324120642750843402e+00
-1.128659758920453449e+00
-1.393133289007586040e+00
-1.552881701961060346e+00
-2.198155547705708202e+00
-2.147009025076451305e+00
-1.652837263581976801e+00
-2.081060192048156843e+00
