198,-1729.5219390167013,0.30808080808080807,0.2016835016835017,0.23265993265993268,0.25757575757575757,1.2,0.9,0.9,0.0,0.144,0.84,0.21599999999999997,0.21599999999999997,0.8005255048336019,0,4.9280575161096545,8.26161310745457,0.21049901362973034,0,1.6461440906089329,3.37939008532009,0.0,0,0.0,0.0,0.0,0.0,0.0,0.0,0.0,0.0,0.0,0.0,8.076539161325085,61.13530185835636,54.27061974910131,84.08204946179336
198,-1643.381552089409,0.2280113219263032,0.2562713210478813,0.1712699958452516,0.3444473611805639,1.5277423213269035,0.616215611489614,0.9922961671524307,0.0,0.059773759189615354,0.37169711530352395,0.09017834418239708,0.09017834418239708,0.33229457466020124,0,2.057426235362895,3.4491601403048215,0.08737720382191015,0,0.6872525387812566,1.4108694548174785,0.0,0,0.0,0.0,0.0,0.0,0.0,0.0,0.0,0.0,0.0,0.0,6.057890680242201,42.712354096667795,51.04908169009394,81.76032062116502
198,-1579.4261114610845,0.29649981794487495,0.2070338039042488,0.20833985611567812,0.2881265220351981,1.8233693972968976,0.467562154125669,1.0694088492323335,0.0,0.03427966821594451,0.2848463307373204,0.10184541525644387,0.10184541525644387,0.1905676993340094,0,2.323611408036237,3.8954047111888452,0.050109974632019015,0,0.7761677244444813,1.5934045673746942,0.0,0,0.0,0.0,0.0,0.0,0.0,0.0,0.0,0.0,0.0,0.0,4.741654738860319,41.278094609271264,51.30231585552931,82.82200136991466
198,-1529.2352200425064,0.3338130567227541,0.1828331134211959,0.21853204011380298,0.26482178974224696,2.429643935997897,0.2977411058068194,1.2267377475050805,0.0,3.059023205018258e-07,0.20180339075942397,0.14540923894064212,0.14540923894064212,1.7005736774270441e-06,0,3.317523578116741,5.561642936930568,4.4716761619916644e-07,0,1.108169256491113,2.274974724027528,0.0,0,0.0,0.0,0.0,0.0,0.0,0.0,0.0,0.0,0.0,0.0,0.00011840593870233075,40.99797615039628,54.304119719582346,88.36265121626334
198,-1508.6203500442189,0.3040000288427105,0.20052951497216967,0.2020699050064071,0.2934005511787127,3.056451195100613,0.20640621723541025,1.4026545238044086,0.0,3.059023205018258e-07,0.16542609357632052,0.16542609357632052,0.16542609357632052,1.7005736774270441e-06,0,3.7742097398585437,6.327251773171926,4.4716761619916644e-07,0,1.2607184554313908,2.588144909653014,0.0,0,0.0,0.0,0.0,0.0,0.0,0.0,0.0,0.0,0.0,0.0,9.729055596679391e-05,40.17020631501128,56.329577933739586,90.3447934861608
198,-1503.1507184573366,0.2976290307267562,0.20176165065753882,0.2061443230949746,0.29446499552073035,3.3932017832298538,0.17251831674667625,1.550684354839336,0.0,0.006203372765324205,0.17681321305315317,0.17060984028782897,0.17060984028782897,0.03448582024050122,0,3.8924773414477007,6.525520799919717,0.009068082279710262,0,1.3002239832849238,2.6692463089200618,0.0,0,0.0,0.0,0.0,0.0,0.0,0.0,0.0,0.0,0.0,0.0,1.5789732697553682,40.27527225287091,56.859544373253996,90.16761855894458
198,-1494.3463793220512,0.29421544918961173,0.19918923632433855,0.21520727981542653,0.2913880346706232,4.787211861158964,0.09521113731220432,2.18154383881175,0.0,3.059023205018258e-07,0.21007257878135102,0.21007257878135102,0.21007257878135102,1.7005736774270441e-06,0,4.792822920333215,8.034899862855521,4.4716761619916644e-07,0,1.600970991481021,3.2866536570894502,0.0,0,0.0,0.0,0.0,0.0,0.0,0.0,0.0,0.0,0.0,0.0,9.19147432010593e-05,43.099546235195085,61.899642249360554,97.09476512168779
198,-1492.9440973386927,0.32870011040659913,0.2005120579112228,0.17485241339797059,0.29593541828420744,4.7351390693882,0.09156915991375261,2.69944989404074,0.0,3.059023205018258e-07,0.22972166120482443,0.20711069127073095,0.20711069127073095,1.7005736774270441e-06,0,4.725247216589778,7.921612970815963,4.4716761619916644e-07,0,1.5783983358205782,3.2403139659449,0.0,0,0.0,0.0,0.0,0.0,0.0,0.0,0.0,0.0,0.0,0.0,0.00010227310388330078,44.48772267580466,62.34737659537916,97.37754209410281
198,-1489.5220066631532,0.3155379032056377,0.1980902385016184,0.19388369993370733,0.2924881583590366,4.626362015840418,0.09425686625417314,2.761564014726291,0.0,3.059023205018258e-07,0.23703602854071892,0.2000324679852678,0.2000324679852678,1.7005736774270441e-06,0,4.5637569783368654,7.650883608442479,4.4716761619916644e-07,0,1.5244549310364315,3.1295728659792705,0.0,0,0.0,0.0,0.0,0.0,0.0,0.0,0.0,0.0,0.0,0.0,9.945985151916262e-05,44.818632432395745,61.12173729759038,96.63139870844
198,-1484.5773772356665,0.30853982284331655,0.19432827716228654,0.20830439882872723,0.28882750116566963,4.415291274803646,0.09519177128084894,3.527442509320164,0.0,3.059023205018258e-07,0.2669666023756719,0.18690503873316558,0.18690503873316558,1.7005736774270441e-06,0,4.264253615406217,7.148782952996413,4.4716761619916644e-07,0,1.424410300998307,2.9241899758853114,0.0,0,0.0,0.0,0.0,0.0,0.0,0.0,0.0,0.0,0.0,0.0,0.00010389040978284887,46.5987066534976,59.60984681357897,95.93902642349957
198,-1473.371643947727,0.29607552365412443,0.18985317019224032,0.22731249080312163,0.2867588153505136,3.9286916263878533,0.09248655144058833,8.54674348901785,0.0,0.0006229536119149921,0.34699806804185973,0.16233443843739662,0.16233443843739662,0.003463126768515033,0,3.7036733771520947,6.209001501785524,0.0009106327836471088,0,1.2371568358150005,2.5397749618580683,0.0,0,0.0,0.0,0.0,0.0,0.0,0.0,0.0,0.0,0.0,0.0,0.2543581705730898,51.64049937758209,58.12340570161405,95.93215726125545
198,-1461.3786812234557,0.2826668309653787,0.19096947891249438,0.23743031503341416,0.28893337508871275,3.2919765380306356,0.08901556598327186,39.525620608506166,0.0,3.059023205018258e-07,0.4301733526640983,0.14154187138655785,0.14154187138655785,1.7005736774270441e-06,0,3.229289273753484,5.413723055096461,4.4716761619916644e-07,0,1.0786959035032957,2.2144685038027085,0.0,0,0.0,0.0,0.0,0.0,0.0,0.0,0.0,0.0,0.0,0.0,0.00014108461387806538,57.278922442875576,58.73562929065443,98.72601904480717
198,-1452.6760763629745,0.2904291224929558,0.19279969357091473,0.23749478163999924,0.2792764022961302,2.9124643481816648,0.1103819722073297,73.14387414805987,0.0,0.00673171784615153,0.37229874235595894,0.13975441735200772,0.13975441735200772,0.03742299879991542,0,3.1885083650050334,5.3453561399075165,0.009840416435059375,0,1.0650736493541761,2.1865032054586155,0.0,0,0.0,0.0,0.0,0.0,0.0,0.0,0.0,0.0,0.0,0.0,2.3485990385366344,51.21032657452472,61.284617542231906,99.33786481010904
198,-1439.891709578464,0.3018172210393485,0.20543285857197047,0.21388308914836762,0.2788668312403134,2.755872786617467,0.1624857694045162,96.1558502636677,0.0,0.009208940310263692,0.20075715131373273,0.16501314482761684,0.16501314482761684,0.05119438604761353,0,3.764788280669575,6.311457223195087,0.013461617026983126,0,1.257571357549896,2.581684192490447,0.0,0,0.0,0.0,0.0,0.0,0.0,0.0,0.0,0.0,0.0,0.0,3.098413706926449,40.7028469285853,70.11125164124658,104.83573364422034
198,-1437.557865229086,0.288796197188376,0.20371161754881673,0.20093532016972926,0.306556865093078,3.160964134176514,0.1650187492173004,136.0640904305704,0.0,0.009670168892177209,0.1999442448939641,0.17624668105705554,0.17624668105705554,0.05375845023775245,0,4.0210823207064985,6.741119862807109,0.014135840371084755,0,1.3431825579236545,2.757436511735119,0.0,0,0.0,0.0,0.0,0.0,0.0,0.0,0.0,0.0,0.0,0.0,3.119243412351403,40.75012311418117,72.28672077013937,107.71778033944945
198,-1436.3398888879624,0.3023406728924795,0.19756749866656234,0.20160033528679458,0.29849149315416357,3.4937973407365512,0.16425850369525577,152.37966054619977,0.0,0.007767583696144287,0.19488385057367819,0.1865670181983773,0.1865670181983773,0.04318158930342472,0,4.256541649493888,7.135854272992729,0.011354643793921858,0,1.4218342338416115,2.9189015349413383,0.0,0,0.0,0.0,0.0,0.0,0.0,0.0,0.0,0.0,0.0,0.0,2.49534077211003,40.71430157245865,74.3240053145733,109.93081461339136
198,-1434.6426899394728,0.30682371678075016,0.19644734204414852,0.2037206117921483,0.29300832938295307,3.8397405487331553,0.17575182222302033,187.70826191975,0.0,0.0016864716271049011,0.21075089858730972,0.18896312696488965,0.18896312696488965,0.009375441324136785,0,4.311209065309757,7.227501141475624,0.0024652820418063063,0,1.440095068501105,2.9563894340566184,0.0,0,0.0,0.0,0.0,0.0,0.0,0.0,0.0,0.0,0.0,0.0,0.5454357549323616,41.87369033050358,75.44261154815624,112.07394831409454
198,-1433.0049708017873,0.3037331049473873,0.20758355645234125,0.2041460967223633,0.28453724187790813,4.7046372600225554,0.19955905123015408,233.46043261751632,0.0,3.059023205018258e-07,0.21129482584188577,0.18429505854581724,0.18429505854581724,1.7005736774270441e-06,0,4.204706705780479,7.048955885746442,4.4716761619916644e-07,0,1.4045195442297427,2.883355988996391,0.0,0,0.0,0.0,0.0,0.0,0.0,0.0,0.0,0.0,0.0,0.0,0.00010168139849331775,42.0476151098044,76.14867798042899,112.87603446063747
198,-1432.6558063867915,0.3029165222296423,0.20170398955635718,0.20733689042457898,0.28804259778942154,5.125823407583907,0.22062464425916375,251.0523118794192,0.0,3.059023205018258e-07,0.21263394157862905,0.1801814562614011,0.1801814562614011,1.7005736774270441e-06,0,4.110854536076763,6.891617966525204,4.4716761619916644e-07,0,1.3731696271389695,2.8189973465199745,0.0,0,0.0,0.0,0.0,0.0,0.0,0.0,0.0,0.0,0.0,0.0,0.00010494653281692003,42.11347961597747,76.64541686826321,113.58571952858527
198,-1432.6690917956066,0.29921366816489536,0.20291930651054277,0.21023328493043236,0.2876337403941295,5.149132130115673,0.22295623457097657,245.3146853727899,0.0,0.0004846710618482566,0.21088504508914932,0.18280224176284784,0.18280224176284784,0.0026943857393355104,0,4.170647969819892,6.991858317685293,0.0007084915309300836,0,1.393142731611007,2.8600003860539545,0.0,0,0.0,0.0,0.0,0.0,0.0,0.0,0.0,0.0,0.0,0.0,0.16456153747712438,41.96388342296936,77.20394678336285,114.02331997301918
198,-1432.6488828636006,0.3015943331238091,0.20213551935910262,0.20837210565488792,0.2878980418622003,5.134101339345357,0.22145109713999112,248.99643495745738,0.0,0.00017063734622861017,0.21201746386560666,0.18110923885541547,0.18110923885541547,0.0009486079703689185,0,4.132021971195967,6.927103988930654,0.00024943745187164744,0,1.3802402930394626,2.8335128062400887,0.0,0,0.0,0.0,0.0,0.0,0.0,0.0,0.0,0.0,0.0,0.0,0.05832018575439664,42.06049064581169,76.8424674098236,113.73991974710651
198,-1432.6437765493774,0.2990157440741773,0.2031706848965276,0.21033253627668033,0.2874810347526147,5.1292447231452165,0.22298510888154088,241.80591268589103,0.0,3.059023205018258e-07,0.2107865390239097,0.18390186312873566,0.18390186312873566,1.7005736774270441e-06,0,4.195735920454328,7.033916865322588,4.4716761619916644e-07,0,1.4015229872284307,2.8772043191163963,0.0,0,0.0,0.0,0.0,0.0,0.0,0.0,0.0,0.0,0.0,0.0,0.00010331391625439414,41.97513986149268,77.38609250723621,114.2405584391887
198,-1432.6389398507897,0.3002705408498431,0.2026652591423671,0.20937911805701395,0.2876850819507758,5.131612692027859,0.22223565747013288,245.28636941383482,0.0,8.385353102584172e-05,0.21139094416716048,0.18253457812011373,0.18253457812011373,0.0004661589601148753,0,4.164541202105238,6.981620662781584,0.00012257698312715052,0,1.391102856963981,2.855812701514805,0.0,0,0.0,0.0,0.0,0.0,0.0,0.0,0.0,0.0,0.0,0.0,0.028485237077539128,42.01684327686525,77.11982452154126,113.99538100609897
198,-1432.6303598855034,0.3003366736217647,0.2029285716610715,0.20889559451980505,0.2878391601973587,5.1260257073228415,0.22300655644106288,242.87050366201208,0.0,3.059023205018258e-07,0.2121687566488073,0.18260110201064728,0.18260110201064728,1.7005736774270441e-06,0,4.166058950062389,6.984165082438949,4.4716761619916644e-07,0,1.3916098380254907,2.8568534893671473,0.0,0,0.0,0.0,0.0,0.0,0.0,0.0,0.0,0.0,0.0,0.0,0.00010386583797478496,42.04812023851366,77.14808127608235,114.02959394470034
198,-1432.6319796954333,0.3007144647949277,0.2031588432081356,0.20797222709823202,0.2881544648987047,5.099966660975894,0.22420970148019415,238.4489668661227,0.0,3.639563670910374e-05,0.212843770248057,0.1823286462860731,0.1823286462860731,0.0002023308017381642,0,4.15984285061195,6.973744138988286,5.320309463675238e-05,0,1.3895334427432668,2.8525908311527277,0.0,0,0.0,0.0,0.0,0.0,0.0,0.0,0.0,0.0,0.0,0.0,0.012382164511440858,42.062437743504695,77.13205967403306,113.99306211775114
198,-1432.6299203836115,0.30045777151208414,0.20300244005958457,0.2085994781942813,0.28794031023405003,5.117654653185705,0.22339167463926105,241.44375241302316,0.0,1.1682361562628564e-05,0.2123851993262534,0.1825136869222279,0.1825136869222279,6.494464158036039e-05,0,4.164064567731341,6.980821611882122,1.7077261012494363e-05,0,1.3909436443623815,2.8554858519453337,0.0,0,0.0,0.0,0.0,0.0,0.0,0.0,0.0,0.0,0.0,0.0,0.003969141541986109,42.052734547995975,77.14301214391797,114.01801736983832
198,-1432.6291368899765,0.30076818106206277,0.202993647176028,0.20819506344606048,0.2880431083158488,5.096071727666745,0.22425418781731332,238.54140807988304,0.0,3.059023205018258e-07,0.21274621124284362,0.18259821759195186,0.18259821759195186,1.7005736774270441e-06,0,4.165993141815947,6.9840547585903305,4.4716761619916644e-07,0,1.3915878557625725,2.856808361700753,0.0,0,0.0,0.0,0.0,0.0,0.0,0.0,0.0,0.0,0.0,0.0,0.00010395632104899925,42.05726634081904,77.18977878837443,114.05372167913478
198,-1432.6287209805932,0.30064508610487845,0.2029329990530246,0.20846092347202252,0.2879609913700744,5.105010047178724,0.22385035849581433,239.83693847972256,0.0,3.059023205018258e-07,0.21261438184529674,0.1826637490017894,0.1826637490017894,1.7005736774270441e-06,0,4.167488246245536,6.986561217638774,4.4716761619916644e-07,0,1.3920872730915232,2.857833621870577,0.0,0,0.0,0.0,0.0,0.0,0.0,0.0,0.0,0.0,0.0,0.0,0.00010389225129922558,42.056085181887084,77.18786590614978,114.05827462924148
198,-1432.628782886325,0.30071226791288147,0.20292136709370012,0.20852655171276188,0.28783981328065655,5.106034589480467,0.22410377676075346,239.71619585739117,0.0,3.3957339033230997e-06,0.21278368726448008,0.18288290877043484,0.18288290877043484,1.8877580536377094e-05,0,4.172488394139527,6.994943686237237,4.963879424989907e-06,0,1.393757497897333,2.8612624475616024,0.0,0,0.0,0.0,0.0,0.0,0.0,0.0,0.0,0.0,0.0,0.0,0.0011520683737460489,42.059624113113955,77.2414380354833,114.10948675919448
198,-1432.6287008651543,0.30066606953591435,0.20292936873312767,0.2084814211315308,0.28792314059942714,5.105330053168671,0.22392948593741846,239.7992165441359,0.0,1.0598172067660902e-06,0.21266725382684915,0.18273217796232266,0.18273217796232266,5.891741003317793e-06,0,4.169049458529218,6.989178502811326,1.549239421194986e-06,0,1.3926087727628582,2.8589042151612016,0.0,0,0.0,0.0,0.0,0.0,0.0,0.0,0.0,0.0,0.0,0.0,0.0003598230163344795,42.05720384314896,77.20458818767247,114.074286922277
198,-1432.6287868323323,0.30079010220086,0.20292570656972572,0.20859447068804335,0.28768972054137093,5.108712063835089,0.2243796938670476,239.83097086933273,0.0,3.059023205018258e-07,0.2130683605934626,0.18310944376335064,0.18310944376335064,1.7005736774270441e-06,0,4.177656808373325,7.003608243953766,4.4716761619916644e-07,0,1.3954839295635575,2.8648066610293696,0.0,0,0.0,0.0,0.0,0.0,0.0,0.0,0.0,0.0,0.0,0.0,0.00010365775686018733,42.0686869749273,77.29760081030244,114.16579899177913
198,-1432.6286259185058,0.30071659096390974,0.20292788808341414,0.20852746736111155,0.2878280535915646,5.1067075238599875,0.2241127795097317,239.8121519026215,0.0,6.286030961230916e-07,0.21283056316114357,0.18288577208001483,0.18288577208001483,3.4945334087771047e-06,0,4.1725537207797885,6.995053202699999,9.188911923507316e-07,0,1.3937793192868917,2.8613072449690367,0.0,0,0.0,0.0,0.0,0.0,0.0,0.0,0.0,0.0,0.0,0.0,0.0002132517546013161,42.06188634955352,77.24244249505259,114.11154718419016
198,-1432.6285942209088,0.3006844899694725,0.20293254246504988,0.20851051888944383,0.2878724486760338,5.10700248169115,0.2241232316501355,239.97511365052915,0.0,3.059023205018258e-07,0.2128608501900872,0.18290250166352826,0.18290250166352826,1.7005736774270441e-06,0,4.172935407584301,6.995693079303873,4.4716761619916644e-07,0,1.3939068160694796,2.861568984731337,0.0,0,0.0,0.0,0.0,0.0,0.0,0.0,0.0,0.0,0.0,0.0,0.00010376068827485497,42.06319032275317,77.24579693037154,114.11618158990574
198,-1432.6285882193988,0.30068510298662204,0.2029240759883584,0.2084862923643754,0.28790452866064414,5.107122472167632,0.22409993414756532,240.16150008909057,0.0,3.059023205018258e-07,0.2128814675542382,0.18288319261518157,0.18288319261518157,1.7005736774270441e-06,0,4.172494870080441,6.994954542790385,4.4716761619916644e-07,0,1.3937596610887797,2.861266888404764,0.0,0,0.0,0.0,0.0,0.0,0.0,0.0,0.0,0.0,0.0,0.0,0.00010376403991734726,42.064586874625135,77.24150870004766,114.11334634474422
198,-1432.6285805417228,0.30069090859180686,0.20292936804906647,0.20849014526273452,0.28788957809639215,5.106879629230189,0.22411944547545795,240.28775145449154,0.0,3.059023205018258e-07,0.21291389468143435,0.1828597410812986,0.1828597410812986,1.7005736774270441e-06,0,4.171959821433143,6.994057563625026,4.4716761619916644e-07,0,1.3935809360706446,2.8608999815478673,0.0,0,0.0,0.0,0.0,0.0,0.0,0.0,0.0,0.0,0.0,0.0,0.00010377338299622094,42.06596124146229,77.23883086122018,114.11120034248374
198,-1432.6285706326648,0.300682738983499,0.2029541753479361,0.2084930360483875,0.28787004962017737,5.105679414470093,0.22418603339017784,240.5679833519186,0.0,3.059023205018258e-07,0.21292671223670884,0.18285439002659093,0.18285439002659093,1.7005736774270441e-06,0,4.171837736686054,6.993852895367103,4.4716761619916644e-07,0,1.3935401554822857,2.8608162625607143,0.0,0,0.0,0.0,0.0,0.0,0.0,0.0,0.0,0.0,0.0,0.0,0.00010377488351518274,42.065690421615834,77.24312615845847,114.1150926114017
198,-1432.6285760592555,0.300714762626806,0.20290624226512322,0.20851545846236416,0.28786353664570663,5.103444195568854,0.22424828201502028,240.68235546663266,0.0,3.059023205018258e-07,0.21284739900229666,0.18283556215297023,0.18283556215297023,1.7005736774270441e-06,0,4.171408177222587,6.9931327629250175,4.4716761619916644e-07,0,1.3933966675521956,2.8605216943688556,0.0,0,0.0,0.0,0.0,0.0,0.0,0.0,0.0,0.0,0.0,0.0,0.0001037990643768432,42.06156046543334,77.2459860441476,114.11709782494026
198,-1432.628569192616,0.30069279694037604,0.20293911932753303,0.2085000784573528,0.2878680052747381,5.104977247865816,0.22420558323441922,240.60390069844112,0.0,3.059023205018258e-07,0.21290179828508632,0.18284847616027397,0.18284847616027397,1.7005736774270441e-06,0,4.171702811346459,6.993626700573214,4.4716761619916644e-07,0,1.3934950856855712,2.8607237382033186,0.0,0,0.0,0.0,0.0,0.0,0.0,0.0,0.0,0.0,0.0,0.0,0.00010378247638164571,42.06439293037977,77.24402433664744,114.11572241525911
