-6.640001331668410334e-01
-8.200077239297749454e-01
-6.575482140805677389e-01
5.725373402553096680e-01
-2.252616073045629275e+00
-1.053605156578262814e-01
3.364722366212128390e-01
-2.287079604192762350e+00
-1.585490814559160910e-01
-9.265907125133524547e-01
-1.530461688124798991e+00
-2.639382266703625746e+00
-4.061621914017448098e+00
-8.125732926836178871e-01
-7.994416003115248914e-01
-1.505832691090865705e+00
-1.376849620283775222e+00
-2.850531930290710836e+00
-1.534034427273778478e+00
-1.685236722215298411e+00
-2.194068513713907986e+00
-8.836793524959226653e-01
-9.973473440230615772e-01
