-6.627094770920370914e-01
-7.853833069799381894e-01
-5.524352387275613951e-01
4.943205579981670428e-01
-2.475041838458194032e+00
3.364722366212128946e-01
-2.052429621786992620e+00
-8.270943200889703251e-01
-1.375715906495328156e+00
-9.563634194921741827e-01
-3.029627257618122016e+00
-2.844201884904662858e+00
-1.463235248850131232e+00
8.660640435411243176e-01
-1.480468919311612508e+00
-1.221497253575291264e+00
-1.903339417295716984e+00
-1.299699915166397712e+00
-2.183106224044955912e+00
-2.140175423382544739e+00
-1.257381832670088517e+00
-7.476741120641237082e-01
