-6.722285676424629708e-01
-7.572574064829805662e-01
-5.964714238822124148e-01
5.382048793263743969e-01
-1.625013835066325019e+00
3.364722366212128390e-01
-1.018838229942097495e+00
-3.400284001971807246e-01
-1.488904328012078393e-01
-6.283782237873926091e-01
-4.367833137898398554e+00
-2.523642789987111890e+00
-3.675281542125120593e-01
-3.811864872497522927e-01
-7.198342350332639361e-01
-5.374112739463841049e-01
-5.353157608205239004e-01
-6.775811260642052858e-01
-1.544013016430566321e+00
-9.920364993307669854e-01
