-7.039933091176729940e-01
-8.364302914688794832e-01
-5.432615865332738325e-01
6.085071222135274294e-01
-2.926018508172318011e+00
-2.231435513142096816e-01
3.364722366212128390e-01
-2.670867721194276623e+00
-7.664143002870783539e-01
-1.045602961426282951e+00
-1.082504249908455174e+00
-1.070209572534991338e+01
-3.326453491503420068e+00
-9.181223493159572646e-01
-9.522776953914688924e-01
-1.566944929676802545e+00
1.207742484711156056e-01
-2.373058556131717456e+00
-1.568099587884060675e+00
-2.312675667700035298e+00
-2.352154852406161289e+00
-9.806876070891176189e-01
-1.114435868839091626e+00
