-6.600371202606148957e-01
-8.165814424391428794e-01
-5.863168729768403198e-01
6.922124685565914648e-01
-3.508315053096598746e+00
3.364722366212128946e-01
-1.291284896297116624e+00
-4.706027320632787392e-01
-8.421326143710420320e-01
-1.974679796288944189e+00
-2.008461746646564183e+00
-4.270154322068250075e+00
-6.406733750009061534e-01
1.551073765691054041e+00
-1.299299965674146851e+00
-1.520629856395305790e+00
-5.517846916838936799e+00
-1.554852158835438702e+00
-1.967956033647929592e+00
-2.108555387334500431e+00
-1.787601466082400670e+00
-1.172280528651481690e+00
