-6.818126510183322164e-01
-8.951822309038304226e-01
-5.388648821976745884e-01
5.801992179409497519e-01
-2.058430508167576445e+00
-2.231435513142096816e-01
3.364722366212128390e-01
-1.590607401226354467e+00
-5.730167961010511624e-01
-5.492881971665698471e-01
-7.427546742045231243e-01
-3.311263644672231887e+00
-3.088891806379178373e+00
-4.974015828942606188e-01
-6.664410062725447670e-01
-1.119965909024995154e+00
-1.230844775140839342e+00
-2.469022570734254352e+00
-1.264532624612786371e+00
-1.956216529890653533e+00
-1.707672266618176948e+00
-1.034785259589176665e+00
-1.112331507378723439e+00
