-6.908013174652295474e-01
-8.734205502859020420e-01
-5.387301672339704917e-01
6.068550642720824673e-01
-2.754559353746593331e+00
-2.088404834898276441e+00
-1.815561068428645841e+00
-1.476517521356992102e+00
-8.365534857560620319e-01
-6.438332275870354282e-01
-1.322832301134818866e+00
-3.228807477466588693e+00
-3.073573138381922476e+00
-8.373748136293124311e-01
-1.033467609398479370e+00
-1.597823755484668373e+00
-1.291783095698567640e+00
-2.729771602190964153e+00
-1.516761350059460112e+00
-2.125519933859733701e+00
-1.595549306790464472e+00
-1.020457373668007595e+00
-8.982806121281892153e-01
