-6.592775259981127345e-01
-8.078973041811637890e-01
-5.949183197110001764e-01
7.411955124106137660e-01
-3.524819788892532557e+00
-3.648832905474656663e+00
-1.646794198366676731e+00
-9.255017542186523283e-01
-5.967032150422273418e-01
-8.299744158837660812e-01
-1.870384941213973251e+00
-2.153660805842107173e+00
-4.200217782897620822e+00
-6.572152997417127773e-01
1.571110169859602612e+00
-1.350441218165472801e+00
-1.623471046821935770e+00
-4.575269795133363182e+00
-1.653977073174255796e+00
-2.076197470127975730e+00
-2.186159032008123670e+00
-1.876029905532173636e+00
-1.250494853615328861e+00
