-6.150087804428913119e-01
-7.086161665931629550e-01
-6.057840105777438922e-01
5.545516924688261851e-01
-2.188317802810350265e+00
-1.210849471543469891e+00
3.364722366212128390e-01
-1.343099578575108977e+00
-3.717159422426287163e-01
-4.493799251881422374e-01
-9.771808077917447655e-01
-3.381209500503294940e+00
-2.902676624284042273e+00
-3.550713113568414458e-01
-4.295303319454502611e-01
-1.091602780443946097e+00
-1.161870332826446583e+00
-2.493640206705035833e+00
-1.486661579016794965e+00
-1.765332293466301383e+00
-7.237318421498322163e-01
-9.283436356061955941e-01
-7.111323687721440301e-01
