-6.813517947087246451e-01
-7.855758983083154234e-01
-5.371893266578149362e-01
6.139664803160798101e-01
-2.869074780845890960e+00
3.364722366212128946e-01
-2.436219530811820189e+00
-4.801031145078110129e-01
-1.056052521468426431e+00
-1.868131976848518283e+00
-3.300166920326030873e+00
-3.792534597003454966e+00
-7.766825207348215798e-01
-9.449481114287155981e-01
-1.480192118795180534e+00
-1.408422172180909815e+00
-2.626909993558719680e+00
-1.642619335383140866e+00
-2.259919357868158230e+00
-1.599227050231023739e+00
-1.038226556194193906e+00
-1.224258820969234884e+00
