-6.597000490515381177e-01
-6.557765688201507848e-01
-6.904911085362542833e-01
5.318300243124850502e-01
-1.559936642871793122e+00
-1.325597548485793142e+00
-1.042792729729084877e+00
-5.236469664435375870e-01
-1.150110514019904384e+00
-2.164872254126572582e+00
-3.132202026883045942e+00
-2.252133420677279396e+00
-7.178677797721659815e-01
-2.979766316213177668e-01
-1.095205181590080956e+00
-1.162451151479167333e+00
-5.935246335257553518e-01
-1.079200060978317222e+00
-1.588732372284872740e+00
-1.192613522815273219e+00
