-6.799458222750116576e-01
-7.720696900300585419e-01
-5.617979972627761276e-01
6.579605577588995002e-01
-8.565461992169509653e-01
-1.562055080171061316e+00
-7.526184703866307668e-01
-1.146058613850980290e+00
-1.911418110988526875e+00
-3.267520773570916859e+00
-3.869381349806103376e+00
-9.202938120917818487e-01
-1.011357798919362283e+00
-1.580633348715715814e+00
-1.524992673295921364e+00
-2.730015014766503434e+00
-1.760166268091529318e+00
-2.402510120965319462e+00
-1.707651609598752618e+00
-1.152232009739727614e+00
-1.341837170279576608e+00
-6.905143002291966869e-01
-8.617305463348358119e-01
-5.466627394594497646e-01
6.155767327643941744e-01
-1.233282939742919471e+00
-1.604057221029948188e+00
-8.476818663191157954e-01
-6.938396261509794938e-01
-1.374693909352669552e+00
-3.171304277238129909e+00
-3.063523499916712911e+00
-8.647342700382394387e-01
-1.020649513044153300e+00
-1.596401969478354221e+00
-1.294532505996697669e+00
-2.721085106510017670e+00
-1.494036515692855449e+00
-2.085703317205452212e+00
-1.590129982794024954e+00
-1.014272977833286404e+00
-9.018254691993595751e-01
-6.629192522451003988e-01
-7.840629290928795569e-01
-6.352804892054429997e-01
5.211765898350687598e-01
-1.452211838339800165e+00
-1.024105956373484894e+00
-9.323771219337829708e-01
-6.306444697223285711e-01
-9.567259622370811734e-01
-3.121749566194974790e+00
-3.759589208200923682e+00
-8.397726445760537173e-01
-7.529806128584242142e-01
-1.234531733352091543e+00
-1.303418735890068625e+00
-2.510371551184612304e+00
-1.310540030018762181e+00
-2.089581984936123238e+00
-1.566566375686116563e+00
-5.488315835892657590e-01
-7.916459155078919840e-01
-6.420105775844230367e-01
-8.268042835436113513e-01
-5.945330600076897953e-01
5.393105981328347731e-01
-1.426633698423359631e+00
-7.513524424414923242e-02
-1.277220774237234791e+00
-6.675158887070268277e-01
-1.027178929351348913e+00
-3.161525441858448193e+00
-3.600502875676378611e+00
-7.231605490138331982e-01
-5.282349901595614350e-01
-1.606887161252816387e+00
-1.400624265662000711e+00
-3.610274350098072738e+00
-1.366481618065831238e+00
-2.248384163770584365e+00
-1.300702640455315029e+00
-1.126055902085273619e+00
-9.249776077324798340e-01
-7.106071526915288539e-01
-1.166465638560227447e+00
-4.328978651691799961e-01
3.731886821358827433e-01
-1.327058384074873310e+00
-3.153099454511772981e-01
-1.355822036257884111e+00
-9.590800438110229642e-01
-7.996678340680686281e-01
-3.038012498620153323e+00
-3.597182891131804894e+00
-3.160786092487508636e-01
-8.406419655760122289e-01
-1.000097144138178296e+00
-8.142028841931171490e-01
-3.481257711216162232e+00
-8.590547059407676045e-01
-1.215563027908334703e+00
-8.370859369913015158e-01
-9.856635926934643743e-01
-5.864159553530724489e-01
-6.794816046562051071e-01
-7.918596877711799875e-01
-4.870782229031957455e-01
7.012655156445615212e-01
-1.798685622841066589e+00
-7.394168581119340278e-01
-7.555458428597791043e-01
1.433476379672484757e-01
-1.025886651118657955e+00
-3.061555419595539451e+00
-2.780910792763352735e+00
-4.393051633024986358e-01
-1.066869035262407450e-01
-1.377001900546715563e+00
-6.781944660227248178e-01
-2.643414470318572462e+00
-1.013302335707286561e+00
-1.633467467715182808e+00
-1.370010292138158947e+00
-8.904596608327284279e-01
-5.871301388200157456e-01
-6.445609313336490009e-01
-8.015128999279608202e-01
-5.243620642340932614e-01
4.071980478919396962e-01
-8.572668948739493588e-01
-2.100657725462080558e-02
-2.113619503662333088e+00
-1.064844659282474737e+00
-1.443399855273156840e+00
-2.323621570363125777e+00
-3.162621919378696411e+00
-5.257810052560956127e-01
-5.773232735691046225e-01
-1.565871266460711508e+00
-1.419116308731001697e+00
-5.341318840134416490e+00
-4.116062806849741240e-01
-1.914579131278927759e+00
-1.208784128939426772e+00
-1.750696621546027343e-01
-8.793381626413427909e-01
-6.781769565759645513e-01
-7.203771249579851155e-01
-5.165099890690183493e-01
5.102941660009461255e-01
-1.758528090733044058e+00
-2.015808353301499489e-01
3.869642431365209467e-01
-1.390672760273599373e-01
-1.171409849360464994e+00
-2.034976597204563920e+00
-2.983801673368358998e+00
-5.171121228046842155e-01
-5.679196199134166623e-01
-9.000292035524977141e-01
-6.623130219803285978e-01
-2.144156017850952001e+00
-9.228894013949863195e-01
-1.555366116555086275e+00
-4.953246788272169798e-01
-6.473934322066553504e-01
-2.701830888012123344e-01
-7.017720445356511183e-01
-8.227933544174788061e-01
-5.629740281345219088e-01
6.772121573151719254e-01
-1.118276712550715146e+00
-1.471299172103955222e+00
-6.270890597658659305e-01
-1.211469844203786783e+00
-1.483232358813139529e+00
-3.561804934058556693e+00
-3.316216080008880240e+00
-8.467327271891226248e-01
-1.039937775676987641e+00
-1.496110519751012058e+00
-1.480759840378781167e+00
-2.980172062537543187e+00
-1.714542939082857709e+00
-2.260762876895473283e+00
-2.149969190298878452e+00
-1.376047059949182527e+00
-1.109662899926157742e+00
-6.764366302226197947e-01
-8.384546592987198732e-01
-5.649818586224233385e-01
1.084053365556997051e+00
-5.898667759207051331e-01
-1.848236923027875678e+00
-1.265364341670421444e+00
-1.361456764325647217e+00
-1.690722424825844561e+00
-4.950903988001462253e+00
-3.149029483681222708e+00
-1.078101719303937944e+00
-1.285569063755421793e+00
-2.098770529408812813e+00
-1.988774099909571325e+00
-3.319113090213171358e+00
-2.069056886191657174e+00
-2.255936782630556081e+00
-2.100369801235852485e+00
-1.540874772837544482e+00
-1.518908937458714581e+00
-7.124912403172907194e-01
-9.382703331882663589e-01
-4.759219127251993475e-01
6.640771882156201178e-01
-1.843085246830299173e+00
-6.593255166645661802e-01
-3.248161266301792249e-01
-2.659588548965945987e-01
-1.259660492607260984e+00
-3.608759679744528714e+00
-2.536625517699058641e+00
-6.925225324669050941e-01
-7.902474285179927893e-01
-1.446684755450884374e+00
-8.787089720018080863e-01
-2.103623888072945203e+00
-1.574037447587959937e+00
-2.156382643650395892e+00
-8.148214202056754951e-01
-1.099921598421090607e+00
-1.328891455410575073e+00
-6.070630084129876591e-01
-6.781546637167658043e-01
-6.332737024589092378e-01
7.058271736564767362e-01
-1.548385565201428893e+00
-1.131249941787241253e+00
-4.516130940125184234e-01
-7.590592981639616710e-01
-1.548560761217677939e+00
-2.999569038262157594e+00
-3.839279684259109260e+00
-7.700900091782088008e-01
-1.126017361393955252e+00
-1.409769699641965079e+00
-1.282603504840847508e+00
-2.826086412446041418e+00
-1.343538803773419943e+00
-1.768515008903780439e+00
-1.593788548643361613e+00
-1.058602660271696250e+00
-9.320850069457744524e-01
-6.823608430314745954e-01
-8.126894936144911652e-01
-4.383434930754416814e-01
7.283460588868553298e-01
-2.120314971827613082e+00
-9.609732913408176591e-01
-1.116275644463044392e+00
-5.775315571147833227e-01
-6.516835325935346201e-01
-2.526936421812323808e+00
-3.199865633761372674e+00
-2.805180868882141687e-01
4.033473461657150622e-02
-9.823300078761273424e-01
-1.231858426837824316e+00
-2.194977809201219099e+00
-1.379014794859879434e+00
-2.097946066748363148e+00
-1.492274240475511382e+00
-4.318266657508742501e-01
-7.634056438534080336e-01
-5.670777661176052975e-01
-9.294331448203401180e-01
-5.158618694792519443e-01
3.863710773639202345e-01
-1.373456062412114820e+00
-1.324887636669912938e+00
-9.164149100459131336e-01
-9.419662149877553459e-01
-8.933795327588762714e-01
-2.883758284567663921e+00
-2.760362548158233675e+00
-4.121711091238790536e-01
-6.200600586164079636e-02
-1.204197939335110101e+00
-9.716556405448293354e-01
-2.300352733707978103e+00
-1.017640409844751348e+00
-1.364425640147785890e+00
-1.496830649660938040e+00
-9.700376929647327451e-01
-8.385232629647957348e-01
-7.100594812496836550e-01
-7.694023491024168937e-01
-5.384597481939417118e-01
7.784898242485074338e-01
-8.813026682549244262e-01
-1.006841620084114153e+00
-7.153264078318662955e-01
-1.156607827563441937e+00
-1.057534615439865489e+00
-2.512210581775625506e+00
-4.192626590255239982e+00
-7.097711279384155691e-01
-9.425603278875285262e-01
-1.368565175652115773e+00
-1.585125414558691048e+00
-2.880664791935886981e+00
-1.202407283582118014e+00
-1.966411786201409884e+00
-2.050146492520198649e+00
-5.245665416907853151e-01
-1.226169660510540993e+00
-7.394535884827104777e-01
-7.923614184873413180e-01
-6.414975871402002205e-01
3.739019642089769779e-01
-9.775146572407378276e-01
-8.450086413312335454e-01
-5.173463396619150112e-01
-1.128185463521336418e+00
-1.652297678685005211e+00
-2.902928065206425323e+00
-2.286798566069667693e+00
-4.957310226093972205e-01
-2.537646287982729398e-01
-1.380428200185975340e+00
-8.484078427768214636e-01
-3.032929240564640416e+00
-1.131869496859584157e+00
-1.265022107550846320e+00
-1.715865101022480577e+00
-8.992456974113930412e-01
-8.449219580453694034e-01
-6.830373171423009815e-01
-8.416824019747080055e-01
-4.677139498072431789e-01
6.757947134888188101e-01
-1.635592129365876835e+00
-1.044994792203172818e+00
-7.922147303760787018e-01
-4.994696208060904197e-01
-1.200956117503375165e+00
-3.484859912743520471e+00
-3.573716017053158112e+00
-8.816402726909547960e-01
-5.538127377099094639e-01
-1.347913412974538483e+00
-1.184248542788623793e+00
-3.103402432701819258e+00
-1.091770580925154777e+00
-1.781306437528333397e+00
-1.810015211753355890e+00
-9.708547155146314278e-01
-1.118989262813049779e+00
-5.963270651741655604e-01
-6.030773426891018474e-01
-6.277099452973298188e-01
6.444463073750513749e-01
-1.911878396194107044e+00
-9.081675760057906777e-01
-6.744763430672091609e-01
-1.036691511248363229e+00
-1.445060899478624927e+00
-2.988398306404312699e+00
-2.817658439381391933e+00
-5.311831159788593659e-01
-5.861709800600896081e-01
-1.231214446696130338e+00
-1.120639039161167139e+00
-3.060851306193567378e+00
-1.384833484826363925e+00
-1.449520282811874727e+00
-1.099883541080032501e+00
-1.069137755516222921e+00
-8.918109453742864012e-01
-6.076031716167403784e-01
-7.121893551238258624e-01
-6.025046317412240393e-01
5.080191699893797930e-01
-1.873732386967968289e+00
-6.509211811420587690e-01
-5.545464146166961816e-01
-3.141753136584427009e-01
-8.878247447415865690e-01
-3.425440863296538740e+00
-3.026056446192586957e+00
-4.104711484036348557e-01
-3.516823295912890890e-01
-1.089646851552438456e+00
-1.202166784453602588e+00
-2.469920347509911629e+00
-1.554889275432217888e+00
-1.837184168651363247e+00
-7.413980587773061348e-01
-9.644084483167549848e-01
-7.280644511624113635e-01
-6.750444531171747586e-01
-7.468022627535080282e-01
-5.427667210460164204e-01
6.908342799384765698e-01
-1.552056348558616961e+00
-4.623203948869230584e-01
-4.766602951843001978e-01
-3.977386180418565065e-01
-1.005376592092371402e+00
-3.600984735878603793e+00
-3.339849643581306982e+00
-4.271295972771964045e-01
-7.295945382151690639e-01
-1.410738562330204005e+00
-1.002693765416236449e+00
-2.022608893588156320e+00
-1.409428194953538549e+00
-1.853730519011759004e+00
-1.907510785662701602e+00
-9.838174785359051766e-01
-9.622251160777925971e-01
-6.819824942592334072e-01
-9.040303488570067270e-01
-4.082458981955202071e-01
7.040747450185471656e-01
-1.244943722070954717e+00
-7.917838443385361025e-01
-1.244693352546656584e+00
-1.365296587584594379e+00
-1.379958936888657561e+00
-5.864692461733378437e+00
-5.132811763939717054e+00
-6.734011453248566204e-01
-4.483374405302464338e-01
-1.781632980279954204e+00
-1.695827854585382877e+00
-2.526644578666217278e+00
-1.411110938779925883e+00
-2.163112158728336620e+00
-2.227599373259640192e+00
-1.400411271494903742e+00
-1.462876161803000397e+00
-7.407305247538548132e-01
-7.502124377012217016e-01
-3.760545250202056988e-01
7.288370492462450390e-01
-1.223494617206293045e+00
-9.989688432024876885e-01
-1.505315607499616792e+00
-7.197269525136664736e-01
-1.418068790355426101e+00
-3.828203217035476058e+00
-2.688843670332905944e+00
-4.539465870239296486e-01
-6.463727783389159320e-01
-1.484363895367739383e+00
-1.191795184568257282e+00
-2.514266306576778742e+00
-1.079243965247303816e+00
-1.769242874629443962e+00
-1.826636158185554581e+00
-1.085835431400162809e+00
-7.777605728714562794e-01
-6.534801232099848312e-01
-8.363408228441274739e-01
-6.689942432076304568e-01
5.252393416684162375e-01
-6.421490951655877133e-01
-4.099810686209913735e-01
-8.026243574132844172e-01
-6.637206003776335850e-01
-2.579611630684813139e+00
-4.182740180711686406e+00
-2.854516697243650203e+00
-8.894508935992070375e-01
-7.645644381551240931e-01
-1.551884611934685632e+00
-1.414239857913187182e+00
-2.804356307314326280e+00
-1.595635991951790178e+00
-1.759978979613699757e+00
-2.326047214511609340e+00
-9.489854838742289855e-01
-1.069482669625495097e+00
-6.818245196507994876e-01
-9.188387847863175306e-01
-5.276157703351126438e-01
5.390287909468648442e-01
-1.335390575597795948e+00
-5.814339108631557673e-01
-9.102096791345860582e-01
-3.718876934714109295e-01
-5.295220331343467590e-01
-3.343396214180578419e+00
-3.045053361063470021e+00
-4.715274319241245515e-01
-5.757975629847541521e-01
-1.087730750076099095e+00
-1.233529052134192616e+00
-2.470657043003853470e+00
-1.282909829849375960e+00
-1.995385970417226540e+00
-1.726327489057104314e+00
-1.039283370701020282e+00
-1.101522380891756692e+00
-7.075240517809672225e-01
-8.060450664198487436e-01
-5.288932645829644841e-01
4.882018094725890101e-01
-1.169443235999894970e+00
-1.137752802912197492e+00
2.441112295240164265e-01
-1.081745352838208163e+00
-1.358460484814876912e+00
-3.214572263203995472e+00
-3.282338051422673875e+00
-8.016079073235762298e-01
-2.405613386997122738e-01
-1.394173662238898714e+00
-1.136444984081486087e+00
-3.163446456880212754e+00
-1.012964769863673231e+00
-1.939936038165434917e+00
-1.577533653844774175e+00
-8.808591932674023628e-01
-9.378662316706581903e-01
-6.944425526390431980e-01
-8.652211105795084567e-01
-5.455176468936304701e-01
6.609482336913761191e-01
-8.929649705802328308e-01
-2.317773395440637429e+00
-3.944496711185973004e-01
-1.085987139392207590e+00
-1.444018586955897243e+00
-2.996078498729125350e+00
-2.902704058649873797e+00
-9.263689682081263088e-01
-9.330619467141680889e-01
-1.549682764393917500e+00
-1.665756128525218038e+00
-2.989621745268770781e+00
-1.777399465161594971e+00
-2.433574274945888849e+00
-1.918390373231412038e+00
-1.280654419937852895e+00
-1.334864743476776194e+00
-7.192225148887567698e-01
-8.894518135128974823e-01
-5.153091372016522786e-01
5.622037174056058184e-01
-1.483302804859897517e+00
-8.916130038950483838e-01
-8.326170777308539162e-01
-2.863075369046964580e-01
-1.635136728671974904e+00
-2.272566840672204158e+00
-2.026586371634948147e+00
-1.913503012356356781e-01
-5.300592935464056854e-01
-1.407044466748871736e+00
-1.085018834286342493e+00
-2.513328495321548228e+00
-9.955926984777475619e-01
-2.308025062051220377e+00
-1.724106127608355798e+00
-4.138639479050900682e-01
-5.191322660714029480e-01
-6.781688468779253354e-01
-8.259322390381695911e-01
-4.892953164059411497e-01
5.798453551211174561e-01
-1.568781119626216025e+00
-1.482199559537915823e+00
-6.455123171003666060e-01
-3.854842340498725872e-01
-1.254421573993889316e+00
-3.618964914513869147e+00
-3.017295640356727038e+00
-4.745674355762806162e-01
-7.941648081973258222e-01
-1.309872939295223304e+00
-1.139978220358498717e+00
-2.393703887763678040e+00
-1.069031384412875152e+00
-1.516896579503729026e+00
-1.338109896344205296e+00
-2.453264923392298180e-01
-6.947013055548241223e-01
-6.503618811549307654e-01
-9.497913029947362418e-01
-4.347981051309588452e-01
7.970194543545755517e-01
-1.967049768042752333e+00
4.613819722782366295e-01
5.762584553432639756e-02
5.788516239500267613e-01
-1.239082247600050701e+00
-2.065960544439108482e+00
-3.622302289693471344e+00
1.189622499607281420e-01
-7.041674302527288765e-01
-1.121928816672536966e+00
-7.337982122763203607e-01
-2.319544544399732455e+00
-9.867838062838939495e-01
-1.561325444599296786e+00
-9.053302226566992683e-01
-2.610962891742658609e-01
-4.132660435245597563e-01
-6.898913460187378055e-01
-7.076354313729149581e-01
-6.723279217996512847e-01
6.484779821734927285e-01
-3.814577146345491943e-01
-1.012962845668724743e+00
-7.790961825401740981e-01
-1.773496616728321484e+00
-2.312819054897945481e+00
-3.759270844655854038e+00
-4.667851712028155298e+00
-9.335940765835472055e-01
-1.155575643208661241e+00
-1.632561399519573353e+00
-1.970301328841800315e+00
-3.274939526064331918e+00
-1.562589188248399541e+00
-2.325860604623066763e+00
-2.669408546427959106e+00
-1.457797548834508294e+00
-1.400214626044050892e+00
-7.066476959732047591e-01
-7.593085676685270569e-01
-5.395875796308167160e-01
7.067038807738539319e-01
-1.345804268431775252e+00
-1.614160219946387143e+00
-6.745194025169045648e-01
-1.224093469914202537e+00
-1.226573918286862686e+00
-3.073248947541051379e+00
-4.668842314142125360e+00
-8.929184360781423635e-01
-1.214996514049832443e+00
-2.008614483407343165e+00
-1.677574615261951951e+00
-4.038904859471369235e+00
-2.100323306836944237e+00
-2.440937893952848992e+00
-1.947418232515202963e+00
-1.724133505203197414e+00
-1.275289442821096797e+00
-6.488375851125870453e-01
-8.216946195860346247e-01
-6.118416149208145693e-01
6.397639423348963073e-01
-1.151488148071177609e+00
-2.188897154521665112e-01
-1.612813902622942441e+00
-7.554767655211884758e-01
-6.339920349020837786e-01
-2.394386541568054749e+00
-4.448494394434277410e+00
-8.023661623848341584e-01
-6.192962654665532529e-01
-1.043059277976426946e+00
-9.180124524990459500e-01
-2.569638183466987691e+00
-1.011096384723757957e+00
-2.121450483724216074e+00
-1.416082261084528948e+00
-1.275284641582960843e+00
-8.402922586466622379e-01
-6.628257876832952533e-01
-8.397389244678618025e-01
-5.599009377461233727e-01
3.828920228210217491e-01
-1.197527639303904490e+00
-4.514223399434438289e-01
-6.921070725063119267e-02
-5.201834475595226159e-01
-1.666440970920269882e+00
-2.786306984608578396e+00
-3.177748560760698116e+00
-4.972003667616541889e-01
-1.948042801297860949e-01
-1.138804077235931578e+00
-9.966492845099248488e-01
-2.891395017411443114e+00
-1.035719065119721671e+00
-1.753609928012396235e+00
-1.862195490599141579e+00
-8.694834467042131809e-01
-1.046141628156625147e+00
-7.427854120888064404e-01
-9.493995945974434969e-01
-5.222419420390773670e-01
7.028435773219171567e-01
-1.306982426966435185e+00
-9.247478892801009875e-01
-1.473990231844327425e+00
-3.539410161553491196e-01
-2.198854811864582537e+00
-3.322610167668601289e+00
-2.289705931523029037e+00
-6.062127873555334112e-01
-9.179539451918340420e-01
-1.340252831971096903e+00
-1.420057625032028259e+00
-2.974538114485949958e+00
-1.263559425375037737e+00
-1.889391561416029708e+00
-1.533467451580102336e+00
-1.150426899042426898e+00
-9.074810290027333082e-01
-6.250286208266399024e-01
-7.022865645950732150e-01
-6.100977889910609298e-01
3.304006230191554039e-01
-1.611067673407403866e+00
5.667953583671755391e-01
3.242817128781492197e-01
4.399665195344714119e-01
-4.927910564130217885e-01
-3.157676381472413585e+00
-3.088249502251350531e+00
1.841806337142369854e-01
3.543411497304331803e-01
-6.896773256820429854e-01
-6.512213904377693874e-01
-1.708744985479073497e+00
-9.885016762379111865e-01
-1.029983312630201819e+00
-9.306738188903745934e-01
-5.676466496853659338e-01
-3.623719143245338614e-01
-6.789738540306722303e-01
-7.877221629605893893e-01
-5.222465662127399044e-01
4.321444633980160988e-01
-1.325995624818374630e+00
-2.065465003896437945e+00
-7.660325868935603522e-01
-6.071896760607781163e-02
-3.472365838447120989e+00
-4.373908061694658400e+00
-2.875301818373675378e+00
-9.912571576208686341e-01
-3.406233795848562784e-01
-1.858088418446711909e+00
-1.529649402072529529e+00
-3.289634838480595569e+00
-1.496769640612928498e+00
-4.617352102288055704e+00
-8.610291952510036317e-01
-1.489680862032814579e+00
-1.669929325342435655e+00
-7.432599409607447694e-01
-8.158517511475397166e-01
-4.757728814753755531e-01
8.132655605640735086e-01
-1.155479847824868900e+00
-1.076545163841151398e+00
-1.715333996314761356e+00
-9.429890657497120854e-01
-7.215717918159240130e-01
-3.523451235976728046e+00
-2.930521622288560835e+00
-6.025485668306108655e-01
-9.965451123156676694e-01
-1.638055638662996971e+00
-1.660990270143262837e+00
-2.808051577732172621e+00
-1.658093447406196352e+00
-2.323586909773019293e+00
-2.262734398038489747e+00
-1.299033281434960552e+00
-1.360852899911734637e+00
-6.685408293950928504e-01
-6.687943741987175672e-01
-7.003585517609310918e-01
8.083055250199565611e-01
-1.477698670043856799e+00
-9.957974240802028865e-01
-6.991421274746115744e-01
-6.720186225732115437e-01
-1.242526270467708471e+00
-2.923763128766383890e+00
-2.981469097958141745e+00
-5.595674142196401801e-01
-6.061632213601783059e-01
-1.204174490254939167e+00
-1.175393585075044989e+00
-2.619019444562563859e+00
-1.448436830194504754e+00
-1.383264280421974135e+00
-1.794597976488358393e+00
-8.939203990451324300e-01
-8.314007327402762604e-01
-6.511600736985072579e-01
-8.827539956246200914e-01
-5.021256447977382464e-01
4.792602559709348564e-01
-1.404228726858225196e+00
-1.369989403446232545e+00
-3.388847168291722056e-01
-3.848519830624909654e-01
-1.852138207925210001e+00
-3.070596027473523115e+00
-5.607762735899509465e+00
-1.371697732457508589e-01
-5.700637781955654182e-01
-8.972395912460711109e-01
-1.085752726487654973e+00
-2.420368192735753876e+00
-1.145664764236772548e+00
-1.841878202219117799e+00
-1.163285630500036083e+00
-1.013846233779635009e+00
-1.045092659571655647e+00
-2.480596306656834393e+00
-1.321286218255602662e+00
