-7.147619086525319743e-01
-7.511808862274561571e-01
-4.853474076398613390e-01
4.719794874996698919e-01
-2.332332434357328843e+00
3.364722366212128946e-01
-2.484548025142036654e+00
-7.089558428968020243e-01
-1.033166375011226101e+00
-7.277391254485551242e-01
-4.054732824837088856e+00
-2.624929795607267913e+00
-1.259394913103928149e+00
5.262853232517962221e-01
-1.892110247720466765e+00
-1.844320852958335699e+00
-1.244095575123795872e+00
-1.638595668502263125e+00
-3.868170661054552983e-01
-1.153936084102403115e+00
