-6.794769088814854863e-01
-8.063617083744161196e-01
-5.082639350247278864e-01
6.459565375655729191e-01
-2.117950748138494710e+00
6.365039400791323854e-02
-2.361647964731291349e+00
-1.610568188399810641e+00
-7.327589613377873956e-01
-5.323447360723601030e-01
-1.384375681570341632e+00
-3.686092543942409705e+00
-3.024873579013507729e+00
-5.959094636526577338e-01
-8.969335756778756830e-01
-1.408692186223627019e+00
-1.236725449170072322e+00
-2.456898286335885473e+00
-1.157187980887600665e+00
-1.591024925901724840e+00
-1.433787709594127824e+00
-3.775796127588582629e-01
-8.059478848560274189e-01
