-6.443507921321478538e-01
-8.234049155021948563e-01
-5.960944838672038726e-01
5.761183690134125124e-01
-2.339460972072584077e+00
-2.344990109807167045e+00
-1.953301110188732981e+00
-1.841963350492527296e-01
-1.196338515067427943e+00
-7.391729354003607755e-01
-1.110086651808940950e+00
-3.258375045990921759e+00
-3.622186841682442537e+00
-7.806128294844740800e-01
-6.058184318469282958e-01
-1.665491716408977751e+00
-1.468092279653171239e+00
-3.777146614717456163e+00
-1.439422661791568858e+00
-2.306091012814795782e+00
-1.365429556165371094e+00
-1.183830368581244352e+00
-9.828728931302457283e-01
