-6.634826643288727066e-01
-8.572398740728534028e-01
-5.082781329338540433e-01
6.571511165957981682e-01
-3.506358088841616372e+00
-2.231435513142097093e-01
3.364722366212128946e-01
-2.571444117087318570e+00
-2.912022711646685691e-01
-7.973540173772235562e-01
-1.939736759012772538e+00
-1.582543823176317410e+01
-5.188504755702791904e+00
-9.675813015642513726e-01
-6.848063901469181314e-01
-2.075901079894169055e+00
-1.427418829925750199e+00
-3.626502125637749874e+00
-1.660646287645047181e+00
-2.974955678319261221e+00
-2.001986153984563810e+00
-1.412992546183622800e+00
-1.770363111999593952e+00
