-6.398904534385505549e-01
-7.519094249393766249e-01
-6.124099160389765428e-01
2.391076031777136790e-01
-2.014063686257548724e+00
-1.481888958695725345e+00
3.364722366212128390e-01
-4.344579284093224913e+00
-7.961050665229637557e-01
-1.748627768447513553e+00
-2.701324591487093141e+00
-5.102606329689765019e+00
-4.125082814068775861e+00
-1.577001013088131121e+00
-1.814361109541354544e+00
-1.328779987423652553e+00
-1.667298204840582221e+00
-2.843752196762129536e+00
-2.181890528837988619e+00
-2.554128153959971392e+00
-1.594077818315044359e+00
-1.620770151188094310e+00
-5.282611681968766293e-01
