-6.946141823484447420e-01
-8.346012469744698015e-01
-5.505182629604298272e-01
5.805069211192299683e-01
-2.878050928307206657e+00
3.364722366212128390e-01
-2.668100996800413682e+00
-7.968433648548378656e-01
-1.047962120309032352e+00
-1.100947516168944817e+00
-1.062255734677830965e+01
-3.251249862161726067e+00
-9.232306195088544332e-01
-9.664059373910094397e-01
-1.541967787293193171e+00
9.458151061146727323e-02
-7.827329026681416613e-01
-1.638569683870627625e+00
-2.284745759017831723e+00
-2.391535794596842290e+00
