-6.688717690431394969e-01
-8.158297473635122143e-01
-5.782488339385410958e-01
4.521956949241052737e-01
-2.029694637328096185e+00
-1.378170125233917132e+00
-1.097201804904156530e+00
-7.555677000636040752e-02
-5.474067147251185927e-01
-2.109723631686556633e+00
-2.854721810375753233e+00
-3.156993503351445796e+00
-6.793644797424773785e-01
-3.348592551872641154e-01
-1.251783148868159445e+00
-1.104518640975676202e+00
-2.927837249701829681e+00
-1.151659977774351029e+00
-1.836034621499601061e+00
-1.950248473456922094e+00
-9.765468908877206200e-01
-1.149262585824448957e+00
