-6.992489778075620110e-01
-8.331386414943156016e-01
-5.332638448178613766e-01
6.103806340900348459e-01
-2.939258865643143093e+00
-2.203545165216513890e+00
-1.624150974716159102e+00
-1.727933648758678942e+00
-2.867650063226885315e-01
-1.220734706037078121e+00
-2.297775172692301915e+00
-3.512667911607703974e+00
-3.006557518748877555e+00
-9.424810533795924261e-01
3.814833200684689674e-01
-1.190275726536744294e+00
-1.197850908988553620e+00
-2.713870044390320757e+00
-1.586419757011762854e+00
-1.781916480395812297e+00
-2.068779637040392139e+00
-1.162989904348746162e+00
-1.114802661908682602e+00
