-7.411605736819369961e-01
-9.529338244368362743e-01
-5.235516259827387442e-01
7.200993950990314252e-01
-2.428775687335138489e+00
-1.469960298491690631e+00
-1.109081348149817847e+00
-1.380405843303665447e+00
-3.765880117080517286e-01
-2.036064573586808812e+00
-3.396122005735218607e+00
-2.343420868458544248e+00
-6.600304104552512374e-01
-9.369218414182250987e-01
-1.379105658635577658e+00
-1.438683602559439612e+00
-3.011146272705524929e+00
-1.301822093676849867e+00
-1.945861553756811135e+00
-1.567653055017189878e+00
-1.190487443072158591e+00
-9.590074197281515112e-01
