-6.770555045091711799e-01
-7.813693863457114031e-01
-5.492479636491541806e-01
6.316583245175506622e-01
-2.798619545278066667e+00
-1.168717220183191019e+00
-1.718178573778873508e+00
-6.399980898797353879e-01
-1.075240806782627123e+00
-1.857772106444618432e+00
-3.384992701261342773e+00
-3.900681811450620540e+00
-8.667896492133581043e-01
-1.026394130752815492e+00
-1.566891900252794789e+00
-1.512895657302832486e+00
-2.748688076840740013e+00
-1.788272751702117747e+00
-2.434404492984882928e+00
-1.700837396034277305e+00
-1.138673606875832078e+00
-1.344709007797975087e+00
