-6.367467742927982455e-01
-7.453299750521605871e-01
-6.160369168104444793e-01
2.480684968664038370e-01
-1.951387973800308595e+00
-2.231435513142096816e-01
3.364722366212128390e-01
-4.197124808922231942e+00
-8.146612411679428067e-01
-1.805612129248953313e+00
-2.689253019272775713e+00
-5.214907323877022272e+00
-4.190618446236258343e+00
-1.600791011026390986e+00
-1.848007850067026725e+00
-1.381205198773900689e+00
-1.656984247097619711e+00
-2.829861128724061814e+00
-2.150308395425696961e+00
-2.595771418805949970e+00
-1.626304518464125382e+00
-1.701678570561986126e+00
-5.378970209198803420e-01
