-5.802548975569181700e-01
-8.647273288783401402e-01
-5.426991648846186678e-01
5.230774420346555598e-01
-1.847104730124891736e+00
-1.053605156578262814e-01
3.364722366212128946e-01
-2.228386644116472581e+00
-7.597522987676732509e-01
-1.186464974129914252e+00
-1.201024560825144194e+00
-3.260076268723519632e+00
-2.658317249751225742e+00
-5.272950461845560266e-01
-3.044379310883284506e-01
-1.333939321020077839e+00
-1.038544940483936641e+00
-2.423604803581006717e+00
-1.063370456739693326e+00
-1.419457779105483208e+00
-1.554157661226307940e+00
-1.050356075894626651e+00
-9.286112827607587716e-01
