-6.316179261443968240e-01
-7.304941914790663571e-01
-5.393686902349216217e-01
7.557109744384558070e-01
-2.494011477668343524e+00
-7.087270047076723589e-01
-2.153828218833682140e+00
-8.447322797427423424e-01
-7.742079523271286901e-01
-3.040680782470174259e-01
-4.080453195797996702e-01
-2.762428585696372174e+00
-3.269667636427782131e+00
-1.256527447929438379e+00
-1.142786930498517428e+00
-1.129297882897838079e+01
-1.257094585329003200e+00
-1.510586961144463114e+00
-1.425257033904889337e+00
-9.555578673724601790e-01
-6.554830499862756010e-01
