-6.817686515012923998e-01
-7.639951714344035416e-01
-5.924248449347836454e-01
7.135546909403663873e-01
-2.449766379740678346e+00
-2.231435513142097093e-01
3.364722366212128946e-01
-1.707268466812666308e+00
-4.909560830292568068e-01
-9.882160210576916848e-01
-1.463171367898552067e+00
-2.991991928676722257e+00
-3.632262392693328401e+00
-9.298266581631284833e-01
-1.020734942359218245e+00
-1.550791166535419929e+00
-1.399502694824349192e+00
-3.193767682208050740e+00
-1.721894532116263976e+00
-2.039111292307628887e+00
-1.710105267649826510e+00
-1.233260725189068152e+00
-1.218600435568459428e+00
