-6.740979552448623791e-01
-7.541446179948297912e-01
-5.390720399273951635e-01
6.832544707057386368e-01
-2.644628464491556308e+00
-1.502395388725881631e+00
-1.574324687220379548e+00
-3.520791687063900000e-01
-4.227926500223817552e-01
-3.276262173813674905e-01
-9.285390793666248310e-01
-3.533052903489418917e+00
-3.413965920374056662e+00
-3.820446346587107467e-01
-6.990060488841164377e-01
-1.392522299761647098e+00
-9.856634597253363106e-01
-2.010952053085647062e+00
-1.403391987620988379e+00
-1.846399285520320177e+00
-1.902381940383782499e+00
-9.681920989061971738e-01
-9.459651033744664872e-01
