-6.995525711092587251e-01
-8.516371939324630658e-01
-5.600926711566186489e-01
5.883556623309372791e-01
-2.238222979755372322e+00
-2.812599511634598759e+00
-2.142606011826118539e+00
-5.794994012173566578e-01
-2.893818360567855241e-01
-7.712272606160658350e-01
-9.762877495249124848e-01
-2.688824540144057362e+00
-3.389959677052458265e+00
-4.544342216626375275e-01
-8.377133832093784926e-01
-1.434500757208690525e+00
-9.544617757848850026e-01
-2.800806945221848032e+00
-1.288608037377152460e+00
-2.056306590010093860e+00
-1.977980546660108363e+00
-1.557524119177640332e+00
-9.918320279892443025e-01
