-6.676071467627240352e-01
-6.675109159344733145e-01
-7.016485406208653464e-01
8.412980043025273247e-01
-2.328920867602550793e+00
-1.753801571168065232e+00
-1.250113079681548278e+00
-6.283815713355198618e-01
-7.022104777446431800e-01
-1.285995788587119826e+00
-3.000028640799250912e+00
-3.055681515842495255e+00
-6.160007811018762824e-01
-6.620387231279359908e-01
-1.273564744610987454e+00
-1.227814469834011879e+00
-2.681079372609051603e+00
-1.502100252151758353e+00
-1.436235658148654171e+00
-1.850769574528624117e+00
-9.492870252367876516e-01
-8.907264772556616750e-01
