-6.795859668551819111e-01
-8.405190349507714043e-01
-5.415827181989921746e-01
6.171302947965804364e-01
-2.478782621019827381e+00
-1.393794970091463359e+00
-1.985937647772792580e+00
-1.539426270191539547e+00
-1.560617699389921675e+00
-9.485957190341525180e-01
-4.798901765767797367e-01
-5.230955541993540514e+00
-2.868485271882998067e+00
-1.857128218978001621e+00
-1.102649933987306596e+00
-3.811220627955514750e+00
-9.295112450583300490e-01
-1.698080635579801934e+00
-1.671995917914071761e+00
-1.823883655331705878e-01
-9.822760714258004233e-01
