-6.409765284218547077e-01
-8.319215899960241689e-01
-5.946667863789792952e-01
5.426120782800027964e-01
-2.298012298698556499e+00
-2.231435513142096816e-01
3.364722366212128390e-01
-6.969039581928619942e-01
-6.070172770763714309e-01
-6.589268970523280977e-01
-1.191809520623366758e+00
-3.116849773984829763e+00
-3.451650753811625894e+00
-7.485968371868007010e-01
-4.925750874040056293e-01
-1.601790459486006846e+00
-1.393081572588200423e+00
-3.694301640287546373e+00
-1.346524992716132685e+00
-2.218836407564726443e+00
-1.276620888354275785e+00
-1.123148986968297791e+00
-9.080917331246187718e-01
