-6.582572707167282378e-01
-1.094513502548966288e+00
-3.868249554881736385e-01
5.937993622304693631e-01
-3.119338438726341423e+00
3.364722366212128946e-01
-1.719653995303237703e+00
-1.196491443504680063e+00
-1.239849940780711535e+00
-1.975796393701362286e+00
-3.633427315223798804e+00
-3.572233793951503866e+00
-1.398988097303496714e+00
-7.176573226986875387e-01
-1.636380204827453388e+00
-2.397069616270282033e+00
-2.195645272024658201e+00
-2.347988844699896660e+00
-3.916017810452806724e+00
-2.058293170078541401e+00
-2.022345066689932302e+00
-1.608308875222630718e-01
