-6.830416704201620615e-01
-8.716249713298874768e-01
-4.535113581820418571e-01
8.528360781839231519e-01
-2.721890055528384256e+00
-1.118325354484583700e+00
-1.935141109845841090e+00
-7.911877084142290295e-01
-7.017063445721364312e-01
-3.329703431483624909e-01
-2.950286233910039413e-01
-4.136699809582196075e+00
-2.434186833799966809e+00
-1.136362084310665432e+00
-1.214679864206280824e+00
-3.418949974424798199e+00
-1.423221776886978374e+00
-1.843834070383310042e+00
-1.555235663091247389e+00
-1.057567305973216687e+00
-1.039801333198539846e+00
