-6.197047958512326149e-01
-1.077480677825013222e+00
-3.812081436264290746e-01
8.606188928253810655e-01
-2.259571995908705055e+00
-2.231435513142096816e-01
3.364722366212128390e-01
-1.137015817103764093e+00
-5.441706846187949198e-01
-3.711281446213967605e-01
-1.745573518916295974e+00
-2.837425755531938432e+00
-2.124290926163219684e+00
-2.814627193369059754e-01
-8.885731373298851876e-01
-1.564236022280673710e+00
-8.293227407681915686e-01
-2.472211962919532713e+00
-1.498672151827391774e+00
-1.972039854351555377e+00
-1.247471232078966930e+00
-8.434113855132265858e-01
-5.672703648413267574e-01
