-6.454402545783001210e-01
-7.945641144009533141e-01
-5.290034847543133578e-01
4.218313428463024151e-01
-2.335020713777899104e+00
-7.336165880662904870e-01
-9.758704896277075047e-01
4.726373863465347692e-03
-2.983980865769222390e+00
-1.184793145050405005e+00
-1.415164433882689643e+00
-2.273098725666911957e+00
-3.213188395519460450e+00
-5.575991648512859111e-01
-5.977767371190028101e-01
-1.587462172337621658e+00
-1.426325743173988414e+00
-6.951698865505166580e+00
-4.298774526912896854e-01
-1.886485008137803510e+00
-1.230189993218362643e+00
-2.224156381662674709e-01
-8.852409217962387000e-01
