-6.585535202746366501e-01
-9.035235892620158138e-01
-4.773404443081377124e-01
8.121295677962474535e-01
-1.483180038550131030e+00
3.364722366212128946e-01
-8.158969423926343278e-01
-1.203556820182685033e-01
-5.279232247946291645e-02
-1.065737353061669390e+00
-2.488424634215231190e+00
-3.083094585894464501e+00
-1.987567145088454390e-01
-9.057011563088197548e-01
-1.272143170960793324e+00
-8.715458651766601061e-01
-2.524467178514699039e+00
-1.033701190882537091e+00
-1.553380260127930068e+00
-1.033620144401479868e+00
-4.515298107592690124e-01
-5.639400172589572602e-01
