-6.253397671780441813e-01
-7.341052431870095374e-01
-5.896211728659169760e-01
5.144179326985350853e-01
-2.580466309981020778e+00
-1.372585933637903599e+00
-1.112431506828320593e+00
-6.241372189015786942e-01
-1.104082607469893285e+00
-1.237582027168371068e+00
-2.047113420904886016e+00
-2.699782463364555518e+00
-1.165917103476026950e+00
-8.354733953176476380e-01
-9.706814276545498998e-01
-8.163150835672063899e-01
-3.295982270248070112e+00
-1.794860995187277597e+00
-9.888552903190078736e-01
-1.122826367539093484e+00
