-6.842294817640008908e-01
-8.408450017002491172e-01
-5.153179169848862706e-01
6.433619124556535507e-01
-2.662872429150874076e+00
-7.479013656770153728e-01
-1.863356914799033648e+00
-1.261963649843605317e+00
-9.747657563010569959e-01
-8.391387473124284346e-01
-6.299635426606103872e-01
-2.907819921260408780e+00
-3.325794098627320672e+00
-1.401367027966716305e+00
-1.106088123508027321e+00
-3.488643701404046560e+00
-1.593939005728066904e+00
-2.116698360726608108e+00
-1.932984125547095200e+00
-1.401671524033663685e+00
-1.122937581734499979e+00
