-6.820487904622718478e-01
-7.608819547166643105e-01
-5.844978292894577043e-01
7.124613352315322112e-01
-2.588806561348727442e+00
-4.004200573113861350e-01
3.364722366212128390e-01
-1.434596966994835965e+00
-5.426468386019113188e-01
-1.005260880897407727e+00
-1.512371576394531125e+00
-2.872042065602151695e+00
-3.698678365778504507e+00
-9.185348160976691823e-01
-1.021298839642288847e+00
-1.548287484186723795e+00
-1.414980630439618858e+00
-1.119976330327969727e+00
-1.739576156180962174e+00
-2.046378014259436995e+00
-1.725400445092102775e+00
