-5.768495788184531126e-01
-8.517092316535482821e-01
-5.475489330217091499e-01
5.147678893776082010e-01
-1.816549312846978959e+00
-2.231435513142096816e-01
-1.651887784027912476e+00
-1.948449666811040926e+00
-8.759433094962322253e-01
-1.141471787865385057e+00
-1.218325533706094754e+00
-3.268872754332281527e+00
-2.723005774815933755e+00
-5.670705642581668204e-01
-3.106767609012197617e-01
-1.356181631922894315e+00
-1.080332631759455486e+00
-2.456910547206182738e+00
-1.127034884242245072e+00
-1.467710008823478907e+00
-1.593615756527688054e+00
-1.091807051581270338e+00
-9.727282698210231171e-01
