-7.210794842235029867e-01
-7.022224998617025982e-01
-6.091334608227546576e-01
5.466616195507055798e-01
-3.637239040600481754e+00
-2.231435513142096816e-01
3.364722366212128390e-01
-2.251230771025232169e+00
-1.563447127070289044e-01
-1.116882762268258666e+00
-6.219537689591220220e-01
-2.747425108177170117e+00
-2.469194144447171002e+00
-1.226458927868204984e+00
1.304913060540560998e+00
-1.467054309600162698e+00
-1.657056967314894935e+00
-2.462245036310749313e+00
-1.513324009393838265e+00
-1.520873160947241676e+00
-1.888615317874142496e+00
-1.340973024130584390e+00
-1.363261110062420345e+00
