-7.418089156881012558e-01
-9.559149664538867386e-01
-5.139049147712008159e-01
7.012616379797201871e-01
-2.436054631843505902e+00
3.364722366212128946e-01
-1.591004207719611818e+00
-1.051193052059138378e+00
-4.039133478007271294e-01
-1.973742825283858249e+00
-3.253917313072703266e+00
-2.332842704253044186e+00
-6.269611931329015508e-01
-8.725386255361435861e-01
-1.312617684784770367e+00
-1.335896153803864950e+00
-2.899970776900703040e+00
-1.207252001473947178e+00
-1.872470058704040818e+00
-1.467940098491004042e+00
-1.120816559939726176e+00
-8.854007658098063116e-01
