-6.507042280817899593e-01
-8.635880087887726209e-01
-6.155900957979553167e-01
6.309281758419561514e-01
-3.404395624470543780e+00
-7.381692055594110125e-01
-1.413315821336128542e+00
-2.910918008379665411e-01
-2.616117615816401898e+00
-6.957167813104113696e-01
-1.368370782798791208e+00
-3.641577920178477701e+00
-2.994230462585762087e+00
-9.141987964177966663e-01
-7.967611530768253791e-01
-1.011042216775555724e+00
-1.366380475393071281e+00
-1.230237126602887088e+00
-1.465921190044866762e+00
-2.031240633551076424e+00
-1.693538792940009641e+00
