-7.123146440951342306e-01
-7.915252522622368003e-01
-5.193908665212143561e-01
7.769490851764965234e-01
-2.818815026062403195e+00
-1.140660244860953521e+00
-1.190708993957989126e+00
-7.293729873713425960e-01
-7.590440121031684084e-01
-1.046567155885391509e+00
-9.931446408068457243e-01
-2.443817698650207149e+00
-5.010496021524692978e+00
-6.821723625340684327e-01
-9.021745664134964704e-01
-1.338676307873048588e+00
-1.582778973729302985e+00
-2.886944422229828167e+00
-1.205992641059843606e+00
-1.977610529961201458e+00
-2.052365924636798677e+00
-4.872510825158248293e-01
-1.218552778750629173e+00
