-6.955512635043775704e-01
-8.698523300078047082e-01
-5.338243408093646947e-01
5.955543612715141766e-01
-2.689604657488279926e+00
-1.053605156578262814e-01
3.364722366212128390e-01
-2.416379637595729601e+00
-5.690994131505922038e-01
-6.124146865255427619e-01
-1.438446078660019056e+00
-3.285752496371556752e+00
-3.031315833246967184e+00
-8.328371969909427186e-01
-9.524424579564405580e-01
-1.531427571691508005e+00
-1.205964356378501412e+00
-2.692277732108202315e+00
-1.412622545264363705e+00
-2.043443647129572938e+00
-1.504364524697060279e+00
-9.630054888746522046e-01
-8.123281757769272859e-01
