-6.801244953069700561e-01
-7.621347740876309729e-01
-5.656972698378482933e-01
6.969149664176456094e-01
-1.039642883933598050e+00
-1.714658244954756272e+00
-7.516632946500662049e-01
-1.180680960433561522e+00
-1.944037821055554005e+00
-3.395623888321413819e+00
-3.858320324982545735e+00
-9.660010158541573189e-01
-1.109660207292857192e+00
-1.639600569572209565e+00
-1.576987949594924610e+00
-2.792614727447504386e+00
-1.836045814084842576e+00
-2.470916430764483973e+00
-1.761604121775794729e+00
-1.212821256796433156e+00
-1.409226392497816338e+00
-6.911927920424398852e-01
-8.532622103370922639e-01
-5.518903008531884646e-01
6.446739053047328971e-01
-1.467063358602026302e+00
-1.818699979402143896e+00
-8.306151764161227025e-01
-7.261047523657681024e-01
-1.414327541357517370e+00
-3.308419849822792358e+00
-3.049855049987967082e+00
-9.365074379941393801e-01
-1.071607096037171303e+00
-1.645636043740466237e+00
-1.340425419537354834e+00
-2.776099037905109590e+00
-1.548410961042811618e+00
-2.159620672355090143e+00
-1.623319003732616839e+00
-1.082110881172053451e+00
-9.512621110986368977e-01
-6.632950931505828818e-01
-7.767243729112252026e-01
-6.393260026860293488e-01
5.489440859877902090e-01
-1.705820567724926073e+00
-1.318009631889635935e+00
-8.173124829637324895e-01
-6.723993457813728369e-01
-1.036735766241821288e+00
-3.124054985769540327e+00
-3.966115989698302258e+00
-9.421930618851001027e-01
-7.615376657469346000e-01
-1.287339401922450888e+00
-1.349433339422155376e+00
-2.571716270039326346e+00
-1.340513704951505680e+00
-2.177792151360575357e+00
-1.588211415717075914e+00
-5.969594196637620920e-01
-8.500041124376805923e-01
-6.407745159858682094e-01
-8.213302131042951038e-01
-5.982632742755953359e-01
5.581231796561542113e-01
-1.583045544939407856e+00
-3.890283472787195995e-01
-8.926111812664474510e-01
-7.357921582431559138e-01
-1.113619603338532382e+00
-3.245286196204637985e+00
-3.646767403842038124e+00
-7.865252777498477066e-01
-5.558832012960410740e-01
-1.673126014614191526e+00
-1.467659922619193091e+00
-3.764990372483528080e+00
-1.430144629595240024e+00
-2.311792015901974917e+00
-1.358322278052553678e+00
-1.205035051198731555e+00
-9.798164638859934161e-01
-7.126754241723348704e-01
-1.149891879735182476e+00
-4.425871191230401624e-01
3.894344773042155428e-01
-1.267916367634454922e+00
-5.632763751287250820e-01
-1.190799696803916063e+00
-9.504385162633318673e-01
-8.860922209742164712e-01
-3.162337849289897918e+00
-3.608832698974655084e+00
-3.745705081157616467e-01
-8.776199343715040957e-01
-1.044919269006365337e+00
-8.595082441394448214e-01
-3.441376119228471531e+00
-9.365297301596067214e-01
-1.286828994969825946e+00
-8.562347017628825219e-01
-1.013352938732269948e+00
-6.243506282446822375e-01
-6.779635323240625899e-01
-7.865586125807118023e-01
-4.915608347527247179e-01
7.169122391628259816e-01
-2.025273570787393229e+00
-1.161830432111016664e+00
-6.175867438716265978e-01
2.764784784993346706e-02
-1.065193379047951305e+00
-3.109322525394923709e+00
-2.832030980017942401e+00
-5.067436690968789570e-01
-1.542371275376634154e-01
-1.434550287970561611e+00
-7.310382325482570609e-01
-2.673272018890473056e+00
-1.050636899419459924e+00
-1.658197542011785153e+00
-1.438148573108731343e+00
-9.429849325229392454e-01
-6.283369146233678260e-01
-6.456216557845644299e-01
-7.875349049443910454e-01
-5.330333427930820100e-01
4.246447684578983917e-01
-8.395786734225471060e-01
-4.013201383242545051e-01
-1.292800788772173970e+00
-1.115418405042193806e+00
-1.463138747362786596e+00
-2.188051701838646501e+00
-3.372877638467253192e+00
-5.837420204499141896e-01
-6.141848163580835296e-01
-1.613424871339291355e+00
-1.446777646225919645e+00
-4.910421783950975616e+00
-5.115302695663120902e-01
-1.963314896111750585e+00
-1.243236013433206333e+00
-2.443213373484590112e-01
-8.661082941919250322e-01
-6.776133474184237171e-01
-7.159552500750362425e-01
-5.226440256996134348e-01
5.464565733678665715e-01
-1.882313003013880826e+00
-5.635875831262338043e-01
3.736873630617063569e-01
-2.555768527135994228e-01
-1.104585501293083860e+00
-2.168977699444583074e+00
-2.893267207892456394e+00
-5.922362097163640371e-01
-5.952424723252461858e-01
-9.586539202951342986e-01
-7.254433711333233559e-01
-2.234131626037918927e+00
-9.656990048553797390e-01
-1.608058080083748287e+00
-5.381720739481730131e-01
-7.064051999255784864e-01
-3.149688132714146827e-01
-7.014843483631090226e-01
-8.117868064225778335e-01
-5.727092335421666291e-01
6.993035368753661718e-01
-1.348888999811267642e+00
-1.573414495101174149e+00
-6.431447963708172288e-01
-1.240667710056308159e+00
-1.561031415924922561e+00
-3.692512901931935598e+00
-3.325178992061232019e+00
-9.374153739164271526e-01
-1.087517044390398757e+00
-1.566935436353385391e+00
-1.543450193234763734e+00
-3.031211686268759031e+00
-1.791278038597010180e+00
-2.321032828209849352e+00
-2.227741009883205336e+00
-1.448482370276215514e+00
-1.183283667174877873e+00
-6.783147788325665228e-01
-8.238916420151208841e-01
-5.741789808157239383e-01
1.101175844319016495e+00
-6.972294560704481725e-01
-1.737008767318204194e+00
-1.384843130457650506e+00
-1.424716368032852953e+00
-1.797975077558016999e+00
-5.370314192947953202e+00
-3.279176502219452338e+00
-1.169789253293499920e+00
-1.384386990794063799e+00
-2.187112341822404105e+00
-2.065055474329644536e+00
-3.401263997111813708e+00
-2.122139687232469818e+00
-2.343293779305432256e+00
-2.166585466095007462e+00
-1.637245954203834675e+00
-1.605020849190479160e+00
-7.094744302656170731e-01
-9.288672090806400217e-01
-4.852137594579695734e-01
6.878563246305411383e-01
-2.131703551797353491e+00
-8.757071186045087829e-01
-2.913178521501262330e-01
-3.355898752313755118e-01
-1.303294487423114045e+00
-4.999080986727036269e+00
-2.478006943879327295e+00
-7.833018269329832250e-01
-8.278244215758502333e-01
-1.503224606923682094e+00
-9.065570676958619734e-01
-2.186223567138440682e+00
-1.613791138303847683e+00
-2.203779918988168607e+00
-8.618528931657529757e-01
-1.163451535545228621e+00
-1.383502215749754516e+00
-6.076287782829798978e-01
-6.692461892368983811e-01
-6.341553542297189150e-01
7.385319475838025838e-01
-1.885793212348194636e+00
-1.279565429617090855e+00
-4.430390109169732860e-01
-8.303911553926016653e-01
-1.589908123059646128e+00
-3.013776741098680656e+00
-3.917553135738962578e+00
-8.613722991491445935e-01
-1.168260001336621556e+00
-1.472553688340483058e+00
-1.348808897907250781e+00
-2.886646960651610971e+00
-1.398525654708498989e+00
-1.851380040632569779e+00
-1.628614656076350586e+00
-1.116106757213189526e+00
-1.003292616739664522e+00
-6.812871997947471669e-01
-8.065286629176547928e-01
-4.476466669406496957e-01
7.422063864099872621e-01
-2.676516439530606473e+00
-1.356008418170176810e+00
-8.800366963806298681e-01
-5.892934735700950943e-01
-8.132784393403398315e-01
-2.620103242293307932e+00
-3.157888026723799424e+00
-3.395952189481624139e-01
-4.864086171959264987e-02
-1.053942937174666694e+00
-1.287156473945320734e+00
-2.268757094282885856e+00
-1.466856770503569551e+00
-2.148078817233270321e+00
-1.557158289630339754e+00
-5.033605943471445299e-01
-8.150767178545995639e-01
-5.687678607971223821e-01
-9.117779447099879642e-01
-5.204017287758072596e-01
4.339543802947438689e-01
-1.479459057801390420e+00
-1.623429389671674494e+00
-8.514008101712428056e-01
-9.790830842111704069e-01
-1.019230038909059388e+00
-3.074023079035340889e+00
-2.773957692948008535e+00
-4.296806515879171284e-01
-1.129425391253589400e-01
-1.259502723073411268e+00
-1.002334861499529550e+00
-2.347487394594716559e+00
-1.074440921704586493e+00
-1.411454033580574974e+00
-1.531658531967863501e+00
-1.021715810525953172e+00
-8.864063049311090570e-01
-7.097378308178822204e-01
-7.592779099319206804e-01
-5.482816101223942917e-01
8.028066285266056701e-01
-1.044058627563672514e+00
-1.296130100934806739e+00
-6.281113208285861171e-01
-1.220926640263284790e+00
-1.065618834454229891e+00
-2.621011336609611497e+00
-3.989018253479565068e+00
-7.754996338002508871e-01
-9.950605301471248110e-01
-1.417065441396858416e+00
-1.630691631598715219e+00
-2.942224603640350988e+00
-1.252226402214709822e+00
-2.018524900465448635e+00
-2.099823823471122175e+00
-5.699856757011322328e-01
-1.283143206132501879e+00
-7.377059756301824756e-01
-7.883666301672831445e-01
-6.421793408800908765e-01
4.145635812627620487e-01
-1.138696796005910672e+00
-1.286261563401269514e+00
-4.245979328394403063e-01
-1.088494283364000115e+00
-1.666102422563790153e+00
-3.024700570595240112e+00
-2.346015096431723901e+00
-5.738005909812464722e-01
-2.961576304879237620e-01
-1.472142050979837746e+00
-8.760494297241551154e-01
-2.939980394252931006e+00
-1.188341540796869378e+00
-1.306237570874079656e+00
-1.791170038771041861e+00
-9.706280634287052234e-01
-9.019640058124223092e-01
-6.822338801250591445e-01
-8.331659732161148524e-01
-4.785613847306851576e-01
7.017147711935244336e-01
-1.756443742962427779e+00
-1.205720381624648452e+00
-7.840446216417710223e-01
-5.396620082106223792e-01
-1.230423611179435994e+00
-3.557857784851824690e+00
-3.679527041008055388e+00
-9.325291070640834290e-01
-6.032883082659102891e-01
-1.415619229694728087e+00
-1.239329677418842257e+00
-3.116435385551543646e+00
-1.145113237000401574e+00
-1.840434905880440564e+00
-1.873935931615282380e+00
-1.040433019764501754e+00
-1.186342761965516246e+00
-5.966455284056609853e-01
-5.993036504821904753e-01
-6.309540439211260843e-01
6.932215684740088424e-01
-2.563295997174782848e+00
-1.161584714069276547e+00
-5.986019656916041765e-01
-1.029189014528640866e+00
-1.512793668322595320e+00
-2.894295475279281771e+00
-3.088310377481910063e+00
-5.892335445107819147e-01
-6.464443696398889383e-01
-1.277133371389651328e+00
-1.201171323426707405e+00
-3.225284557532374752e+00
-1.427018660233685177e+00
-1.496376300049889529e+00
-1.153048394748128702e+00
-1.125649778671375056e+00
-9.620164769643971825e-01
-6.062355175549276609e-01
-7.100326899038444939e-01
-6.087525122404645606e-01
5.404091794996491727e-01
-2.154980941730953781e+00
-1.053699827236968201e+00
-4.198361750352748167e-01
-3.667541164740336646e-01
-9.110088077993736544e-01
-3.670041120152287561e+00
-2.923025501779446422e+00
-4.247281620322436724e-01
-4.494761641851849898e-01
-1.159912624063897280e+00
-1.280833421775855241e+00
-2.579029638411054481e+00
-1.603372651107106472e+00
-1.886713384529178805e+00
-7.949455660919645394e-01
-1.039191592454779656e+00
-7.857598324745022067e-01
-6.724747912714683640e-01
-7.424264274025870192e-01
-5.461630534197798870e-01
7.050445296859886302e-01
-1.817410594445818095e+00
-7.868548689084927661e-01
-3.638753283409492112e-01
-4.549007154323895796e-01
-1.080491768705738931e+00
-3.560792954660990439e+00
-3.489747665063651194e+00
-5.204394312600248984e-01
-7.567516976110302274e-01
-1.450298486234901540e+00
-1.066326897848743460e+00
-2.098002197964571103e+00
-1.475734401986198430e+00
-1.917884615816187299e+00
-1.958082916213226721e+00
-1.047235607927733403e+00
-1.021072653341542180e+00
-6.767669940206768597e-01
-8.914818730932771995e-01
-4.206906385123196368e-01
7.151753166799617034e-01
-1.432394612934953848e+00
-9.734284600173630508e-01
-1.141340089370095123e+00
-1.315048661809014918e+00
-1.497262941796566826e+00
-6.018824521457610821e+00
-5.222043715671445874e+00
-7.521396499534969138e-01
-5.329926105324828134e-01
-1.816860672329903892e+00
-1.761900601361320762e+00
-2.540876159617925012e+00
-1.473403468985063469e+00
-2.225318319200626505e+00
-2.266647440804876013e+00
-1.460498330069854411e+00
-1.531603179516338731e+00
-7.333164124397045791e-01
-7.407953386170056387e-01
-3.864813375403969853e-01
7.522370608715768237e-01
-1.313809697395065479e+00
-1.246307017036958564e+00
-1.349139073583262016e+00
-7.737223308497521712e-01
-1.450699503371439381e+00
-4.121715496241789900e+00
-2.698965672834203300e+00
-5.136317979167656089e-01
-7.120328756656560953e-01
-1.537366899405756104e+00
-1.265784879738599322e+00
-2.538531859183803974e+00
-1.154397964055845938e+00
-1.863881201381367925e+00
-1.841644466785526291e+00
-1.166328338385268504e+00
-8.270432949722671401e-01
-6.527123386848100450e-01
-8.317460060106565134e-01
-6.677931949818495250e-01
5.703001410299505247e-01
-8.305622298291627237e-01
-1.016035147745786293e+00
-4.285265727530961910e-01
-7.653778670156773378e-01
-2.248365693451380931e+00
-3.201272834396255984e+00
-3.226805519618309415e+00
-8.558287383174290053e-01
-8.505721024513758222e-01
-1.597805624791230894e+00
-1.447583057386356842e+00
-2.827078764308879055e+00
-1.679136650826399846e+00
-1.799987909995803603e+00
-2.336699196506225373e+00
-1.017746263171426913e+00
-1.083640894824338785e+00
-6.793273870158043071e-01
-9.076762568831200362e-01
-5.340609038448915769e-01
5.554211369983387270e-01
-1.372393343442598779e+00
-1.010918052921941701e+00
-7.252890816541638364e-01
-4.064101280480313938e-01
-5.959761967207896083e-01
-3.403341434533242005e+00
-3.074466812537631988e+00
-5.023570259217815526e-01
-6.260025129534901867e-01
-1.140658584529935959e+00
-1.288865290200097213e+00
-2.513259492757081937e+00
-1.337102354309057217e+00
-2.033615929570311565e+00
-1.786658388814819087e+00
-1.083978648391199506e+00
-1.147152339095353080e+00
-7.067856453146404982e-01
-7.948650425954292276e-01
-5.388874466452143741e-01
5.166278229342941009e-01
-1.377704359507479825e+00
-1.433136654172916247e+00
1.931778294850071132e-01
-1.073774724452900564e+00
-1.462565145049466997e+00
-3.217129070774536359e+00
-3.353430621789452726e+00
-8.607655387991285378e-01
-3.011863854830818532e-01
-1.465216871720263603e+00
-1.185582132903134633e+00
-3.139865607969671402e+00
-1.089098339626767498e+00
-1.992507011954153695e+00
-1.624480229883522364e+00
-9.436605858655331414e-01
-9.911200051088486784e-01
-6.966872077663319729e-01
-8.570773729985594613e-01
-5.527003863729600397e-01
6.929291768842279486e-01
-1.087746443240817706e+00
-2.594213490726815952e+00
-4.028000910061479978e-01
-1.114601657342700225e+00
-1.476180943381953492e+00
-2.955855361454774677e+00
-3.004710480905150582e+00
-9.973306937716496234e-01
-9.993729737466686691e-01
-1.605627403349212612e+00
-1.720885132490878711e+00
-3.051381445979226559e+00
-1.863746618721195070e+00
-2.482181246481939052e+00
-1.962871204225347999e+00
-1.350370575686207220e+00
-1.416377340198806678e+00
-7.224686754373954578e-01
-8.774231038320687848e-01
-5.279789963397857333e-01
5.815333733881251632e-01
-1.629940792981103614e+00
-1.238518856476449770e+00
-7.092284861885860270e-01
-3.710152473413812491e-01
-1.588714295982914582e+00
-2.372446219446674665e+00
-2.051685911956715902e+00
-2.637872119427898121e-01
-5.964597243520003422e-01
-1.459217026929502392e+00
-1.133729377342458600e+00
-2.520330832701840773e+00
-1.033192290805774238e+00
-2.369601645275449364e+00
-1.767894613187803943e+00
-4.613885968494824130e-01
-5.689367981499531268e-01
-6.780835678304364400e-01
-8.168659606269207396e-01
-4.982028893063884523e-01
6.148955442528467596e-01
-1.734638962631212644e+00
-1.746487736153162551e+00
-6.249816718805910609e-01
-4.390529417134316215e-01
-1.295514159973670809e+00
-3.564961855128688573e+00
-3.066553649992997510e+00
-5.462027557149136126e-01
-8.563163699435808462e-01
-1.365198988579413797e+00
-1.209377481339036553e+00
-2.433137962204781513e+00
-1.137855452549608071e+00
-1.578335623849967062e+00
-1.389490484910316903e+00
-2.966184743386368616e-01
-7.566268060249305982e-01
-6.464554497518073539e-01
-9.485618409982502497e-01
-4.410747869209191707e-01
8.180624199750883285e-01
-1.786204172048275973e+00
1.121317669658403703e-02
1.640453161443625740e-01
4.400109534302930614e-01
-8.786844168416975132e-01
-2.194504144059136852e+00
-3.268250960468781496e+00
7.729651174656754220e-02
-7.612532434143689519e-01
-1.142643767333977323e+00
-7.272647760260045890e-01
-2.380746615008127343e+00
-1.006632485544584066e+00
-1.615768224834119415e+00
-9.058911617798304228e-01
-2.921439858542644319e-01
-4.383403704758331854e-01
-6.861953446338880935e-01
-7.041883177546256478e-01
-6.743296837008517786e-01
6.867734151929892894e-01
-5.250339766838379996e-01
-1.216197072402450452e+00
-7.373541501784856012e-01
-1.846175825226639144e+00
-2.132592539376330976e+00
-3.780988858284445975e+00
-4.579670153582571679e+00
-1.021653656166992663e+00
-1.251132838147236859e+00
-1.733918159838233164e+00
-1.974694121605873542e+00
-3.306364290468041034e+00
-1.668069644777783411e+00
-2.384902925791085870e+00
-2.732401715852752488e+00
-1.564214859555489667e+00
-1.423729325631541087e+00
-7.081505927222986330e-01
-7.537800193748711575e-01
-5.430560972589023594e-01
7.417990130416526329e-01
-1.588589812204304286e+00
-1.636803140777106869e+00
-7.137757660153123407e-01
-1.251327622750519675e+00
-1.327100408978225010e+00
-3.086906050580114247e+00
-4.959683852395173176e+00
-9.524035073849085320e-01
-1.277150428176383468e+00
-2.077246357265126520e+00
-1.748245443628083651e+00
-4.056516230261283162e+00
-2.185983247964318199e+00
-2.503172698165214705e+00
-2.012833305959275343e+00
-1.810614078937210714e+00
-1.343948804581179379e+00
-6.458422470201822252e-01
-8.142870163711282139e-01
-6.186493858008612623e-01
6.816808714026202365e-01
-1.203632321313372389e+00
-5.963614792326505931e-01
-1.035127223115392292e+00
-7.249658545741352045e-01
-7.249455283798398320e-01
-2.479844276638151435e+00
-4.862935905358020783e+00
-8.386205227165093312e-01
-6.687077339841704937e-01
-1.088001938892223741e+00
-9.376342638057421075e-01
-2.593987473209991013e+00
-1.060063430931970530e+00
-2.152213059531385753e+00
-1.451469612615754246e+00
-1.315895971036741496e+00
-8.843979911526604898e-01
-6.642929966577063583e-01
-8.322170593581701414e-01
-5.658478950367101801e-01
4.051191543005209783e-01
-1.422688802459805668e+00
-1.006063887767022269e+00
4.742628524220654507e-02
-4.322079644839418866e-01
-1.994907748819622295e+00
-2.821102586702369575e+00
-3.140999658322084720e+00
-6.190313480104249200e-01
-2.167426403008503866e-01
-1.198191838858847502e+00
-1.055068363895028671e+00
-2.896852401693636558e+00
-1.111969197913580176e+00
-1.804756280260396473e+00
-1.915061242630807792e+00
-9.294734538633405707e-01
-1.100723420060323532e+00
-7.428618871994646655e-01
-9.447555516375936158e-01
-5.313766761005479511e-01
7.203025740994893900e-01
-1.460487965492168305e+00
-1.151425713317640431e+00
-1.384954125254758139e+00
-4.235477168070844178e-01
-2.066331289402592919e+00
-3.436332143984564436e+00
-2.339738516942291291e+00
-6.798752639664343844e-01
-9.620193583337051102e-01
-1.399406843445045068e+00
-1.455418432152681518e+00
-3.016468920034740986e+00
-1.312226187510605602e+00
-1.954044682680047496e+00
-1.581494972425052659e+00
-1.206848958540394312e+00
-9.740304432926748524e-01
-6.250490507013066743e-01
-6.966818177237478205e-01
-6.124256275661575932e-01
3.538922327318993477e-01
-1.401156771158131198e+00
-3.920366252757875869e-02
5.257873502990516590e-01
3.757440461506370566e-01
-5.507377927434614628e-01
-3.040702595742682757e+00
-3.293904787323881145e+00
1.409602968611706197e-01
3.128294178766177769e-01
-7.243432341549688180e-01
-7.041988703727065646e-01
-1.740175153636010164e+00
-1.070180952516669892e+00
-1.065452416151257742e+00
-9.752723270703649305e-01
-6.147769222599693828e-01
-4.071550991084039173e-01
-6.815553851988344070e-01
-7.783737213544348332e-01
-5.286003648691975920e-01
4.760523326953006729e-01
-1.356629250480532622e+00
-2.323964052852297790e+00
-7.791342343215366117e-01
-1.248514637959087653e-01
-3.021622877822821795e+00
-4.205252832539728480e+00
-3.023015353840587949e+00
-1.077631502657340423e+00
-3.838149330832808515e-01
-1.889980887687209954e+00
-1.586891119221238489e+00
-3.295586650943422402e+00
-1.583638443945935226e+00
-4.857673295353580833e+00
-8.911836867512490379e-01
-1.546419189347148615e+00
-1.736312064026267699e+00
-7.411335342830098760e-01
-8.054615357937644493e-01
-4.869691434054914114e-01
8.298349716230835060e-01
-1.289324654451973640e+00
-1.270204045299714313e+00
-1.591172859762452152e+00
-9.715180622699701729e-01
-7.772947694686117570e-01
-3.663813743033377701e+00
-2.925593011038455593e+00
-6.777874479960811493e-01
-1.043623798669836900e+00
-1.692986533128876259e+00
-1.726665757700583281e+00
-2.841723118179942720e+00
-1.719790080058922532e+00
-2.381500657666266285e+00
-2.337854279941075308e+00
-1.363356358037503213e+00
-1.422997327345794538e+00
-6.679711840145156065e-01
-6.669319598232167356e-01
-7.026032714412666635e-01
8.430827761845637314e-01
-1.751368782126289103e+00
-1.253615201572987337e+00
-6.313423216376098379e-01
-7.062260099989241535e-01
-1.289521797135944059e+00
-3.001639421338734071e+00
-3.056614514719149245e+00
-6.195665037614672688e-01
-6.656569096251591100e-01
-1.275595314782449474e+00
-1.229020162420852103e+00
-2.677032470976532519e+00
-1.502393808678913256e+00
-1.438632711815882370e+00
-1.851979221962294142e+00
-9.522364461706912531e-01
-8.918271894444018688e-01
-6.479082036814888257e-01
-8.744892624109579238e-01
-5.132461927708691363e-01
5.170320204345196791e-01
-1.623861583821272214e+00
-1.848008750538856049e+00
-2.791624813722042853e-01
-4.353975862748376002e-01
-1.947656904098089781e+00
-3.127798740298876279e+00
-5.371874466334038090e+00
-1.908759327366404968e-01
-6.237158726258227315e-01
-9.509782146562273386e-01
-1.158067364972146240e+00
-2.495139173017061118e+00
-1.188878108393701671e+00
-1.874136120851075837e+00
-1.216413939875203631e+00
-1.065157342597005563e+00
-1.103040687598429326e+00
-2.315773957814090345e+00
