-6.311208199596796131e-01
-6.563655817289050232e-01
-5.752364442394366506e-01
5.428971339109779359e-01
-1.473288778791078446e+00
-2.258110710421598721e+00
-8.176125010155292916e-01
-4.641376552044947368e-01
-4.661002608657572321e-01
-8.159057054378564544e-01
-2.229821152934546191e+00
-2.884941398523296119e+00
-3.662726380504601753e-01
-4.756772281084959975e-01
-3.745217410132117286e-01
-6.299491715546590154e-01
-1.852249080638110890e+00
-1.058375037211623404e+00
-6.620703324049613814e-01
-5.024264553074373474e-01
