-6.692920900944785423e-01
-7.232583888143309103e-01
-6.467563055209404332e-01
7.290550204198529283e-01
-3.791981463782616135e+00
-2.231435513142097093e-01
3.364722366212128946e-01
-2.347897089546882476e+00
-2.606225398214628841e-01
-1.363487726470894890e+00
-1.724135663267276852e+00
-3.249392081525437348e+00
-2.836489628476394298e+00
-7.817667387163775850e-01
-1.092848346274965188e+00
-1.579285811187548516e+00
-1.530926117192132008e+00
-2.706194261051088290e+00
-1.301931563049326002e+00
-1.767553384763353996e+00
-2.043019640076747301e+00
-1.041956312300207799e+00
-7.898961793015228938e-01
