-6.593082870233664128e-01
-8.079417353087461340e-01
-5.949041336039017080e-01
7.414028539277827123e-01
-3.524528614198994436e+00
-1.999418184075188787e+00
-1.647082598391746977e+00
-9.258216843232549564e-01
-5.979808870758597239e-01
-8.297291905566718251e-01
-1.869497344505999248e+00
-2.158167644784066752e+00
-4.187419671215632633e+00
-6.574768997041798846e-01
1.570975460374975263e+00
-1.350550147061367667e+00
-1.623370910429436931e+00
-4.544245572431093727e+00
-1.654816120622461417e+00
-2.076054208059594064e+00
-2.186180271318688195e+00
-1.876515494483506297e+00
-1.250614686255328456e+00
