-6.028481749096202824e-01
-7.828627021188231394e-01
-6.253857111449453443e-01
6.080309069606759653e-01
-4.245567311377652864e+00
-6.952504899538364036e+00
-3.339549578391967533e+00
-3.453795297483612248e-01
-7.376576387974319582e-01
-5.799300141449413859e-01
-6.560254195459414461e+00
-4.286467209655332233e+00
-1.333291969061530358e+00
-1.601364062530687304e+00
-3.674471152436652233e+00
-1.532276963071072640e+00
-2.482446774121555233e+00
-1.762511941787330061e+00
-1.018674745471713772e+00
-1.192561304465803218e+00
