-6.831732565698555026e-01
-7.680035030594672962e-01
-5.586455244716790336e-01
6.902898201851366267e-01
-1.185254158533004976e+00
-1.408529482186498205e+00
-8.455282643770843931e-01
-1.181826054236223777e+00
-1.970419686258173320e+00
-3.284826235446182352e+00
-4.077000781561622489e+00
-9.867793223811414105e-01
-1.044535045339299639e+00
-1.637366364929820906e+00
-1.590080714335988521e+00
-2.833438804299464042e+00
-1.824236724863489645e+00
-2.460698919213893276e+00
-1.781340384048045955e+00
-1.213149518071438004e+00
-1.402177089229812212e+00
-6.938309069073306246e-01
-8.599209277569929144e-01
-5.466587472502271172e-01
6.491313735561718978e-01
-1.983224438424468605e+00
-1.637180792520604999e+00
-8.556706173467796273e-01
-7.370604967515432815e-01
-1.421823612439742313e+00
-3.208692474835973751e+00
-3.068983412192229920e+00
-8.948284278843421369e-01
-1.072396613741363636e+00
-1.635642555586379832e+00
-1.326819814434432976e+00
-2.744289877204856509e+00
-1.533529597517568455e+00
-2.126431195505340987e+00
-1.629223383852340445e+00
-1.060608741568397351e+00
-9.429321422925902585e-01
-6.656278241106162730e-01
-7.838797349406413373e-01
-6.341967471444676097e-01
5.515282648295658507e-01
-2.272592666115909488e+00
-1.099404946467245736e+00
-9.122128394893846970e-01
-6.757207848180422083e-01
-9.892906684897169178e-01
-3.177795455598517282e+00
-3.779548088620677593e+00
-8.870391844807610227e-01
-8.014543962192349769e-01
-1.272934339205778587e+00
-1.341891448837243317e+00
-2.535681174846139641e+00
-1.360229733059648449e+00
-2.121528802328169760e+00
-1.621799416173280939e+00
-6.003702672184016986e-01
-8.394563287978920041e-01
-6.448679775008563375e-01
-8.279236821013818970e-01
-5.924114808683740296e-01
5.711234781843955721e-01
-2.262203387204598570e+00
-1.294393569063536920e-01
-1.226084073248088879e+00
-7.115056394091422431e-01
-1.087377676233907353e+00
-3.221879159378714164e+00
-3.674452644189452943e+00
-7.585124503111199123e-01
-5.913449886144366285e-01
-1.646408885718430914e+00
-1.448021404408221580e+00
-3.770402054813171144e+00
-1.426127947567915166e+00
-2.291016480435160485e+00
-1.349697061272767673e+00
-1.161146508178318770e+00
-9.655358415069746902e-01
-7.087183287592033754e-01
-1.165736620485464670e+00
-4.363116449357195004e-01
3.854258287807086347e-01
-2.224008727930255169e+00
-3.892021579645591478e-01
-1.416066013266841450e+00
-9.948493462545660027e-01
-8.389779827774075383e-01
-3.082268959496690997e+00
-3.669554537311678910e+00
-3.516234553729568613e-01
-8.948715912052711552e-01
-1.028146395220773890e+00
-8.439940587874895650e-01
-3.432759112111117616e+00
-8.886240644215321893e-01
-1.262040350734941585e+00
-8.742202560135600153e-01
-1.023167783290953814e+00
-6.180699067924961820e-01
-6.826505929942570106e-01
-7.935892564621255252e-01
-4.881899299376281642e-01
7.223163967748466030e-01
-2.654677047928148070e+00
-8.293452320009339074e-01
-7.466518914182783684e-01
9.014516543249490033e-02
-1.064200854521624384e+00
-3.036293258835568665e+00
-2.868940794688815021e+00
-4.844681094034433699e-01
-1.510776671196602805e-01
-1.421177749905764731e+00
-7.204282495540231812e-01
-2.645275055856247004e+00
-1.069343256759023308e+00
-1.702913693858596034e+00
-1.408888000180908540e+00
-9.401833181630157021e-01
-6.305725103805389642e-01
-6.504123134535337858e-01
-8.009936994915641817e-01
-5.260659049140127275e-01
4.512980005930723459e-01
-1.498503889411676004e+00
1.878548304763746901e-02
-2.930929540604858108e+00
-1.184437028055991270e+00
-1.495624977674465228e+00
-2.248253382538853984e+00
-3.652691852984179643e+00
-5.995559689276285242e-01
-6.159406267074092334e-01
-1.616896697435806995e+00
-1.471033393731447703e+00
-5.127304160318491455e+00
-4.512040562226825591e-01
-1.962084886927137672e+00
-1.259561322094224778e+00
-2.335472874941478816e-01
-9.471500490634510161e-01
-6.820993908327684929e-01
-7.187025871615834172e-01
-5.217877282884172407e-01
5.439207033019322068e-01
-2.645166919022618135e+00
-2.955642238663794830e-01
3.634777492995293069e-01
-1.882194013384950182e-01
-1.213002390360262028e+00
-2.065837409568524574e+00
-3.095354383086949657e+00
-5.511517023595861042e-01
-6.194638557360636621e-01
-9.456367443072325463e-01
-7.058580193576620143e-01
-2.188510786296109067e+00
-9.662359227893505542e-01
-1.598447012280786117e+00
-5.472532266453687955e-01
-6.971894619958157735e-01
-3.129347155856264662e-01
-7.008581764602672681e-01
-8.164904668812802413e-01
-5.696234341562118608e-01
6.965119412041927971e-01
-1.586797519835528636e+00
-1.405950993525254544e+00
-6.753263411907016733e-01
-1.255705372274012577e+00
-1.512034537750563290e+00
-3.645033944450887020e+00
-3.375908646125057810e+00
-9.011418368101057341e-01
-1.114885912829119308e+00
-1.550894422031646736e+00
-1.540805667343678520e+00
-3.062656704718049738e+00
-1.779152235642194269e+00
-2.333271259473110426e+00
-2.200106138299289249e+00
-1.439255436477031358e+00
-1.166831789720156998e+00
-6.746837087962043178e-01
-8.343425558154953237e-01
-5.678039205197428219e-01
1.089372899052729604e+00
-6.152397042889389267e-01
-1.541019163093622746e+00
-1.478244491988731202e+00
-1.374735304368291944e+00
-1.759900258893618341e+00
-4.862121304509720687e+00
-3.267775061532384839e+00
-1.157181517720471398e+00
-1.352685596673654400e+00
-2.188395373082731687e+00
-2.068776449641745785e+00
-3.450409115106361391e+00
-2.132183705122385753e+00
-2.347540826010658943e+00
-2.153687716962895404e+00
-1.612428118287360101e+00
-1.593635555305312534e+00
-7.128905236902063347e-01
-9.405487596727634125e-01
-4.799082661489660340e-01
6.843547208575422314e-01
-2.908487632387051658e+00
-7.372828948507261781e-01
-3.099173069019134363e-01
-2.954239567513916032e-01
-1.315397222039848879e+00
-3.993333321400386549e+00
-2.544458837962486619e+00
-7.586925056530495759e-01
-8.068676220736722415e-01
-1.479666492048070214e+00
-9.173690932267770659e-01
-2.159022560087152875e+00
-1.601110461941120722e+00
-2.183417561015912778e+00
-8.576943830510013189e-01
-1.147340724320060845e+00
-1.371669009319573806e+00
-6.071911551040551913e-01
-6.744779829577914887e-01
-6.318247404263296341e-01
7.353133446367954296e-01
-2.097638178741203063e+00
-1.073894717894548601e+00
-5.074186595435402625e-01
-8.073748590773636158e-01
-1.615633174327524513e+00
-3.058802688775103196e+00
-4.157509205213870906e+00
-8.301413941147883779e-01
-1.194173649148687399e+00
-1.468278417416068127e+00
-1.349286536446792528e+00
-2.837643009907795388e+00
-1.396648587612406844e+00
-1.856187113569069069e+00
-1.648046574640609885e+00
-1.117188003757391357e+00
-1.005631415828834418e+00
-6.825280171972161192e-01
-8.101651541284929925e-01
-4.436926773626231890e-01
7.440514991604867401e-01
-2.829917302943431245e+00
-1.030176681453414567e+00
-1.107321593906732016e+00
-5.951378863782004203e-01
-6.850487931753230786e-01
-2.572539961913846263e+00
-3.345767227019133649e+00
-3.445693885009443735e-01
-2.362591611717284115e-02
-1.040314545395023549e+00
-1.281102682972042217e+00
-2.221376049121420948e+00
-1.475180311079657081e+00
-2.158196817103267051e+00
-1.558611628217486667e+00
-5.022169569931795863e-01
-8.173926846487714615e-01
-5.701974583598052870e-01
-9.301167128103585702e-01
-5.122227145918472058e-01
4.271904827250452286e-01
-2.393329617267868858e+00
-1.448867054653848241e+00
-8.843606663276432078e-01
-9.869505157914368887e-01
-9.398887472140328159e-01
-2.921979703603691636e+00
-2.796953558269636098e+00
-4.418571830284282465e-01
-1.066854751927271000e-01
-1.232877562079808698e+00
-9.970064815841024330e-01
-2.310433364495750652e+00
-1.044816509605379196e+00
-1.398513776760283100e+00
-1.510819286589854427e+00
-9.979113707071584072e-01
-8.690444857035323212e-01
-7.127349783228238422e-01
-7.712137591355108235e-01
-5.358823300160099334e-01
8.049478054387229076e-01
-1.597125449314276358e+00
-1.122298425208399175e+00
-6.713440963544654583e-01
-1.231015066416764725e+00
-1.081770041347256184e+00
-2.572434656526310093e+00
-4.140088182118574878e+00
-7.377852557925135280e-01
-9.698554551773894694e-01
-1.385147382104165104e+00
-1.616905178676306010e+00
-2.890632683590934171e+00
-1.230774353218521355e+00
-1.986510647354023718e+00
-2.079187097824076957e+00
-5.640342539310404524e-01
-1.253650416772232212e+00
-7.470902780560947365e-01
-7.896573989072325217e-01
-6.386174030219753384e-01
4.079475099941207161e-01
-1.426169057981435451e+00
-6.456150791403473255e-01
-7.073532869724300509e-01
-1.235240877234033308e+00
-1.729650317217361621e+00
-2.926329790708025680e+00
-2.325972000538249596e+00
-5.518264660300974400e-01
-3.483492053382626907e-01
-1.427114331870311004e+00
-9.179820654965612503e-01
-3.049433752405514397e+00
-1.213302703185728637e+00
-1.367916193724878049e+00
-1.758986180322148263e+00
-9.736721732623242476e-01
-9.307725383851155332e-01
-6.839129359257927199e-01
-8.403848182782728271e-01
-4.740901802839345702e-01
6.995462448592776328e-01
-2.652406357111199764e+00
-1.141995841446892479e+00
-7.790381344350706394e-01
-5.415703147402881612e-01
-1.235862812181224735e+00
-3.565760244700769022e+00
-3.598266583322053958e+00
-9.097818606691588927e-01
-5.971937530947220019e-01
-1.395832681174391077e+00
-1.217780645955287122e+00
-3.114108377043431464e+00
-1.132302458151851710e+00
-1.817703135151244709e+00
-1.854754999426295292e+00
-1.013680144037411024e+00
-1.160463956887484382e+00
-5.998014165760441330e-01
-6.023213742192318199e-01
-6.333513448368442988e-01
6.926317536019879206e-01
-2.344384557105657407e+00
-7.362969018246957598e-01
-8.190905470701692614e-01
-1.081874118547723862e+00
-1.501036176781055387e+00
-3.190069968209792606e+00
-2.793395304048701178e+00
-6.054618607276190945e-01
-6.779944612034536355e-01
-1.314001371945408447e+00
-1.185805319406915359e+00
-3.065128723882900363e+00
-1.487191049184081404e+00
-1.544410838604639347e+00
-1.175683777406072661e+00
-1.141712885464505334e+00
-9.659347317939797062e-01
-6.088897143001897883e-01
-7.132496081704351454e-01
-6.066594828934959160e-01
5.543197739823053638e-01
-2.455584579309103788e+00
-6.832035212481198938e-01
-5.942295163368388478e-01
-3.433535712928190708e-01
-9.179670124563000799e-01
-3.618616691904285698e+00
-2.979539858428581045e+00
-4.814080070169113323e-01
-4.130078961674389371e-01
-1.141644169821517396e+00
-1.279986737885209447e+00
-2.531666266113529407e+00
-1.640500948445273721e+00
-1.919841359993059049e+00
-8.123952870766972811e-01
-1.040234930629515553e+00
-7.988434797465427950e-01
-6.737628236058456066e-01
-7.491365650190674463e-01
-5.420642421330194027e-01
7.094350767874805230e-01
-2.385620015034469521e+00
-5.295643534041272193e-01
-4.782504371596755233e-01
-4.539227748598688716e-01
-1.052605268051416854e+00
-3.470875012032570872e+00
-3.498776019511263602e+00
-4.788088452117570948e-01
-7.905081415915611309e-01
-1.455400042487576373e+00
-1.052221396809978282e+00
-2.080466947416572232e+00
-1.466695614004165149e+00
-1.917517547324230520e+00
-1.946119072300348307e+00
-1.040242187196829038e+00
-1.013470761600207659e+00
-6.799427481123188066e-01
-9.032995964495664776e-01
-4.128467481002471851e-01
7.042431708333730667e-01
-1.960887751141396462e+00
-8.141422627374240717e-01
-1.238737872507465365e+00
-1.427576377035853161e+00
-1.395279991058034685e+00
-5.379458784873235366e+00
-4.829472989496554902e+00
-7.274353261001308413e-01
-4.863273910566751623e-01
-1.813353566159604080e+00
-1.759435536687873780e+00
-2.533346053115604235e+00
-1.462320756129201760e+00
-2.207253959165231372e+00
-2.262702632513537093e+00
-1.454142524703200268e+00
-1.504111889596581930e+00
-7.384925681412215503e-01
-7.540407699125355467e-01
-3.810612763431044936e-01
7.469563727237370498e-01
-1.859202005564924320e+00
-9.716755689522257322e-01
-1.575132541259675056e+00
-7.637670647340432106e-01
-1.530133260585264887e+00
-3.814250101959105965e+00
-2.703317452340846305e+00
-4.959691204557313826e-01
-6.909377064422823622e-01
-1.524509226942472484e+00
-1.231553495329872128e+00
-2.589768931805852326e+00
-1.141995680521790346e+00
-1.851999383802630517e+00
-1.841654419362860118e+00
-1.127805996499864127e+00
-8.354577486967229571e-01
-6.591602736775468152e-01
-8.448706871433383503e-01
-6.594641456599753537e-01
6.048264541992133259e-01
-1.098815398194043835e+00
-1.065739329263411389e-01
-1.494895104862707713e+00
-7.449697237576751174e-01
-2.581909162668992508e+00
-4.271755149422681974e+00
-2.792712755696027394e+00
-1.000799560701942204e+00
-8.071897971376484904e-01
-1.622474334802415541e+00
-1.460586546074291725e+00
-2.887744418953615444e+00
-1.655110683051090659e+00
-1.835643965819226064e+00
-2.360926564399963290e+00
-9.863678968081771581e-01
-1.131469377595172521e+00
-6.821559398137054808e-01
-9.214543524638065808e-01
-5.279333096039167117e-01
5.709262504512961911e-01
-2.368935893472251752e+00
-7.496936191681914385e-01
-8.282167147127177387e-01
-4.191835979180250082e-01
-5.775450983501826396e-01
-3.355892356698480850e+00
-3.074037431328341619e+00
-4.996897217015339732e-01
-6.192694780300558310e-01
-1.118797535367245466e+00
-1.257302546409803767e+00
-2.478287045494215857e+00
-1.316165757826810445e+00
-2.024799439131367507e+00
-1.749604536206919025e+00
-1.060912240133668361e+00
-1.130428973716024910e+00
-7.111385895942644586e-01
-8.054387436587291393e-01
-5.325850656370862968e-01
5.200040935637182393e-01
-1.737075988192325005e+00
-1.077898034681108674e+00
1.730792360715300016e-01
-1.137441787442214247e+00
-1.381549053493267287e+00
-3.289760090852949848e+00
-3.212143811500659307e+00
-8.686300975764910115e-01
-3.108011789909471134e-01
-1.434140949339313575e+00
-1.212441328549062725e+00
-3.201045242056259621e+00
-1.067365869930287925e+00
-1.994811962740917766e+00
-1.637172688662482223e+00
-9.367385347708563348e-01
-1.001980078971518084e+00
-6.951729589977527768e-01
-8.656402044774068605e-01
-5.480558288627915831e-01
6.935124349032351088e-01
-1.183066781297271275e+00
-1.957387717395589588e+00
-4.586241890744710004e-01
-1.137769845899201160e+00
-1.494264424707378636e+00
-3.028955656856319401e+00
-2.954562244046247343e+00
-9.966749318571962446e-01
-9.904781312355607215e-01
-1.611755139452384800e+00
-1.746214924815188585e+00
-3.062765373206066677e+00
-1.862318274368512938e+00
-2.473301113127432949e+00
-1.994738867803055538e+00
-1.349163349707028114e+00
-1.402293443439668552e+00
-7.258766166177695878e-01
-8.907647101064370965e-01
-5.182788600308485538e-01
5.918712492816223802e-01
-2.234592131041906793e+00
-9.109241604497209099e-01
-8.371315594307100483e-01
-3.271026904914885458e-01
-1.712302687922962585e+00
-2.330756787614081116e+00
-2.079596079815987153e+00
-2.452242365933376966e-01
-5.754307787520385187e-01
-1.442731620552877292e+00
-1.153053555104685657e+00
-2.544493405689975063e+00
-1.044234801505919297e+00
-2.346302928412603794e+00
-1.774283017771239201e+00
-4.664497591389356601e-01
-5.581629986139761135e-01
-6.797461321181109684e-01
-8.270487239618414810e-01
-4.900503538979479323e-01
6.172731441100910432e-01
-2.375252293323412811e+00
-1.475031947137786181e+00
-6.705439890044063711e-01
-4.236196919820664486e-01
-1.296314712024533300e+00
-3.663507578623466543e+00
-3.029907908554974938e+00
-5.303498035713720693e-01
-8.366832207953892597e-01
-1.356239870652541812e+00
-1.184715237226206641e+00
-2.408655415013383205e+00
-1.126021552956204985e+00
-1.572256573840150162e+00
-1.380276810345940630e+00
-3.004133442936834375e-01
-7.472289615816735120e-01
-6.497271857009814244e-01
-9.571910538265240298e-01
-4.378133814249782763e-01
8.308920723927051277e-01
-2.985648012505029758e+00
3.211064899181902965e-01
1.021075982422630923e-01
5.273777110051973693e-01
-1.166315194203558780e+00
-2.134741140069345011e+00
-3.450267752372655483e+00
9.224208766185040820e-02
-7.228869841121469131e-01
-1.140754209077243564e+00
-7.310349451452562430e-01
-2.332718302071971728e+00
-9.954106296348862459e-01
-1.618810345311891608e+00
-8.946909029313201422e-01
-2.858398027936072672e-01
-4.397697188983918926e-01
-6.842574248533846992e-01
-7.078787539343258661e-01
-6.731095238894241328e-01
6.656703574743667584e-01
-4.642763932025898432e-01
-5.451991716117603470e-01
-1.374452640385684932e+00
-1.931352892958920320e+00
-2.437826140640271255e+00
-3.829929236899789480e+00
-4.725367572940085026e+00
-1.000788380678002243e+00
-1.195499381361204927e+00
-1.685586541800318860e+00
-2.108849949923951694e+00
-3.329890617952882881e+00
-1.643615806129785417e+00
-2.428059328117327720e+00
-2.752838730285701807e+00
-1.535112851838164705e+00
-1.513993072332505907e+00
-7.095558863636772795e-01
-7.603212390593877545e-01
-5.345733739107665361e-01
7.364054433928931553e-01
-2.460493935437520818e+00
-1.766985418503731031e+00
-6.555006153764048049e-01
-1.221287973014653527e+00
-1.286908459778612901e+00
-3.058450744081633754e+00
-4.490803401732418543e+00
-9.100666327781077314e-01
-1.234436854369427516e+00
-2.053876310664921601e+00
-1.696750465664264018e+00
-4.045648704160708320e+00
-2.130580930674776940e+00
-2.456271859611802721e+00
-1.977324775310717042e+00
-1.759059433366828573e+00
-1.301564001307711660e+00
-6.528891684718847177e-01
-8.252517527429439337e-01
-6.142193087530601892e-01
6.768694012702149987e-01
-2.091578353954808289e+00
-3.641891951139975547e-01
-1.311113790416135849e+00
-7.418116326271306793e-01
-6.735354122525228915e-01
-2.472853590134430846e+00
-4.266039750700313604e+00
-8.207559147322968096e-01
-6.602879478979633010e-01
-1.063239612010475010e+00
-9.465330700258463015e-01
-2.584601534896614261e+00
-1.050884526025513743e+00
-2.116296273582305876e+00
-1.440353462225428149e+00
-1.289818482820842771e+00
-8.474781517288922927e-01
-6.657325316305068297e-01
-8.371607051899265795e-01
-5.590312039330518346e-01
4.232806969254166440e-01
-1.651833087333018701e+00
-1.172944371301641586e-01
-3.762446969410504494e-01
-7.498047006500726530e-01
-1.545555554563286860e+00
-2.814660213023851387e+00
-3.551155425484462835e+00
-5.106055764076585790e-01
-3.270710292396261099e-01
-1.213781192874841430e+00
-1.063057004927182359e+00
-2.920247833751698607e+00
-1.122280772442551200e+00
-1.807640040277129101e+00
-1.968480603116746330e+00
-9.555254811432548623e-01
-1.117480439210108756e+00
-7.434575530406961619e-01
-9.541440642139973338e-01
-5.218109213869074337e-01
7.159726383952602635e-01
-2.199962092240017597e+00
-1.047423710074759651e+00
-1.382885583631444426e+00
-4.080191659704005547e-01
-2.225304525636623065e+00
-3.352031371538425564e+00
-2.351149928939450184e+00
-6.510564601866923873e-01
-9.486002030971911747e-01
-1.371790426630877358e+00
-1.440843909665174172e+00
-2.994922485194123407e+00
-1.310413435401628801e+00
-1.931695009859832002e+00
-1.564866390271880681e+00
-1.181848918832438367e+00
-9.515222112221897177e-01
-6.257328945305578038e-01
-7.051911053158271825e-01
-6.089858206498082183e-01
3.630019991883529640e-01
-2.523141063617540425e+00
5.178200348423702692e-01
2.588981885774295222e-01
3.755912277363586682e-01
-5.074440455385685889e-01
-3.341376045752088242e+00
-3.040449274539950508e+00
1.506674804528877198e-01
3.016268313122780764e-01
-7.226969800240318209e-01
-7.004758260815787674e-01
-1.765294736231685313e+00
-1.018906569321726074e+00
-1.076147758470971993e+00
-9.716589746187896948e-01
-6.115101574121766248e-01
-4.038570305081417011e-01
-6.846680243967887547e-01
-7.888433029985970624e-01
-5.191859423293438969e-01
4.693658205401141648e-01
-2.590231531752024363e+00
-2.651295100677380390e+00
-6.680346343974259415e-01
-7.289464900749610676e-02
-3.379030324794739304e+00
-4.154809366488669831e+00
-2.886131287974701198e+00
-1.081019104552180643e+00
-3.352558610195311428e-01
-1.868153866017434162e+00
-1.537818702320764785e+00
-3.215331334613819259e+00
-1.529786322173571245e+00
-4.371431977402933100e+00
-8.833393529580587655e-01
-1.479916233335023756e+00
-1.701421980348514218e+00
-7.429722846801355418e-01
-8.159181786514477785e-01
-4.804388604954653585e-01
8.334580637470982989e-01
-2.417948463647191737e+00
-1.351544762876919936e+00
-1.415585474552049972e+00
-9.888823099228467584e-01
-7.540460534724638952e-01
-3.565809156029409177e+00
-2.940249612690269299e+00
-6.213868922322920429e-01
-9.993946693574574658e-01
-1.638050077206773425e+00
-1.666902650878280490e+00
-2.770340274858399621e+00
-1.667954819517419862e+00
-2.328503504503364407e+00
-2.268484420905749754e+00
-1.317615670369257197e+00
-1.358609070600562685e+00
-6.738338681682902731e-01
-6.711723673678009483e-01
-6.986731444795537538e-01
8.305349810481783557e-01
-2.158044408539908421e+00
-1.000534412114128413e+00
-7.251114906446273212e-01
-7.112720928699078904e-01
-1.283513039889325080e+00
-2.990723393433866395e+00
-3.032961653703525329e+00
-6.127990003723436940e-01
-6.610852280953701809e-01
-1.256124540460436645e+00
-1.232575193415997417e+00
-2.667426022867949165e+00
-1.499983417598573121e+00
-1.444117218358649923e+00
-1.847525272688212539e+00
-9.462808902067979533e-01
-8.915286224932947867e-01
-6.544175509136482827e-01
-8.804299097335098745e-01
-5.056417212551145290e-01
5.147441238751916393e-01
-2.030976756894099733e+00
-1.347117825933494606e+00
-3.941026823260619927e-01
-4.558596130013796155e-01
-1.821237374210286752e+00
-3.079456985996828156e+00
-5.345091091041077824e+00
-1.968369996271916444e-01
-6.247771876079657449e-01
-9.715185218571327219e-01
-1.133763641836050828e+00
-2.475258195641712788e+00
-1.197381984673742128e+00
-1.886459282518843095e+00
-1.232014175101258102e+00
-1.064334128699976789e+00
-1.111466787757670049e+00
-2.406871203910730284e+00
2.885648337886172893e-02
