-6.786206175994428103e-01
-7.609546802283740918e-01
-6.445784129937361939e-01
4.359363709725131986e-01
-3.305041206939042464e+00
-2.231435513142097093e-01
-1.620553461349532043e+00
-2.435034129517876345e+00
-2.730872002448327396e-01
-1.428090241858317677e+00
-1.546477826223460639e+00
-4.211547745463533055e+00
-3.770443040922574873e+00
-8.399348969832044487e-01
-8.732797211202985022e-01
-1.674998965961692177e+00
-1.499903749930445507e+00
-3.196319379499373170e+00
-1.547540925399939482e+00
-2.154246715591288552e+00
-2.557988751033363872e+00
-1.456683019362877474e+00
-1.014291120755345998e+00
