-6.879953011932058438e-01
-7.531689944550122862e-01
-6.330134342610358456e-01
5.689384223500487670e-01
-2.734721882213366317e+00
-1.138354208559445135e+00
-1.553297990838264697e+00
-1.083797494465530420e+00
-7.188147457781022265e-01
-1.287116371346780586e+00
-1.299626645770895150e+00
-3.337359216353737779e+00
-3.338324076907363214e+00
-9.053278020717890895e-01
-1.039836355067400131e+00
-1.358080500122972545e+00
-1.459766972302461552e+00
-2.690447882822147641e+00
-1.459354685389694595e+00
-1.948573732031661843e+00
-2.042751728601490679e+00
-1.148630912312042840e+00
-1.252501659820905777e+00
