-6.512815045228312893e-01
-7.894793303564036080e-01
-5.350721652332902645e-01
4.749126696056121255e-01
-2.220824692614827178e+00
3.865432132032294299e-01
-1.752504352763023077e+00
-8.657583621840950205e-02
-2.747927169926843494e+00
-1.263679908156943421e+00
-1.511846139711509496e+00
-2.267269793009448975e+00
-3.508642153030752997e+00
-6.413888168182185767e-01
-6.504907573825384759e-01
-1.641360051095509531e+00
-1.488920723682792158e+00
-6.923974156898059285e+00
-4.926044018419004633e-01
-1.959968413482226390e+00
-1.286126773589711503e+00
-2.875905169974353748e-01
-9.583525926504151693e-01
