-6.511691415681484241e-01
-7.900417556124080809e-01
-5.352076577573411376e-01
4.747858554262139874e-01
-2.221287939632546227e+00
3.792109696476195779e-01
-1.745470281476123819e+00
-8.463682891752179194e-02
-2.767852831069581132e+00
-1.263108082823474421e+00
-1.510726202363955606e+00
-2.266700384609301455e+00
-3.545271655419889978e+00
-6.410308477661507132e-01
-6.510240769278642370e-01
-1.642517343032396049e+00
-1.487957267919573612e+00
-6.038234750392377670e+00
-4.924306202503371810e-01
-1.961009481367711027e+00
-1.286255762179430606e+00
-2.877748510946474547e-01
-9.610284390337433535e-01
