107,-1016.6438959916106,0.3090342679127726,0.22180685358255453,0.22429906542056072,0.24485981308411214,1.2,0.9,1.4,0.144,0.84,0.21599999999999997,0.21599999999999997,2.0428486405025974,0,8.241237917554955,6.415743998709619,2.6572149502762508,0,7.235883236881382,7.541215696621817,0.6922956868559,0,0.7254536319903802,0.9414697042669042,1.5349379534660614,0.0,5.611324783012745,5.953819893057811,1.5349379534660603,0.0,5.091679193742841,6.476252212599834,44.29683427654743,40.80494957706773,32.26814480098565,27.410803638100653
107,-972.0719276003051,0.241880816838831,0.2617657055686686,0.17372742557894305,0.3226260520135574,1.5698510399993533,0.5535114206037717,1.1813733978480385,0.06916812371530975,0.405049699008508,0.08507666219754828,0.08507666219754828,0.981250052069,0,3.246004696303006,2.526991133908176,1.2763511973533221,0,2.850022193727128,2.970284538797885,1.8189431790782316,0,2.218917704530373,2.980062576372479,0.3137719432049872,0.0,2.6430594164011576,2.886387475442823,0.3137719432049881,0.0,2.25817508913992,3.4896429397527586,39.826438360102756,30.948152636499774,26.135578501382874,21.346995974538427
107,-947.5014673733851,0.3173177240298241,0.21078080077127787,0.20906209549352248,0.2628393797053756,1.8198923484051257,0.4347567388107929,1.1415077174362518,0.08791665260530526,0.36530020742950664,0.0849146048283233,0.0849146048283233,1.2472250989742153,0,3.2398215790063576,2.5221776218986767,1.6223155811184768,0,2.8445933594614425,2.964626624091623,1.5722492114877062,0,2.3909165020818803,3.2615709725629753,0.4908699499323786,0.0,2.7923580386043194,3.089438964125964,0.4908699499323789,0.0,2.364102094756571,3.5501254341042427,41.86690449984031,30.23892361135536,25.618557147396903,21.055398853030848
107,-927.9255142785611,0.345780376975539,0.19518566682815783,0.21379855048278573,0.24523540571351748,2.2758868067311773,0.3037118007920659,1.0984499611279641,0.13138713248357914,0.31134230078210345,0.09960876380104376,0.09960876380104376,1.8639168400945438,0,3.800460746101562,2.9586311508121783,2.42447119937009,0,3.336839741826156,3.4776443198959557,1.1806046436833206,0,2.2233547931029745,3.0960373242440427,1.0647111544609162,0.0,3.046918271525938,3.429760523387918,1.0647111544609158,0.0,2.606131004435548,3.868032435513742,46.37092774784582,28.854954357469794,25.464499117553235,21.44036297944606
107,-911.5008069121545,0.29315759995174157,0.22450532747619834,0.20472143266110937,0.2776156399109507,3.527511580430675,0.15035513173687506,1.0377013917572946,0.19650483042348793,0.2934757814551636,0.09697095103167568,0.09697095103167568,2.787705733908443,0,3.699817956220419,2.8802814681973965,3.6260803694638306,0,3.248474439974757,3.3855502686871217,0.9210809857647174,0,2.555487968029647,3.6674275618745416,2.2043574735163824,0.0,2.904534293571684,3.41531961751609,2.2043574735163824,0.0,2.572810520284985,3.8891986759433155,55.171700973039655,29.45993009416022,25.308658459336712,22.04263327826298
107,-909.144468556315,0.2977421023325758,0.2258522179158384,0.198094161808476,0.27831151794310977,3.4565711502205003,0.15467700084913355,1.0710559301359688,0.23413666981995365,0.3461718279055227,0.11203515808556903,0.11203515808556903,3.321567900232624,0,4.274575893120627,3.327726357092468,4.320496246204688,0,3.753117233021874,3.9114874663351853,0.7694215181425555,0,2.2044882716812104,3.160661782992272,2.9476589012711196,0.0,3.181350484211722,3.7368375014936355,2.9476589012711205,0.0,2.8491926205142026,4.215190784971572,59.02366027045722,31.239581225974497,25.588837880834355,22.49009101711365
107,-908.7339359261858,0.2865358407155447,0.22570137296716974,0.21333969733516173,0.27442308898212375,3.515160398303103,0.14803472719341834,1.1119297083678685,0.26918058996868677,0.3897767549933484,0.12059616502466167,0.12059616502466167,3.8187166824112424,0,4.60121151811554,3.582009824186889,4.967157555478999,0,4.039906337658011,4.210378206649878,0.6741011633075762,0,2.058563756260511,2.955816639149191,3.7735634594931944,0.0,3.407201289648663,4.014717304755251,3.773563459493194,0.0,3.082312769735753,4.479753479138172,63.20155539256661,33.11393506958387,25.774301982795578,22.67860902025583
107,-908.5105076317019,0.29319331545420707,0.2269167594264731,0.2045038948210416,0.27538603029827835,3.5751454307784547,0.14257714823484963,1.1268094883510817,0.2723207926336778,0.3912647873749414,0.1189439947412636,0.1189439947412636,3.86326500702985,0,4.538174812625736,3.532936205758382,5.025103343453385,0,3.984559526277855,4.15269592667463,0.670318111847792,0,2.0960464165808244,3.0133393091329816,3.9114359708716866,0.0,3.411423595138384,4.026435540702169,3.911435970871687,0.0,3.088065675734787,4.49229423062388,63.970680345787926,33.38260058416937,25.69353261637705,22.688991139671444
107,-908.4293488309019,0.2948447960665033,0.22656435329514335,0.2033315664034405,0.27525928423491286,3.6060097129290365,0.13879457361830713,1.1492436000754698,0.27365415771541435,0.3907388512574727,0.11708469354205835,0.11708469354205835,3.8821807226167886,0,4.467235259185709,3.4777102774685917,5.049707771435098,0,3.9222739411869165,4.087782077655211,0.6698321114606693,0,2.1356351879177975,3.0728924834064157,4.019879652530092,0.0,3.426934861072418,4.050211387636449,4.019879652530092,0.0,3.102713792853354,4.516887423270446,64.45728937573438,33.46790334184031,25.589847626187286,22.611992105128376
107,-908.1917096011895,0.2973248071935439,0.22542006673475246,0.20258920178066214,0.27466592429104153,3.61922236419095,0.131086531474713,1.260014184846057,0.27970731517071146,0.3926697756320678,0.11296246046135634,0.11296246046135634,3.968053531493885,0,4.309956075992742,3.355269573076017,5.1614059692586505,0,3.7841813613389093,3.943862407223157,0.6609496193545192,0,2.227003504941642,3.2100329844350326,4.4999209132037485,0.0,3.555898956573136,4.210284518527667,4.499920913203749,0.0,3.2218010749121078,4.6859743777071206,66.17005774432715,33.686464294165596,25.27967572938781,22.324176038877127
107,-907.8381088771644,0.2985631099861645,0.2251001035240561,0.20280141638015256,0.2735353701096269,3.5304303286648286,0.12374258086873854,1.5519045575792259,0.2878987729594463,0.3950739487676706,0.10717517580822428,0.10717517580822428,4.084261228767853,0,4.089148716163688,3.183372643528997,5.312561969958534,0,3.590310453891413,3.741810731912888,0.6474275890785239,0,2.3609100632867808,3.4088670176357305,5.522166710130566,0.0,3.871150607714382,4.578357012388623,5.522166710130567,0.0,3.509318583151199,5.077988730277649,68.91541538935672,33.71730139571844,24.790091682469704,21.757141005436058
107,-907.8024710798976,0.2953871327586894,0.21769123193210504,0.20410204993290376,0.28281958537630186,3.4239313480348783,0.12763142060971283,1.781018069828229,0.2853658795022659,0.39074788582271536,0.10538200632044946,0.10538200632044946,4.048328465187722,0,4.020732344056038,3.1301109936222353,5.265822786889945,0,3.530240245384575,3.6792057416910793,0.6503405457660246,0,2.3937108619054657,3.4530920401603318,5.979856483935253,0.0,4.086209404747756,4.7907784298835026,5.979856483935252,0.0,3.6940543114622435,5.324882722721868,69.37287224139202,33.17636645322603,24.635620105354377,21.507273654951124
107,-907.6782936034854,0.2952958737543082,0.2256733184901307,0.2050543331828251,0.27397647457273605,3.39621067977887,0.12894679530711137,1.773977068599913,0.28564493491305337,0.3915823822912205,0.10593744737816711,0.10593744737816711,4.052287270511,0,4.041924575101545,3.1466089919217213,5.270972163344806,0,3.5488472205633474,3.698597875130934,0.6487532553721916,0,2.3786900418644596,3.4303752213826733,5.9553663733051625,0.0,4.088382217768675,4.8066509515834905,5.955366373305163,0.0,3.7001653068793816,5.32610230634914,69.210814025529,33.100253814500256,24.654282864148623,21.465809568641603
107,-907.6714166866211,0.2948682266875136,0.22539359503586345,0.20528450148027752,0.27445367679634547,3.399136978736812,0.13100265063031372,1.7187406857712622,0.284101212171791,0.3911313627645041,0.10703015059271315,0.10703015059271315,4.0303873267380785,0,4.08361544160317,3.179065029380492,5.242486030378391,0,3.58545218756807,3.7367474613961362,0.6507880634330371,0,2.350593830395565,3.3882434387199694,5.766086910509921,0.0,4.047086051572627,4.757697210307108,5.766086910509918,0.0,3.6618682932691202,5.275888423412085,68.69882437449355,33.055177435030394,24.719691282295408,21.543124457981065
107,-907.671096106804,0.29480774788085273,0.2252865793273865,0.20543063867794653,0.27447503411381424,3.3973895425381953,0.1315297836839798,1.7349152588223453,0.28465288485679896,0.3917643267830666,0.10711144192626769,0.10711144192626769,4.038213603089265,0,4.086717021327514,3.181479586720305,5.252665981116323,0,3.5881754032984916,3.7395855886211398,0.6491465073733659,0,2.347835317763344,3.3838550777324214,5.8185883295398035,0.0,4.0659858753243165,4.7771907337011985,5.8185883295398035,0.0,3.6787992692199496,5.2960078943686195,68.81179599080293,33.05741121988285,24.719430138510518,21.532538469915696
107,-907.6710045859753,0.29460153685509216,0.2255282385269999,0.20525886382045574,0.27461136079745224,3.4000931411828534,0.13130410316121513,1.7308453325965296,0.28456214281988756,0.39160890050988695,0.10704675768999937,0.10704675768999937,4.036926295820231,0,4.084249066787687,3.1795583019950753,5.250991529053132,0,3.58600851634986,3.7373272655754426,0.6495163209599294,0,2.34967140928002,3.386677900642341,5.806623223305001,0.0,4.059982775532541,4.771282463032912,5.806623223305001,0.0,3.67354750018618,5.290349320169192,68.79277390043069,33.05993219264154,24.71727162680464,21.533740075840043
107,-907.6709283514128,0.2948383471769843,0.2253640061978387,0.20536155777087028,0.2744360888543067,3.399660339048518,0.13129642083577214,1.729868468981528,0.28443680534542404,0.3914626639812863,0.1070258586358623,0.1070258586358623,4.0351482021444545,0,4.083451686799745,3.178937547452674,5.248678691476921,0,3.5853084093336696,3.736597616153669,0.6498080773400989,0,2.3501444456015217,3.3873657190534083,5.801375152329955,0.0,4.059081188850921,4.770272772940509,5.801375152329955,0.0,3.6725775161588046,5.288857491445267,68.77635222661922,33.05501604592097,24.716450687882425,21.533281323461843
107,-907.6709223901601,0.2948077527514184,0.2253791687642809,0.20535219000396973,0.27446088848033096,3.3999449283416014,0.13132265270007779,1.7304422627918885,0.28447226639820944,0.3915042423487908,0.10703197595058135,0.10703197595058135,4.035651268557465,0,4.083685086086858,3.1791192471063643,5.249333050085351,0,3.585513336069921,3.736811190180431,0.6497081402989416,0,2.3499615958011617,3.3870816441373037,5.803610359863791,0.0,4.059745840206847,4.770954052191524,5.803610359863794,0.0,3.6731854089904976,5.2896138792019425,68.78203945159035,33.05589700715786,24.716598882557516,21.533083058713576
107,-907.6709185859679,0.29479802717930326,0.22538301762863985,0.2053532709521868,0.27446568423987006,3.4006442592695825,0.13133787548400908,1.7306139663134088,0.284487661684904,0.39151710074332735,0.10702943905842333,0.10702943905842333,4.03586967300534,0,4.083588293809795,3.179043895020076,5.249617137487911,0,3.585428351553995,3.7367226195741217,0.649661993699864,0,2.34998913417036,3.387109425213824,5.804450995559173,0.0,4.059885725680001,4.7711029439122195,5.804450995559176,0.0,3.673301808445089,5.28976722029715,68.78481956472284,33.05645544356881,24.716403206690554,21.532783380878012
107,-907.6709126058106,0.29482367157859185,0.22538417333451558,0.20533038379067375,0.2744617712962188,3.402838478824889,0.13138907438020006,1.7307678180294346,0.28449526209631565,0.3915125887864695,0.10701732669015389,0.10701732669015389,4.035977495853393,0,4.083126159973436,3.1786841271773225,5.249757386979795,0,3.5850225937645517,3.736299740029137,0.649607688420719,0,2.3501603853294,3.3873161942724783,5.805083712312875,0.0,4.059872899981932,4.771061504534913,5.805083712312875,0.0,3.673219925128534,5.289696487550274,68.78745753903155,33.05656063313671,24.715698589963342,21.532099040202386
107,-907.6709164721057,0.29478310799026836,0.22537019114685597,0.20540312816881603,0.2744435726940596,3.4042990244724027,0.1313893514661509,1.7307587744056638,0.2844802846537562,0.3914755098718309,0.10699522521807471,0.10699522521807471,4.035765019129984,0,4.082282903076526,3.178027657793736,5.249481010005587,0,3.5842822063972917,3.735528110546906,0.6496416892838387,0,2.3506453335577,3.38801493951269,5.804675271876044,0.0,4.05952696654334,4.770760971830326,5.804675271876043,0.0,3.6728769279243947,5.2893223337233515,68.7870537847565,33.055729980127765,24.714589438315297,21.53070134285274
107,-907.670911524438,0.29481074932684,0.22537971937761492,0.20535355709944417,0.2744559741961009,3.4033036717528713,0.13138916264665113,1.730764937152338,0.2844904911038744,0.3915007768120209,0.10701028570814643,0.10701028570814643,4.035909812412959,0,4.082857519196137,3.178474992278899,5.249669348421166,0,3.5847867246734455,3.7360539179734227,0.6496185188424118,0,2.350314856101295,3.387538765905256,5.804953593589128,0.0,4.0597626863872955,4.7709657538852825,5.804953593589128,0.0,3.673110646797298,5.289577281712956,68.78732888887284,33.0562959858745,24.715345212347962,21.53165374193366
