-7.111028390562231793e-01
-6.998060744159328994e-01
-6.155374937028714744e-01
5.726646080511620385e-01
-3.634579005759921433e+00
-2.345569876441251367e+00
-1.302816453819041875e+00
-1.428326517293509124e+00
-3.526868247320591454e-01
-8.845441996441132382e-01
-5.575346412879215174e-01
-2.874412580879273538e+00
-2.606292717728436514e+00
-1.485672626472163360e+00
1.301330302935576944e+00
-1.536442199320699808e+00
-1.781136529677508129e+00
-2.452062658349333013e+00
-1.718219036112921039e+00
-1.601872868351887913e+00
-2.006078416068121317e+00
-1.461981120403152090e+00
-1.467441771973170717e+00
