-6.997615389948655951e-01
-7.975484634721159427e-01
-5.135167170796093306e-01
6.230093221656137770e-01
-3.302784766056214849e+00
-1.053605156578262814e-01
3.364722366212128390e-01
-1.885995508143664789e+00
-4.586293519157660370e-01
-1.048111906354052714e+00
-1.132923471589404318e+00
-3.056924629815121808e+00
-4.711009492389609754e+00
-7.135420618875161214e-01
-1.128831456480389406e+00
-1.946859120430914913e+00
-1.567684956134269392e+00
-4.091431161995651600e+00
-2.033909545870327573e+00
-2.371759883471683317e+00
-1.872312752315788753e+00
-1.629063156754304131e+00
-1.189764055675148979e+00
