-6.300422090601475178e-01
-7.443375802627020255e-01
-6.416773775092230458e-01
3.133886121418343884e-01
-1.775797921993975015e+00
8.566651010252457343e-02
-1.351821811150221153e+00
-1.971028627381585130e+00
-2.948170263698378424e+00
-1.944430608140389483e+00
-4.411380017772331463e+00
-4.627125418401816681e+00
-1.719600228666728459e+00
-2.206002367515564888e+00
-1.452752527333602162e+00
-2.151536632788006997e+00
-3.519159310934091067e+00
-2.890519919995072851e+00
-2.982691917351375288e+00
-1.881060231568749019e+00
-1.681946396172720126e+00
-7.658938137968940296e-01
