-6.426935215294192760e-01
-7.984551531421166803e-01
-5.008104543031817180e-01
7.107757399234070350e-01
-3.950766466370139174e+00
3.364722366212128946e-01
-2.966790309536009751e+00
-2.720620861766446796e-01
-1.770936601046892322e+00
-2.032269981867464992e+00
-4.123534654483408168e+00
-4.001466086811062972e+00
-1.330803592750922526e+00
-1.448100000606669768e+00
-3.537228148156472685e+00
-1.633849219383091800e+00
-2.726353728788871056e+00
-2.130216026551451147e+00
-2.276369857510323946e+00
-2.766787419078658328e+00
-2.240341204662982477e+00
-1.639213261503863261e+00
