-6.828560582977059035e-01
-8.264825268987926465e-01
-5.116993045978527332e-01
4.428075175697370192e-01
-2.748983942220672105e+00
-1.030499048183356470e+00
3.364722366212128390e-01
-2.532542146078110346e+00
-5.518722993249773889e-01
6.984241342645473860e-02
-3.348960968794536086e+00
-4.550069821482625620e+00
-2.793899081890380831e+00
-1.079207875735936017e+00
-2.234334116661496894e-01
-1.704426013678206786e+00
-1.479490416797385688e+00
-3.303317212232057543e+00
-1.432708483822851653e+00
-4.763916092996004714e+00
-8.055331837557396790e-01
-1.371614117329752691e+00
-1.647354438177588865e+00
