-6.472295736951932943e-01
-8.343498272009470806e-01
-5.594302832209532284e-01
7.932078826674142658e-01
-2.740445075795027829e+00
-1.571927066129613193e+00
3.364722366212128390e-01
-3.633950536990355751e-01
-2.250026836925098195e+00
-4.924899761543365395e-01
9.304756302239608479e-02
-1.194177174822256404e+01
-1.236091296661878935e+01
-1.200424839389321541e+00
-1.331010499021971327e+00
-2.934437855740912759e+00
-1.513291388630014778e+00
-1.960984634809899374e+00
-1.605529235105456420e+00
-9.601824864115284797e-01
-9.111756523124995288e-01
