-7.385291468979794383e-01
-7.445235132013721113e-01
-6.040346034312013002e-01
7.034941864467627592e-01
-2.722698816363097851e+00
-1.330675454783364353e+00
-1.642132123547843880e+00
-5.123415486355155091e-01
-9.230598677060695145e-01
-4.916789416573769667e-01
-3.359901517869316567e+00
-3.213200024049611248e+00
-1.629153904314373014e+00
-1.404216802448235102e+00
-2.898273625333077419e+00
-1.449674317375928556e+00
-2.039191941385005702e+00
-1.737074524978017509e+00
-1.126743731504775692e+00
-1.084650109762277159e+00
