197,-1873.053445299944,0.27952622673434857,0.20101522842639594,0.2328257191201354,0.28663282571912013,1.2,0.9,0.9,0.0,0.144,0.84,0.21599999999999997,0.21599999999999997,1.821325127968177,0,14.437483368144326,12.012852284655827,0.6656839933642424,0,5.8382582792026625,5.068228924899232,0.0,0,0.0,0.0,0.0,0.0,0.0,0.0,0.0,0.0,0.0,0.0,18.708260018489156,64.18376266808085,86.96111997625594,84.22825743071357
197,-1792.598851798075,0.21659201201635794,0.24673797481502738,0.1792324604585304,0.35743755271008437,1.7151699822576896,0.5346422346478007,0.9631372135092416,0.0,0.06944270119694682,0.40516585957964163,0.10487628046132395,0.10487628046132395,0.8783176155832294,0,7.009951642931502,5.832700302527875,0.321020101685996,0,2.8346982069227087,2.460819435971881,0.0,0,0.0,0.0,0.0,0.0,0.0,0.0,0.0,0.0,0.0,0.0,17.811989165773667,46.70478086252121,84.16639860009654,81.91317911773011
197,-1711.4694791277902,0.2839874562398752,0.20298560185055367,0.202124554826982,0.3109023870825891,2.267079037270125,0.35429740680039784,1.0217256097060934,0.0,0.03850084766433714,0.29170591882458324,0.141011195515182,0.141011195515182,0.48696223124397314,0,9.425216620243463,7.842345658363906,0.1779819307021133,0,3.811387868873966,3.30868990668827,0.0,0,0.0,0.0,0.0,0.0,0.0,0.0,0.0,0.0,0.0,0.0,15.13706208345384,44.30536965873983,86.53570331831924,85.79385675143077
197,-1676.0637162742123,0.2831974041833096,0.19694287596735177,0.19894147720099684,0.32091824264834184,3.1209265803210653,0.22000726717373498,1.1175808172733301,0.0,3.059023205018258e-07,0.2276257987360838,0.2276257987360838,0.2276257987360838,3.869080437734376e-06,0,15.214554089873971,12.659421742561907,1.4141269325766929e-06,0,6.152491685328982,5.341016931516255,0.0,0,0.0,0.0,0.0,0.0,0.0,0.0,0.0,0.0,0.0,0.0,0.0004277553089378735,45.66660420331091,102.91591582699527,103.03040611415724
197,-1665.6524795682715,0.2808416384421748,0.19366546326153644,0.20999816389499348,0.3154947344012953,3.5575632343506975,0.17936046128650956,1.1986050094609773,0.0,0.018914641290076258,0.24815860685614718,0.22924396556607093,0.22924396556607093,0.23923410741750212,0,15.322712685683333,12.749416182842303,0.08743870796548715,0,6.196229073719277,5.378985634910021,0.0,0,0.0,0.0,0.0,0.0,0.0,0.0,0.0,0.0,0.0,0.0,9.78768727643556,44.26484194359915,99.09542518927174,98.32029092293374
197,-1665.7568887501961,0.3008786358915272,0.20087700640752157,0.1755351779213646,0.32270917977958674,4.2016863918255565,0.13462716084369836,1.434094651266202,0.0,0.05110826267682083,0.2824144498725622,0.23130618719574136,0.23130618719574136,0.6464219656950827,0,15.46055199346016,12.864106756061993,0.23626355828204695,0,6.251968807529343,5.427373650248208,0.0,0,0.0,0.0,0.0,0.0,0.0,0.0,0.0,0.0,0.0,0.0,18.65365921384203,44.1574676172345,99.55407144995047,97.7065679714909
197,-1663.4904172286938,0.2904665545350027,0.19719848714897922,0.19326568047988996,0.31906927783612804,3.8591404354685266,0.15588511926901347,1.3084805339395582,0.0,0.03410551882099918,0.26435553018028174,0.23025001135928258,0.23025001135928258,0.4313697113269264,0,15.38995698849391,12.80536747684902,0.157663180309181,0,6.223421458818698,5.4025915163402445,0.0,0,0.0,0.0,0.0,0.0,0.0,0.0,0.0,0.0,0.0,0.0,14.33388337711533,43.88321396536624,99.07579887227124,97.71469701607843
197,-1662.148771607303,0.2793385521163361,0.19639434970566413,0.207073282824875,0.31719381535312463,4.117325105895923,0.1386761047173408,1.4246465267010073,0.0,0.03781444835105551,0.27183670414459793,0.23402225579354244,0.23402225579354244,0.4782805901530014,0,15.642094563865216,13.015161065600774,0.1748088401749759,0,6.3253813537237615,5.4911035457546244,0.0,0,0.0,0.0,0.0,0.0,0.0,0.0,0.0,0.0,0.0,0.0,15.475824575734238,44.31897484109655,99.97181039310877,98.3793593389765
197,-1661.353043984429,0.27945773720968303,0.19628891071712604,0.20758116321123724,0.31667218886195364,4.193066553034211,0.1319112629299851,1.5503690940675288,0.0,0.03552868056897834,0.27733551522119543,0.2418068346522171,0.2418068346522171,0.449369990859965,0,16.162417377754675,13.448100861561484,0.16424218027861157,0,6.535790529518962,5.673761081586541,0.0,0,0.0,0.0,0.0,0.0,0.0,0.0,0.0,0.0,0.0,0.0,14.902513103400903,44.832392410792266,101.47327827720736,99.87676836905155
197,-1658.5308196966898,0.2784971436943458,0.19630380097525646,0.20945430561710762,0.31574474971329014,4.265047188789976,0.11736874898113077,2.2512829253791167,0.0,0.030688275873979744,0.2883023851585746,0.2576141092845948,0.2576141092845948,0.3881481109951311,0,17.218978787942838,14.32722333925473,0.1418659307864887,0,6.963044936899099,6.044663333973776,0.0,0,0.0,0.0,0.0,0.0,0.0,0.0,0.0,0.0,0.0,0.0,13.900527659154363,45.67852390182673,105.25293624694625,103.59411731900643
197,-1654.5318909173707,0.27720374539918796,0.19632452331780778,0.21139072088624705,0.3150810103967572,4.165887615251555,0.10371517848758356,4.805751604978666,0.0,0.03089007544172687,0.2986525215924718,0.26776244615074496,0.26776244615074496,0.3907004903253461,0,17.897295661643618,14.891623671236157,0.14279881094007957,0,7.237344065273815,6.2827841415878645,0.0,0,0.0,0.0,0.0,0.0,0.0,0.0,0.0,0.0,0.0,0.0,14.539743853890192,45.89992864742527,109.7814149166018,108.12576255456102
197,-1650.417121589251,0.2756426143943842,0.20006265517687363,0.20912807190558844,0.31516665852315373,3.9531474308658563,0.11642870659895839,6.980883977008305,0.0,0.03296907138690671,0.28809485811427493,0.25512578672736824,0.25512578672736824,0.4169958205746516,0,17.052658808616275,14.188835138715191,0.15240960484963087,0,6.895788132403474,5.986277276756113,0.0,0,0.0,0.0,0.0,0.0,0.0,0.0,0.0,0.0,0.0,0.0,15.45376321005194,44.48686954742956,109.17194377162983,107.69373055967245
197,-1646.4032180482322,0.28453728776859827,0.18302892723907277,0.2051410811398288,0.32729270385250014,3.6791850784795153,0.19054524166365952,11.11007449006571,0.0,0.03639412042719798,0.24708123817883038,0.2106871177516324,0.2106871177516324,0.4603161530858028,0,14.082369251951196,11.717376036251153,0.16824294042330765,0,5.69465652562414,4.943567334687379,0.0,0,0.0,0.0,0.0,0.0,0.0,0.0,0.0,0.0,0.0,0.0,17.742957850171585,40.55319629138769,105.40930947694042,104.06174648951327
197,-1645.3501525518327,0.27766645626361475,0.20438061183672737,0.20395621080245363,0.3139967210972043,3.8473517769779004,0.18145782283524306,11.368945118824323,0.0,0.03859780579026813,0.2557175864181043,0.2171197806278362,0.2171197806278362,0.488188566460076,0,14.512329730136715,12.075128947958678,0.17843014926085535,0,5.868524800134864,5.094503483082295,0.0,0,0.0,0.0,0.0,0.0,0.0,0.0,0.0,0.0,0.0,0.0,18.097730965910973,41.05535348533566,105.86275227815041,104.73692181684362
197,-1645.1803864939882,0.2808110404086139,0.1985045011135978,0.20576365499632487,0.3149208034814634,3.9265924277867867,0.17839737923632573,11.64966480715305,0.0,0.040479159040437494,0.25936798170205305,0.21888882266161555,0.21888882266161555,0.511984093884507,0,14.630572854860036,12.173514321278764,0.18712727943100493,0,5.916340190412502,5.136012325697864,0.0,0,0.0,0.0,0.0,0.0,0.0,0.0,0.0,0.0,0.0,0.0,18.554728411101532,41.22523262091962,106.41395208463067,105.32288401239694
197,-1645.0786091388147,0.27948485261284706,0.1973363268894029,0.20529979254212086,0.3178790279556292,4.016714573391078,0.18108111025808324,11.413971121038056,0.0,0.04063819917131194,0.2607695113932712,0.22013131222195925,0.22013131222195925,0.5139956479589304,0,14.713621106538533,12.242615448841892,0.18786249102423874,0,5.9499234078314815,5.1651661290711015,0.0,0,0.0,0.0,0.0,0.0,0.0,0.0,0.0,0.0,0.0,0.0,18.525904037286914,41.31270842231123,106.61159963231536,105.47205654678729
197,-1644.9366221657665,0.2808042550636542,0.19711596288923133,0.20594194449201575,0.3161378375550988,4.259368427798133,0.19020472233726338,11.624956814619404,0.0,0.040474763634095905,0.2633051874488276,0.22283042381473167,0.22283042381473167,0.511928500384385,0,14.894030267322872,12.392726693581603,0.18710696032235266,0,6.02287762358609,5.228498145024898,0.0,0,0.0,0.0,0.0,0.0,0.0,0.0,0.0,0.0,0.0,0.0,18.341161039458445,41.49138526056318,107.43951511619983,106.4296672091366
197,-1644.9920190284993,0.2760288990043251,0.19854030611262394,0.20374919966437935,0.32168159521867157,4.538002446334445,0.19483244286345958,13.190750570293375,0.0,0.03717661386552741,0.26203153657685513,0.22485492271132768,0.22485492271132768,0.47021320143093903,0,15.02934818004709,12.505319314855937,0.17186025540114414,0,6.07759775064298,5.276001033294131,0.0,0,0.0,0.0,0.0,0.0,0.0,0.0,0.0,0.0,0.0,0.0,17.33518011636727,41.67402345686094,109.0966119065944,108.19898984364309
197,-1644.9001022970895,0.278953327610889,0.19767275224296116,0.2050942954268679,0.318279624719282,4.364714295649812,0.19197585282771096,12.205358685888001,0.0,0.03920454293019285,0.26281337823451034,0.2236088353043175,0.2236088353043175,0.49586263311991235,0,14.946059447575037,12.436018092845831,0.18123497705410177,0,6.043917287121742,5.246762809964679,0.0,0,0.0,0.0,0.0,0.0,0.0,0.0,0.0,0.0,0.0,0.0,17.960934564294845,41.56123282014529,108.07139678198891,107.10637665543143
197,-1644.886306888834,0.27948342137861215,0.1982531057683933,0.20601303301115964,0.316250439841835,4.408822172740844,0.19392794301414393,12.396381171572422,0.0,0.03842073662417843,0.26225606580000604,0.2238353291758276,0.2238353291758276,0.48594897950460697,0,14.96119834342186,12.448614562391343,0.17761159294429793,0,6.050039183976059,5.252077267329956,0.0,0,0.0,0.0,0.0,0.0,0.0,0.0,0.0,0.0,0.0,0.0,17.736437486857472,41.57798817200033,108.27726628030388,107.38258696892254
197,-1644.8857798156237,0.2800198332793759,0.19838037713668907,0.20561935887689695,0.31598043070703813,4.408519963946535,0.19383051190126152,12.43577204580832,0.0,0.038225554354925965,0.2620221153199976,0.22379656096507158,0.22379656096507158,0.48348029636902806,0,14.958607068431107,12.446458466145266,0.176709303274646,0,6.048991319034318,5.251167609148844,0.0,0,0.0,0.0,0.0,0.0,0.0,0.0,0.0,0.0,0.0,0.0,17.68443887151949,41.57544140987953,108.30162894274818,107.41881500749815
197,-1644.8856478690054,0.27986313561837284,0.1983376876358534,0.20579854618552207,0.3160006305602517,4.40679705693166,0.1937394313029465,12.433048124876256,0.0,0.038230955738417144,0.26196628573525704,0.2237353299968399,0.2237353299968399,0.4835486135598494,0,14.954514378220642,12.443053102364647,0.17673427282000784,0,6.047336308815696,5.249730884314162,0.0,0,0.0,0.0,0.0,0.0,0.0,0.0,0.0,0.0,0.0,0.0,17.68914113298801,41.5726575105538,108.28682894459594,107.40214771626708
197,-1644.8856412418036,0.279862409552858,0.1983248115355697,0.2058035937735481,0.31600918513802423,4.407023349751919,0.19370286970424871,12.429963588875008,0.0,0.03822942179156669,0.26193999894996345,0.2237105771583968,0.2237105771583968,0.48352921206024035,0,14.952859893529268,12.441676471846856,0.17672718168205628,0,6.046667265001001,5.249150083148557,0.0,0,0.0,0.0,0.0,0.0,0.0,0.0,0.0,0.0,0.0,0.0,17.689935948197583,41.57164500779588,108.28105332206354,107.3959233187426
197,-1644.8856384823473,0.2798740327381947,0.19831608589434402,0.20580058319039923,0.31600929817706197,4.407678846591873,0.19367425571974997,12.428317470137914,0.0,0.038232111777943244,0.26190825482692215,0.22367614304897893,0.22367614304897893,0.4835632352531676,0,14.950558310742151,12.439761416893196,0.17673961696589824,0,6.045736546369539,5.248342120420062,0.0,0,0.0,0.0,0.0,0.0,0.0,0.0,0.0,0.0,0.0,0.0,17.692328317272143,41.570093479060155,108.27448757293544,107.38919926110958
