-7.172854327990173529e-01
-8.293167035923344477e-01
-5.392576782739488817e-01
5.976553476131418741e-01
-2.234914082916619638e+00
3.364722366212128946e-01
-2.172575806535118836e+00
-8.019858005575587478e-01
-1.347034796640099730e+00
-1.652682782077675272e+00
-3.909384718963830441e+00
-2.852820981515056697e+00
-8.815884736820051026e-01
-2.379024419847441674e-01
-1.228045317480846332e+00
-1.005482331050733480e+00
-3.157924888422418697e+00
-1.466078224081514891e+00
-1.488760425204520788e+00
-1.515493806475011640e+00
-1.115538676644801663e+00
-1.214227972863991312e+00
