-6.690478273243639640e-01
-8.050553170255448920e-01
-5.501453164865103274e-01
6.310138352025196351e-01
-2.306750629486009174e+00
-4.151635134816611949e-01
-2.060796623828174745e+00
-9.017469857756535978e-01
-8.253742331916339436e-01
-5.138786070151364349e-01
-1.418598046121223755e+00
-2.907411691384599983e+00
-3.035060996688970558e+00
-8.141162331059388357e-01
-7.635593614915231475e-01
-1.079462539172978630e+00
-1.241371418846598740e+00
-3.431755070339133074e+00
-1.679696288655638581e+00
-1.662482554929607836e+00
-1.497298564742663540e+00
-1.233131884217812058e+00
-7.985873797870319812e-01
