-6.697052518881424499e-01
-8.281497933194642558e-01
-5.647297670054058916e-01
4.588874221142157372e-01
-2.179268503311385885e+00
-1.468159183950337843e+00
-1.957266992059633948e+00
-3.182793047197766678e-01
-4.043672763530498648e-01
-7.908304302471090841e-01
-1.683525557049458277e+00
-2.805832374791092487e+00
-3.553301456760319610e+00
-5.614894175587158420e-01
-4.055575717637056044e-01
-1.236694515508838021e+00
-1.089043814967300516e+00
-2.912340824469503708e+00
-1.141370594476226685e+00
-1.818194846730172953e+00
-1.988301529051937688e+00
-9.789259599535945489e-01
-1.139937096900057956e+00
