183,-1584.6505492874066,0.30892531876138435,0.22695810564663021,0.21675774134790532,0.24735883424408012,1.2,0.9,1.0,0.0,0.144,0.84,0.21599999999999997,0.21599999999999997,1.5829951739854522,0,11.609549158149694,11.392039913293551,0.1661852484023626,0,1.42549643530962,1.2972581318284535,0.0,0,0.0,0.0,0.0,0.0,0.0,0.0,0.0,0.0,0.0,0.0,13.260311523919082,56.705856548565606,60.86520744296131,58.995991133383455
183,-1487.0329275535362,0.22922073645162994,0.2858675166444823,0.1599706141221539,0.32494113278173387,1.595331761358091,0.5823229393337527,1.0473698530504258,0.0,0.061939194675564975,0.3856787649470513,0.09345663766621366,0.09345663766621366,0.680898932305311,0,5.023099208987463,4.928989566924629,0.07148180870139625,0,0.6167689993018999,0.5612841814159306,0.0,0,0.0,0.0,0.0,0.0,0.0,0.0,0.0,0.0,0.0,0.0,11.59857207421331,41.09383051230522,58.564037575884484,56.03711601617319
183,-1422.9925277564712,0.30432058670384815,0.23892989555117106,0.1808715665706744,0.27587795117430647,2.0508561371178318,0.39737595149458355,1.0892964896577049,0.0,0.03721269465635968,0.27772000237989825,0.0963922312979418,0.0963922312979418,0.40907997258341394,0,5.180881239431439,5.08381549202582,0.04294583961936393,0,0.6361425097535021,0.5789148421127045,0.0,0,0.0,0.0,0.0,0.0,0.0,0.0,0.0,0.0,0.0,0.0,10.361696557698323,39.250238898677914,59.66142413161801,56.539491122134805
183,-1364.6654470821688,0.3391179210482842,0.21429313698293684,0.19105920657335762,0.25552973539542134,3.523476254885622,0.17417631954835786,1.19792395048455,0.0,3.059023205018258e-07,0.1562482554977713,0.14242743286638654,0.14242743286638654,3.362790951842648e-06,0,7.655177237645278,7.51175462945284,3.5303092444066015e-07,0,0.939952767783955,0.8553941920433846,0.0,0,0.0,0.0,0.0,0.0,0.0,0.0,0.0,0.0,0.0,0.0,0.0002606691541400879,38.45154676948742,70.46519111512521,65.24243589678231
183,-1348.3075480481639,0.31493235651657575,0.2388479917204172,0.16465121987025946,0.28156843189274755,4.442962726592364,0.12020833090852609,1.2794251809612103,0.0,0.018616754410562684,0.17174031128068312,0.15312355687012044,0.15312355687012044,0.20465439157772997,0,8.230071577566639,8.075878108934663,0.0214849302511468,0,1.0105420577791047,0.9196332376123167,0.0,0,0.0,0.0,0.0,0.0,0.0,0.0,0.0,0.0,0.0,0.0,7.467081767179303,37.96564206834867,66.91883962925557,63.40832423404676
183,-1341.0512873502482,0.3028868026974693,0.23250859663511847,0.1861117929031882,0.278492807764224,5.194655499275644,0.09262052394964167,1.3602034969984504,0.0,0.024758532410346902,0.2000401511019177,0.17528161869157077,0.17528161869157077,0.2721710925037608,0,9.421021151480748,9.244514797227202,0.028572936518690594,0,1.1567746417598808,1.0527106722578448,0.0,0,0.0,0.0,0.0,0.0,0.0,0.0,0.0,0.0,0.0,0.0,8.40952332224645,39.444711534980215,68.97229626458044,65.51992943725836
183,-1338.8251938002336,0.32316085447045123,0.22415051365327726,0.17604007555004828,0.27664855632622326,6.133163547435046,0.06910806163934773,1.492830920928313,0.0,0.02294808065299965,0.22989456337389105,0.20694648272089142,0.20694648272089142,0.2522687564300512,0,11.122941501177618,10.914549032741249,0.026483558914418046,0,1.3657475621226605,1.242884294273023,0.0,0,0.0,0.0,0.0,0.0,0.0,0.0,0.0,0.0,0.0,0.0,7.502538102981769,41.83582196852734,73.71413280181282,70.15691094646293
183,-1338.0243895814242,0.31227391583012104,0.2245247451462421,0.18609764228257794,0.27710369674105895,6.223553356483824,0.0663995987651581,1.550950455320258,0.0,0.020230237855863503,0.22663691735105415,0.20150600737470126,0.20150600737470126,0.22239145065562313,0,10.830527306847543,10.627613327689916,0.023346993773024693,0,1.3298430333616236,1.2102097531440534,0.0,0,0.0,0.0,0.0,0.0,0.0,0.0,0.0,0.0,0.0,0.0,6.964236427159286,41.82293015698255,73.32894373304497,69.66690842613984
183,-1337.611151346101,0.31101248171091367,0.22422759961477165,0.1882890241640996,0.2764708945102151,6.260528119348683,0.06431201894151155,1.6252607210386807,0.0,0.017298078574883684,0.22560404320574443,0.19724294260071445,0.19724294260071445,0.1901581590504307,0,10.601396473245801,10.402775345938927,0.019963093644796055,0,1.3017088498486042,1.1846065334932858,0.0,0,0.0,0.0,0.0,0.0,0.0,0.0,0.0,0.0,0.0,0.0,6.313615882200028,41.98270013107907,73.21546998672113,69.4560556592773
183,-1336.5037889629466,0.3106748963458858,0.22395924339469445,0.19100039318948497,0.27436546706993475,6.228692353682592,0.05951887423356575,1.9365951943421094,0.0,0.012124496032509095,0.232496523033557,0.1887222553994203,0.1887222553994203,0.13328485212824764,0,10.143427320816906,9.953386416837851,0.01399244711747211,0,1.2454763997012286,1.1334327799717792,0.0,0,0.0,0.0,0.0,0.0,0.0,0.0,0.0,0.0,0.0,0.0,5.0347143476568235,42.904447297372656,73.06461876530032,69.09738059910232
183,-1334.4252712128086,0.31130018117561425,0.22320459155225011,0.1927508832300628,0.2727443440420728,5.967628032068075,0.05332694792038411,2.840992618621807,0.0,0.00863517466690696,0.24817493748240568,0.17778169775882072,0.17778169775882072,0.09492666544607745,0,9.555395183103428,9.376371281118411,0.00996554615984529,0,1.1732739649004225,1.0677257088328636,0.0,0,0.0,0.0,0.0,0.0,0.0,0.0,0.0,0.0,0.0,0.0,4.153646455786113,44.35144790483589,72.65607786202399,68.5773935821195
183,-1329.5484504268081,0.31278467707000296,0.22356277319994317,0.19411073904143322,0.26954181068862065,5.179252865262327,0.04242247101852486,8.373160565186522,0.0,0.008545440062427799,0.2788737276472045,0.15916971371284644,0.15916971371284644,0.09394021096114687,0,8.555039888138447,8.394758016686366,0.009861986663069894,0,1.0504437940134972,0.95594539562406,0.0,0,0.0,0.0,0.0,0.0,0.0,0.0,0.0,0.0,0.0,0.0,4.725657127731517,46.650489751080826,71.32929918972083,67.59117076946637
183,-1326.1851718209687,0.2986478234119997,0.2233464759236847,0.1942052203198558,0.2838004803444598,4.272151261473008,0.04117699685433795,31.399755147606527,0.0,0.00393649132349025,0.27660951448758003,0.16146780864294466,0.16146780864294466,0.043273935885560215,0,8.678557693976733,8.515961670242923,0.004542963808527586,0,1.065610118693396,0.9697473508823177,0.0,0,0.0,0.0,0.0,0.0,0.0,0.0,0.0,0.0,0.0,0.0,2.718948832760491,46.255141675343786,73.97506294850777,70.05465113637558
183,-1326.0249478338105,0.32539563634841573,0.21486727281561074,0.20553967687333563,0.2541974139626379,3.7982374978045335,0.053770206588441234,58.76977101872676,0.0,0.031387771321897816,0.24238264820053582,0.13930530177000375,0.13930530177000375,0.34504646197724465,0,7.487369207822853,7.347090545820767,0.03622350398559821,0,0.9193481995040337,0.8366432200368242,0.0,0,0.0,0.0,0.0,0.0,0.0,0.0,0.0,0.0,0.0,0.0,12.521808638964355,41.639152099319155,68.86612396807256,66.50422359486055
183,-1318.9378703636467,0.311055413031903,0.2252704813760177,0.19123979273324063,0.2724343128588386,4.312858513407248,0.06645963573555039,28.687392590942856,0.0,0.032055432549285105,0.21453597464212495,0.16669037320473143,0.16669037320473143,0.35238607656621185,0,8.959259638475224,8.79140455884305,0.036994027922556426,0,1.1000765407582171,1.0011131580433223,0.0,0,0.0,0.0,0.0,0.0,0.0,0.0,0.0,0.0,0.0,0.0,12.138362541206472,39.546592363628676,72.01084893715449,69.5658607792502
183,-1317.4688955830766,0.30558408734803344,0.2290688845447273,0.18472927608196332,0.28061775202527595,4.601889364415057,0.0709363213883296,33.0403292258525,0.0,0.03202335342720046,0.21223818936224723,0.18021483593504675,0.18021483593504675,0.35203343007006127,0,9.686171281554664,9.504697240461583,0.036957006555388604,0,1.1893315102560982,1.082338710152176,0.0,0,0.0,0.0,0.0,0.0,0.0,0.0,0.0,0.0,0.0,0.0,11.920300543926711,39.25583679151394,74.27615818844288,71.81540168324031
183,-1316.6081811680601,0.30842855427513494,0.2296333735332337,0.18090156226741913,0.2810365099242122,5.052702857247439,0.0743788556948212,37.81553601131548,0.0,0.030050995943426893,0.22086659947674195,0.19081560353331503,0.19081560353331503,0.3303512607770915,0,10.255940413713072,10.063791534864459,0.034680779344422145,0,1.2592914936953443,1.1460050618673479,0.0,0,0.0,0.0,0.0,0.0,0.0,0.0,0.0,0.0,0.0,0.0,11.184040497805013,39.931416874013536,76.38369131403545,73.8291473303816
183,-1315.7101806867893,0.31074464886467407,0.2304933251063339,0.17865147279876223,0.2801105532302297,5.725641488943142,0.08473614251394554,46.99755827441948,0.0,0.03148013428345412,0.2239945412724304,0.19251440698897626,0.19251440698897626,0.34606181004945735,0,10.347247553659987,10.153388001400263,0.03633009677524691,0,1.2705027819839403,1.1562077775952868,0.0,0,0.0,0.0,0.0,0.0,0.0,0.0,0.0,0.0,0.0,0.0,11.711163502506455,40.023833311284285,77.53046847394359,75.00762672752526
183,-1317.7080054730266,0.30093333182672144,0.21472530867842798,0.2123529930389746,0.271988366455876,7.511781436363565,0.11132410921458602,51.34656580908662,0.0,0.025143652480781545,0.2339240791436746,0.20878042666289306,0.20878042666289306,0.2764047259266981,0,11.221512160195946,11.011272933602479,0.029017389814315016,0,1.3778507128258133,1.2538986400696857,0.0,0,0.0,0.0,0.0,0.0,0.0,0.0,0.0,0.0,0.0,0.0,9.84815879215272,40.699410343465914,82.42644312790608,79.56852458894559
183,-1315.4166681945576,0.30814576077572614,0.22635602698375543,0.18739471079000466,0.2781035014505138,6.147418855103186,0.09101120570701028,48.0991118879903,0.0,0.029906555909208467,0.22655241366362108,0.19664585775441262,0.19664585775441262,0.32876342829724386,0,10.569304409010952,10.371284538528311,0.034514086268270516,0,1.29776837614499,1.1810205465846906,0.0,0,0.0,0.0,0.0,0.0,0.0,0.0,0.0,0.0,0.0,0.0,11.259533066137994,40.20692532957963,78.71470953575832,76.10684596268413
183,-1315.0671220106692,0.3117644908755806,0.22749006505479707,0.18498258560891512,0.27576285846070725,6.71352331041803,0.1014112678472954,60.15765994635224,0.0,0.03173643991090774,0.22644725421656853,0.1888613949125646,0.1888613949125646,0.3488793834614323,0,10.150905779232136,9.96072476353811,0.03662588993056151,0,1.246394653775293,1.1342684274943953,0.0,0,0.0,0.0,0.0,0.0,0.0,0.0,0.0,0.0,0.0,0.0,12.139352297907475,40.09691768169911,78.36090160277087,75.82939444391366
183,-1315.001238352815,0.3124290804361402,0.2279580194543178,0.1849427805702959,0.274670119539246,6.764293205347214,0.10189470471417175,60.22277980459847,0.0,0.030011279487674635,0.21941418506760219,0.18676128740827277,0.18676128740827277,0.32991465690359406,0,10.038029384285492,9.849963150060796,0.03463494400369402,0,1.232534951177446,1.1216555500052445,0.0,0,0.0,0.0,0.0,0.0,0.0,0.0,0.0,0.0,0.0,0.0,11.766371181859206,39.744956291956655,78.19786501815693,75.66825282712941
183,-1314.990618007651,0.31067255287302775,0.22761367339112717,0.1851977408982199,0.27651603283762527,6.827372014132204,0.10026951266092612,62.06373006111508,0.0,0.028893882683383915,0.21629940937569347,0.184680473448377,0.184680473448377,0.31763108920485117,0,9.926189977080059,9.740219095971579,0.03334539632671444,0,1.2188025767220112,1.1091585461612772,0.0,0,0.0,0.0,0.0,0.0,0.0,0.0,0.0,0.0,0.0,0.0,11.530160348769567,39.651958120765464,77.9329665402085,75.37788239326605
183,-1314.9834698099703,0.3124954286693251,0.2272685019946354,0.18509103592009765,0.2751450334159418,6.830658247583287,0.10023826363757632,60.82572058428831,0.0,0.028519189506899155,0.21567311425626584,0.18544708019681957,0.18544708019681957,0.31351207885692994,0,9.967393489723637,9.780650645397774,0.03291297633637562,0,1.2238618136997388,1.1137626518942942,0.0,0,0.0,0.0,0.0,0.0,0.0,0.0,0.0,0.0,0.0,0.0,11.404465155551954,39.6332666415904,78.06505276531347,75.5097638159971
183,-1314.9826339961533,0.3122734681241807,0.22746062175324772,0.18511874843391102,0.27514716168866055,6.832199218535202,0.10019534704780582,61.00333686290928,0.0,0.02870678190457298,0.21593175355185573,0.1856219207159764,0.1856219207159764,0.3155742862193885,0,9.976790802695803,9.78987189619729,0.033129470011416036,0,1.2250156772960616,1.1148127134000783,0.0,0,0.0,0.0,0.0,0.0,0.0,0.0,0.0,0.0,0.0,0.0,11.453173373052397,39.63825420607812,78.07573687669753,75.52540306699747
183,-1314.9815245381756,0.31215691488551905,0.22755526153577402,0.18517787024108764,0.27510995333761934,6.850387315847329,0.09998437604966154,61.220542644624814,0.0,0.029050789597332125,0.2154756271266944,0.18570631556566652,0.18570631556566652,0.3193559703683579,0,9.981326849715117,9.794322958679448,0.0335264769827598,0,1.2255726428395421,1.1153195740715824,0.0,0,0.0,0.0,0.0,0.0,0.0,0.0,0.0,0.0,0.0,0.0,11.558191178608158,39.59236821379906,78.05963286143037,75.5227992084252
183,-1314.9810914137615,0.3122668253826054,0.2274716152856022,0.185213054959737,0.2750485043720554,6.870910676214038,0.09972533458377224,61.20754928094392,0.0,0.02927234981825075,0.21507727535956347,0.18568250627663843,0.18568250627663843,0.3217915867604505,0,9.980047150125339,9.793067234740027,0.033782171707408715,0,1.225415512947705,1.1151765796558197,0.0,0,0.0,0.0,0.0,0.0,0.0,0.0,0.0,0.0,0.0,0.0,11.628700903456101,39.5607209364576,78.03204260392806,75.50423301135018
183,-1314.9810423198278,0.3123012921826539,0.22748834966001008,0.18520579842175494,0.27500455973558113,6.88006800026248,0.09963390528189649,61.08491623647866,0.0,0.02925744935021478,0.21506571931016558,0.18568954323267775,0.18568954323267775,0.3216277855869014,0,9.980425371824701,9.793438370314416,0.0337649756103124,0,1.2254619534835822,1.1152188423801037,0.0,0,0.0,0.0,0.0,0.0,0.0,0.0,0.0,0.0,0.0,0.0,11.623996863097904,39.56470922896429,78.0276250381174,75.49995332034659
183,-1314.981113829752,0.31241167311704304,0.22728082597998703,0.18518839901224926,0.2751191018907206,6.886165808313053,0.09946760716833195,61.18559876951225,0.0,0.029247895653276648,0.21526395531034315,0.18558899774361942,0.18558899774361942,0.3215227615858821,0,9.975021261649456,9.788135508164165,0.03375395003045945,0,1.2247984014639568,1.114614983800013,0.0,0,0.0,0.0,0.0,0.0,0.0,0.0,0.0,0.0,0.0,0.0,11.62316227878198,39.583110643180106,78.01123325307472,75.48080381983644
183,-1314.9810304150078,0.3123315485974431,0.22743144095383847,0.18520103062616383,0.2750359798225546,6.881739141676418,0.09958828797162439,61.112501276015,0.0,0.02925483006519451,0.21512006838011086,0.185661973849163,0.185661973849163,0.32159899172894046,0,9.978943575004449,9.791984335511707,0.033761952787175385,0,1.2252800087709712,1.1150532654960574,0.0,0,0.0,0.0,0.0,0.0,0.0,0.0,0.0,0.0,0.0,0.0,11.623767981715822,39.56975196197374,78.02312919326673,75.49470198416331
183,-1314.9810283544489,0.31233433876482364,0.2274353732918793,0.18519199828170113,0.2750382896615959,6.882188635075646,0.09960071171016197,61.107694549654624,0.0,0.02923755861644987,0.21515500340863403,0.18566051551049964,0.18566051551049964,0.32140912631220087,0,9.978865192345182,9.791907421380873,0.03374202042606499,0,1.2252703844350172,1.1150445069697148,0.0,0,0.0,0.0,0.0,0.0,0.0,0.0,0.0,0.0,0.0,0.0,11.618465787052907,39.57312157741205,78.02456127027088,75.49544151461369
