-5.858776620613986852e-01
-8.076383723934753567e-01
-3.693726832652283742e-01
4.168765445708393358e-01
-1.977661886819341630e+00
-2.231435513142097093e-01
3.364722366212128946e-01
-2.209236140099491763e+00
-6.448926501297330693e-01
-5.737637628622689334e-01
-1.737238066707169404e+00
-5.428794463817177451e+00
-2.739409816237136752e+00
-4.708059719411583077e-01
-2.090290412450879209e-01
-2.166550636538001839e+00
-1.225626195234925664e+00
-2.437901302566054085e+00
-1.671383967220457345e+00
-3.099144010923628567e+00
-2.737782426186640805e+00
-9.051180699053295031e-01
-3.727506327280458165e-01
