-6.606411550102490038e-01
-8.729402121865798003e-01
-4.013908913194584871e-01
8.172885003518194358e-01
-2.392777446446595846e+00
-1.154699555355428835e-02
-1.563076111527348377e+00
-7.849478330101103962e-01
-1.251854603231736141e+00
-5.960615756958822509e-01
-1.729530206617649668e+00
-2.658927056182560644e+00
-2.696702351608070813e+00
-6.612358963061748529e-01
-1.369471460673764796e+00
-1.220333254158801006e+00
-1.603172466119896944e+00
-2.646669690401981967e+00
-1.171958345367507315e+00
-1.607228966657468838e+00
-1.524202745451186614e+00
-1.006172709043412050e+00
-1.806640549518148786e+00
