-6.805691903365150841e-01
-8.874945602719205295e-01
-5.447757018429445486e-01
5.887722329231658280e-01
-2.040325294013880519e+00
-1.372370092653431017e+00
-1.131847269433168268e+00
-7.772568079172091915e-01
-5.255806642954662378e-01
-7.339454622132818296e-01
-3.438406235587397219e+00
-3.132801649201691241e+00
-5.772350060528046445e-01
-7.127414241050802346e-01
-1.184497458987341378e+00
-1.319018239642521850e+00
-2.529161213555779941e+00
-1.363104845780635843e+00
-2.048971923559863129e+00
-1.818943313272530782e+00
-1.128399316151189158e+00
-1.189074088983471000e+00
