-6.410941656471290662e-01
-8.316189454937572556e-01
-5.947759466364861414e-01
5.428843591127900936e-01
-2.297806474395658771e+00
3.364722366212128946e-01
-6.977399168465722168e-01
-6.070727000634306147e-01
-6.592273393960551564e-01
-1.191035920333687326e+00
-3.126626044686195538e+00
-3.438517301362474576e+00
-7.490121795306161623e-01
-4.922960222924855911e-01
-1.602194640334751119e+00
-1.393008915070865994e+00
-3.699995572691001211e+00
-1.346623147178854119e+00
-2.219996097671575797e+00
-1.276333029856942636e+00
-1.122792314769018196e+00
-9.079021191561814641e-01
