-6.517842049130948556e-01
-8.867201877299045742e-01
-3.941521737128044767e-01
8.271466814940758860e-01
-2.324875077261691736e+00
3.364722366212128946e-01
-1.691559756128052205e+00
-5.993472828372387040e-01
-6.281096586426145878e-01
-1.784994740931456381e+00
-2.334223167937463650e+00
-3.066906788317583565e+00
-5.688919576959600155e-01
-1.213266203161227130e+00
-1.120326156041243415e+00
-1.462940830713199469e+00
-2.462363538691591636e+00
-1.069011212435241331e+00
-1.422234387543434009e+00
-1.398090623682851197e+00
-9.010533382719442264e-01
-1.644789281394285263e+00
