-6.890234805440497157e-01
-8.679741217618021087e-01
-5.420402163230674253e-01
5.980689681787014766e-01
-2.664750935790863196e+00
-1.545500456533984268e+00
-1.793833249881334302e+00
-7.529191871111190482e-01
-6.172827027622267426e-01
-1.327452904539521361e+00
-3.316143376868169401e+00
-3.056435658583839476e+00
-8.704893097921401202e-01
-1.011364987602176857e+00
-1.594024101968972928e+00
-1.289260813443272369e+00
-2.744500905113337552e+00
-1.515060030742223507e+00
-2.142876253786657248e+00
-1.577411080533414278e+00
-1.029387449767471319e+00
-8.906570385908124665e-01
