-6.440747204061940678e-01
-8.083487041080298363e-01
-4.813890994682176183e-01
6.561714715761464145e-01
-2.075309331142135338e+00
-1.852181661352322983e+00
-1.163044804147022049e+00
-6.515770769632260873e-01
-3.151999619982202572e-01
-5.291514522607446702e-01
-4.122613088191292796e+00
-3.105274105389082884e+00
-6.475024027222601175e-01
-5.433331459732083646e-01
-1.437072355253794731e+00
-1.261506763728320157e+00
-1.121119506504504537e+00
-1.652729791775557011e+00
-1.734810924700178392e+00
-1.303263382931070469e+00
