-6.304422055904657096e-01
-6.691177516568006522e-01
-6.227162096074125852e-01
4.558717968976186974e-01
-1.513599661304824151e+00
3.364722366212128390e-01
-1.108559377147135372e+00
2.002519655413280975e-01
-9.153084829196379835e-02
-1.046687504011524439e+00
-2.964245211032561222e+00
-3.208154714440451194e+00
-1.920658642306038166e-01
-8.271736334598508988e-02
-8.565299208088802407e-01
-7.896211554181379322e-01
-1.823120425421763224e+00
-1.052262709249437878e+00
-1.089844259963604456e+00
-1.009275848595170055e+00
-6.794468348863432761e-01
-5.100239811081080932e-01
