-6.725734034818715568e-01
-6.820443570054562921e-01
-5.835601734097799476e-01
5.356053991051483720e-01
-2.287981753310809996e+00
3.364722366212128946e-01
-1.408692999551222291e+00
-5.319470415106289929e-01
-1.086407551675401262e+00
-1.799341750295685438e+00
-3.086384690537507858e+00
-2.557541656910860883e+00
-5.809739061616518985e-01
-7.992244249701861980e-01
-1.515785606518310180e+00
-1.233478588263130504e+00
-3.070522305341025771e+00
-6.293676462831002683e-01
-2.197583637983921534e+00
-2.101795057011753176e+00
-9.004079077279578680e-01
-9.150610842343501750e-01
