-7.720185530883884040e-01
-1.048700310721204065e+00
-4.241588501509001574e-01
5.968527589179789539e-01
-3.201681389037994041e+00
-1.510201604589060720e+00
-1.970797425291653360e+00
-8.596093889386970943e-01
-1.663472782145388518e+00
-6.973807017259988639e-01
-2.194670406654903871e+00
-1.350534953403923311e+01
-2.070957979272821436e+00
-7.024511882802105811e-01
-5.880609715513449576e-01
-9.538468132271019639e-01
-1.339563851799491445e+00
-2.252608692879702001e+00
-1.833433992688829006e+00
-1.283888353637447688e+00
-7.015297812744839545e-01
