-6.516909287204192269e-01
-7.836636959458103124e-01
-5.144654551138746479e-01
3.529799877703987399e-01
-3.186775013858627936e+00
-1.053605156578262814e-01
3.364722366212128390e-01
-3.314967427360117735e+00
-8.416853980861542794e-01
-1.657022691479603127e+00
-1.599485893394798852e+00
-9.618353022426747501e+00
-2.343253574998048983e+00
-1.180151200921379484e+00
-5.873417894071337741e-01
-2.094088710933543318e+00
-1.615925808904505434e+00
-1.223170975712458386e+01
-1.485791176919293743e+00
-2.030881627467028050e+00
-2.421185667425550747e+00
-8.071835586937888829e-01
5.058279070074997996e-01
