-6.991693172272656076e-01
-8.330968488100681801e-01
-5.330662796787948299e-01
6.106239080195942082e-01
-2.939476619319079553e+00
-5.793888976338397168e-01
-1.623720126154853061e+00
-1.726624758080289590e+00
-2.870969657735304992e-01
-1.220088667240325497e+00
-2.301354581071718197e+00
-3.511010926397329257e+00
-3.010325559791639627e+00
-9.413883475945776791e-01
3.820400927095081167e-01
-1.189248037189922780e+00
-1.197701142592392909e+00
-2.716130946991491601e+00
-1.585976606251940257e+00
-1.782039134418075710e+00
-2.068357005079896282e+00
-1.163116139936128057e+00
-1.114857695758048495e+00
