-7.415689154238382930e-01
-9.123008809441054412e-01
-5.095947033494827583e-01
5.441353062461957713e-01
-2.074774458178000991e+00
-2.739196455287471466e+00
-2.146781647642443058e+00
-1.405174487574782693e+00
-8.757368245550301022e-01
-1.094892995741405112e-01
-1.192845007127196100e+00
-2.619450498423325513e+01
-2.590614473426115172e+00
-9.117292375464290943e-01
-7.569661531113205388e-01
-1.453220698810977263e+00
-5.632613500339558321e-01
-1.011308751108797921e+01
-1.648226021108297967e+00
-2.062185888272419110e+00
-2.500420156297707308e+00
-5.294329458653647125e-01
-1.327989917763346517e+00
