-6.443330985124174903e-01
-8.233737143680505133e-01
-5.961076697179980011e-01
5.760730562400599997e-01
-2.339379897587805068e+00
-2.345352519464483532e+00
-1.952061910364382591e+00
-1.843783691306355166e-01
-1.195405476656994814e+00
-7.390192241270562290e-01
-1.110746362838696211e+00
-3.260213874353278474e+00
-3.624290088846390034e+00
-7.804667835634787609e-01
-6.059926223982018412e-01
-1.665733362344397284e+00
-1.468344726761672936e+00
-3.774842227632828173e+00
-1.439583144565357520e+00
-2.306088381665607034e+00
-1.365411886664273711e+00
-1.184038556711009660e+00
-9.831133471758172204e-01
