-6.443874549261375817e-01
-8.234088851644090212e-01
-5.960990251345407165e-01
5.761038569359662187e-01
-2.339522708799661732e+00
-2.345316332146474281e+00
-1.954985897116817695e+00
-1.848563512866053804e-01
-1.193685330144102830e+00
-7.391594920162836146e-01
-1.110123987048127869e+00
-3.257925158479825445e+00
-3.626746760466676989e+00
-7.802526371463458510e-01
-6.059254389050242606e-01
-1.665625123970956967e+00
-1.467973914186651907e+00
-3.776149796536461434e+00
-1.439337217840618299e+00
-2.305957069467297504e+00
-1.365198540791062731e+00
-1.183878316047222823e+00
-9.830788811544016736e-01
