-6.358189977326951237e-01
-6.977099864705453847e-01
-6.673872546096906166e-01
4.705770178438619111e-01
-2.476712209327121883e+00
-4.817892775123491789e-01
-1.752464922141399928e+00
-1.062012467763585377e+00
-6.839892680029662220e-01
-1.125962131619838491e+00
-2.114210860173011852e+00
-3.207298302600626538e+00
-3.060648882765265366e+00
-8.186097034305755971e-01
-9.366845370699889983e-01
-9.783850321617432177e-01
-1.096078298083552394e+00
-2.842912447869267556e+00
-1.461473639729691243e+00
-1.113585096196272106e+00
-1.100778543466619963e+00
