-6.539591271411949736e-01
-7.731024032571793825e-01
-6.084737781174072158e-01
6.240941125783441290e-01
-3.043485325667172781e+00
-5.007822959296384102e-01
3.364722366212128390e-01
-2.874050281375297278e+00
-6.964296967019292239e-01
-1.657047684920036623e+00
-1.513250096763480768e+00
-3.107009775057893997e+00
-3.141664607535860299e+00
-7.914989837560326702e-01
-5.346878605680541741e-01
-1.636701007637343830e+00
-1.306952445893387438e+00
-1.328752161289142864e+00
-1.549375260406889332e+00
-2.085303958890786902e+00
-1.365868979476694500e+00
