-6.978129078923097639e-01
-8.447571780614896442e-01
-5.519642141791107903e-01
6.423407253923058002e-01
-3.191289493607651018e+00
-1.736312333328716706e+00
-1.637749791290941115e+00
-1.185300123225625279e+00
-5.102446572484837795e-01
-1.158277053437631210e+00
-1.374454980635972490e+00
-3.595453163674302566e+00
-3.439401324123180448e+00
-8.018983241241640636e-01
-1.019937087885306459e+00
-1.477316252002385921e+00
-1.484860242890711834e+00
-3.061075393862799032e+00
-1.738040068515527725e+00
-2.313388407649221712e+00
-2.159262847510303729e+00
-1.375446773894549501e+00
-1.100242561095300386e+00
