-6.725530352526812861e-01
-8.543790791003468277e-01
-3.926995197039293561e-01
4.326680029783707138e-01
-2.192642134224761286e+00
-4.736892180805170605e-01
-1.437491342127742211e+00
-3.829259813121756451e-01
-2.403986480348448751e+00
-7.777511815195847777e-01
-1.172403997391568975e+00
-4.002091491826898384e+00
-2.206902512869640454e+00
-3.266917262570887548e-01
-2.715474970745579975e-01
-1.302548835148202189e+00
-1.231817839441972096e+00
-2.467342967645543617e+00
-1.206022936703070370e+00
-2.561422511100648336e+00
-2.429777345829120527e+00
-1.581200525053520378e+00
-1.221840441950817313e+00
