-7.277170093375660009e-01
-8.494922540953413481e-01
-4.329468384841966277e-01
6.750749260426883724e-01
-3.440776162388520021e+00
-1.547866158627819066e+00
-1.279790341252418306e+00
-6.065707342710049410e-01
-1.275497102918768499e+00
-1.373774794822955503e+00
-1.199104324882409589e+00
-2.846750733104911557e+00
-3.134393701781209352e+00
-4.754048038993856640e-01
-9.636337805162347170e-01
-1.477931812493318953e+00
-1.632556766457115449e+00
-1.020267728630448900e+00
-1.158673343913604104e+00
-2.373098019787736490e+00
-1.901228852384206691e+00
