-6.319826108809057930e-01
-6.691812793674570825e-01
-6.318802052000869196e-01
4.688007899834050196e-01
-1.522453106214112895e+00
-1.561516824283408988e+00
-5.325369015066401257e-01
2.329959534401654028e-02
-1.088466388131881790e-01
-1.086960234214744636e+00
-3.188024769529229641e+00
-3.319450750563569308e+00
-2.585449340757620118e-01
-1.169762174344742972e-01
-9.255567395435019273e-01
-8.493116797311797139e-01
-1.928206368448396324e+00
-1.129839648746910674e+00
-1.175195175493710664e+00
-1.105660112402218287e+00
-7.550154137402250720e-01
-5.945331045532390446e-01
