-6.847664348713826676e-01
-8.226815532942209908e-01
-4.867124192411153571e-01
7.219406127320827649e-01
-2.102301177725094838e+00
-2.757285059579476449e+00
-2.136108608894637939e+00
-1.241686761990430821e+00
-8.400663764315350335e-01
-6.268887558110854963e-01
-1.322333801774432382e+00
-3.617007873989505295e+00
-3.570466668891829176e+00
-9.522916680381557919e-01
-6.748644710574714933e-01
-1.442647928839972504e+00
-1.262933747157048092e+00
-3.142982695990677477e+00
-1.170930846183266372e+00
-1.855217126340838796e+00
-1.888028201439579057e+00
-1.063373826706882852e+00
-1.204156947842722092e+00
