-7.211009218304951229e-01
-7.021834217057045802e-01
-6.091709000225299375e-01
5.467334120274787157e-01
-3.637340955722672131e+00
3.364722366212128946e-01
-2.252874977750315200e+00
-1.559285617382048794e-01
-1.117065711491811886e+00
-6.221459988125965790e-01
-2.748163203462338444e+00
-2.468665751433322342e+00
-1.226470073593258769e+00
1.305289051776873377e+00
-1.467512421003362100e+00
-1.656562714197728603e+00
-2.462459302367319136e+00
-1.513151339811490192e+00
-1.521105385093841633e+00
-1.888446310577702958e+00
-1.340800094061970871e+00
-1.363321151013444421e+00
