-7.704608100861938258e-01
-7.463672727989756339e-01
-4.546880419676005980e-01
4.939031556922885979e-01
-2.042568840509144668e+00
-2.167998648268395279e+00
-1.388150969384567501e+00
-1.866201085981189056e+00
-1.356566964154238553e-01
-9.787004015729626749e-01
-1.972729067851946683e+00
-1.120619070635719261e+01
-3.234687122328881781e+00
-1.261330215338804406e+00
-1.198163340760086237e+00
-1.976991345940309897e+00
-1.577839744629784935e+00
-2.851002801049646429e+00
-1.724853540876726710e+00
-2.747704399646398787e+00
-1.631428243197754924e+00
-7.793771831633025116e-01
-1.313198296003651899e+00
