-6.838661159702394965e-01
-8.189159054508201585e-01
-4.891396863802655592e-01
7.216611841918068038e-01
-2.063246071424083894e+00
-1.739867787122469478e+00
-1.290128128696987897e+00
-8.325765692733271273e-01
-6.222567042659917780e-01
-1.317949669999531448e+00
-3.610676626251699162e+00
-3.615319825983126734e+00
-9.640220244735415722e-01
-6.749396528471405254e-01
-1.450483360565522073e+00
-1.271016780754008701e+00
-3.134471468822129570e+00
-1.174578912850709811e+00
-1.863297086795847823e+00
-1.895932697599847838e+00
-1.075394754225446725e+00
-1.215173991396289344e+00
