183,-1588.2182076688773,0.30892531876138435,0.22695810564663021,0.21675774134790532,0.24735883424408012,1.2,0.9,0.0,0.144,0.84,0.21599999999999997,0.21599999999999997,1.343971095959484,0,12.306674959283857,10.28654940905315,0.2537637752357513,0,2.733030247605611,2.6587805201847177,0.0,0,0.0,0.0,0.0,0.0,0.0,0.0,0.0,0.0,0.0,0.0,12.113660579937598,56.42803908330738,68.48749635399983,52.586173446754145
183,-1496.7350865006506,0.22675440302141928,0.2898142370622036,0.15823714367760597,0.32519421623877115,1.603204696327187,0.6017335898234356,0.0,0.061117724011271066,0.38091772463272394,0.09222497052617408,0.09222497052617408,0.5704198230692864,0,5.254549700903511,4.3920218336387045,0.10770461374247826,0,1.1669149723730081,1.1352127551370434,0.0,0,0.0,0.0,0.0,0.0,0.0,0.0,0.0,0.0,0.0,0.0,10.286629404401696,40.60289902658984,66.0912094233553,49.70432109942638
183,-1435.9269960801948,0.3004652821984946,0.24336931055994182,0.1801019758637728,0.27606343137779077,2.0322843326247986,0.4315834972713433,0.0,0.037101399801974015,0.28237503732137714,0.09764847914068975,0.09764847914068975,0.34627228439923613,0,5.5635559863559205,4.6503051175907455,0.0653818838908325,0,1.2355381811305124,1.201971639652452,0.0,0,0.0,0.0,0.0,0.0,0.0,0.0,0.0,0.0,0.0,0.0,8.977115481835254,39.17150432040396,66.86378822281951,50.08394331517711
183,-1383.714220266405,0.34319698747035654,0.21270228429798416,0.19526502651472846,0.24883570171693084,3.4330774089545275,0.20686932438421884,0.0,3.059023205018258e-07,0.1647516212773475,0.14304974450934255,0.14304974450934255,2.8550269232040842e-06,0,8.150308836504998,6.812445670591583,5.390758868327783e-07,0,1.8099966604457776,1.7608234912909295,0.0,0,0.0,0.0,0.0,0.0,0.0,0.0,0.0,0.0,0.0,0.0,0.0004958334659518521,38.52767610963881,75.83771903350876,58.1764229024388
183,-1368.1650194139213,0.3149926136380746,0.2401060456558045,0.16112736199786795,0.2837739787082528,4.496229984947941,0.14063210213089913,0.0,0.009370393509099397,0.16119835708018085,0.15182796357108144,0.15182796357108144,0.08745512523608301,0,8.650450913885601,7.2304900414344955,0.016512961335511406,0,1.9210667447783727,1.8688760738986403,0.0,0,0.0,0.0,0.0,0.0,0.0,0.0,0.0,0.0,0.0,0.0,4.290551529442902,38.20857668613123,74.05270159501316,57.012684242912144
183,-1362.5413514892334,0.3031755292352618,0.23540453631644565,0.18056526141042029,0.28085467303787226,4.892120049228721,0.12396127564444379,0.0,0.012955979710745254,0.18239903589647094,0.1694430561857257,0.1694430561857257,0.12091987674360512,0,9.654076928636103,8.069372080904799,0.02283165502275356,0,2.143949063899655,2.085703227162834,0.0,0,0.0,0.0,0.0,0.0,0.0,0.0,0.0,0.0,0.0,0.0,4.8328210523511865,39.05381323025986,75.1105365878849,58.38237161417851
183,-1359.9735235917753,0.3132478601679607,0.22737658458673515,0.1837411346394709,0.2756344206058333,5.617444732885202,0.10027501137244199,0.0,0.012163294651784397,0.21466059504405685,0.20249730039227246,0.20249730039227246,0.11352164196970005,0,11.537353963241486,9.643511507800874,0.02143474701487244,0,2.562181699215557,2.4925735077452185,0.0,0,0.0,0.0,0.0,0.0,0.0,0.0,0.0,0.0,0.0,0.0,4.110918816565955,41.030398997651304,78.79634958992317,62.40854867959469
183,-1359.6896353938093,0.3085081589288091,0.22775941826759943,0.18698473658562298,0.27674768621796847,5.777814431696487,0.095287643755751,0.0,0.011721376692312388,0.2174816173352687,0.19572302820002174,0.19572302820002174,0.1093971630508405,0,11.151387454187113,9.320900926245494,0.020655977780566215,0,2.476467389924192,2.409187845971213,0.0,0,0.0,0.0,0.0,0.0,0.0,0.0,0.0,0.0,0.0,0.0,4.0801507124569545,41.424873240425384,78.3038180447989,61.93947463552712
183,-1359.5992599410445,0.3102077845956413,0.2274954861843249,0.18613639156054088,0.27616033765949294,5.832724808719974,0.09286552254938085,0.0,0.011153126038247843,0.2227672064805005,0.1923618137552314,0.1923618137552314,0.10409360434026536,0,10.959881094740425,9.160830100038277,0.0196545789524023,0,2.4339382198024286,2.3678140890731942,0.0,0,0.0,0.0,0.0,0.0,0.0,0.0,0.0,0.0,0.0,0.0,3.973812643305372,41.887690647412555,78.08139955994292,61.73634628742405
183,-1359.5630084916345,0.31098180448368623,0.2278433067170686,0.18510231055827303,0.27607257824097214,5.800239727671251,0.09178194968689996,0.0,0.009787258762240243,0.230419595521066,0.19171107241130128,0.19171107241130128,0.09134578392449363,0,10.922804880840815,9.129839901025079,0.01724758147718938,0,2.425704443060167,2.359804003846712,0.0,0,0.0,0.0,0.0,0.0,0.0,0.0,0.0,0.0,0.0,0.0,3.637320695077784,42.458261319807285,78.13176942317327,61.80566956873669
183,-1359.5567131996577,0.31186908855805756,0.22744816394726367,0.18504174361920175,0.2756410038754771,5.74823744599919,0.09172985214168301,0.0,0.010569684553571611,0.23345661251646277,0.19071712221369938,0.19071712221369938,0.0986482675931227,0,10.866174223398211,9.082505096313179,0.018626410106703743,0,2.413128072899706,2.3475693028123708,0.0,0,0.0,0.0,0.0,0.0,0.0,0.0,0.0,0.0,0.0,0.0,3.8311618603274633,42.616122560997376,77.907141052828,61.608018299958886
183,-1359.5529516003512,0.3115844713045604,0.2275826337640444,0.185057554805556,0.27577534012583926,5.726579634257304,0.09172382469811702,0.0,0.010314366662826148,0.2332971591125068,0.1911133885558467,0.1911133885558467,0.09626535186087795,0,10.888751635759839,9.101376454218935,0.018176476552253757,0,2.4181419983589496,2.3524470122165657,0.0,0,0.0,0.0,0.0,0.0,0.0,0.0,0.0,0.0,0.0,0.0,3.7658436792231447,42.60623848908162,77.96720513427277,61.66244089689558
183,-1359.5460470688495,0.31098985489336906,0.22782452121165114,0.18512314558237958,0.2760624783126002,5.650971517015501,0.09137713149634769,0.0,0.010002668884438208,0.23269927410555558,0.1917973091007524,0.1917973091007524,0.09335623516068227,0,10.927718246149333,9.133946743464486,0.017627187628807085,0,2.4267955888042563,2.3608655058376278,0.0,0,0.0,0.0,0.0,0.0,0.0,0.0,0.0,0.0,0.0,0.0,3.6842107016229106,42.55910504804082,78.05306074041304,61.738958503741856
183,-1359.5426379193855,0.31084213818809653,0.2278728926766665,0.18515426337431112,0.27613070576092585,5.600545915573133,0.09073895170389602,0.0,0.010063842864265985,0.23200845576537,0.19187434205906234,0.19187434205906234,0.09392718002674715,0,10.932107225682076,9.137615277407916,0.017734991379274395,0,2.4277702804946433,2.361813717545807,0.0,0,0.0,0.0,0.0,0.0,0.0,0.0,0.0,0.0,0.0,0.0,3.6995541659227205,42.510778636448606,78.05583126920882,61.7392519396047
183,-1359.541717262416,0.31131601755304855,0.22753286751387372,0.18506830141093542,0.27608281352214237,5.5839502555861165,0.09004174006537996,0.0,0.010194085901878843,0.23104710466693412,0.19153906652933966,0.19153906652933966,0.09514275556842523,0,10.91300478602421,9.121648479712828,0.017964511969016137,0,2.4235280667723558,2.3576867543637636,0.0,0,0.0,0.0,0.0,0.0,0.0,0.0,0.0,0.0,0.0,0.0,3.7371254785020565,42.459151192964,78.03206758046136,61.712130756331774
183,-1359.5416564593952,0.3108919128489676,0.22793640238411614,0.18495380950587983,0.27621787526103647,5.584088159834011,0.08992522572539968,0.0,0.010362842264643447,0.23166487561879817,0.19162393523718801,0.19162393523718801,0.09671778108102858,0,10.917840210106174,9.12569017488211,0.018261902605892524,0,2.424601903557656,2.35873141763784,0.0,0,0.0,0.0,0.0,0.0,0.0,0.0,0.0,0.0,0.0,0.0,3.77492092923875,42.49188821505692,78.01462272756537,61.70529416047907
183,-1359.5414205912452,0.3110301394225727,0.22776239574055665,0.18513502505579066,0.27607243978108,5.582707757514095,0.09007255634920003,0.0,0.010289583210202532,0.23155182073650094,0.19159048335014964,0.19159048335014964,0.09603404461098752,0,10.91593427723323,9.124097098544858,0.01813280195155136,0,2.4241786395802696,2.358319652704409,0.0,0,0.0,0.0,0.0,0.0,0.0,0.0,0.0,0.0,0.0,0.0,3.7581948454201344,42.48468214548055,78.01738599365791,61.70328864160109
183,-1359.5414194227897,0.3110405847213997,0.22775738892378,0.1851256333016312,0.27607639305318915,5.581954513784219,0.09007410267696006,0.0,0.010295538326333578,0.23153055149624738,0.19158633107304032,0.19158633107304032,0.09608962449955147,0,10.915697699803946,9.123899355009463,0.018143296345658175,0,2.4241261011592687,2.3582685416234246,0.0,0,0.0,0.0,0.0,0.0,0.0,0.0,0.0,0.0,0.0,0.0,3.759716761861001,42.482902087909196,78.01626674644695,61.702124013145756
