-6.793157412639850845e-01
-6.730590285529098882e-01
-6.589944342960739609e-01
5.106609363035596871e-01
-2.382735293255359377e+00
4.771469222440113955e-01
3.364722366212128390e-01
-2.262053750284032994e+00
-1.061447539131508799e+00
-1.375631014686367726e+00
-4.769626282526269190e-01
-2.469374799342024307e+00
-2.840701863740118682e+00
-1.545232339538232802e+00
-1.404811709125754815e+00
-4.087572319880994343e+00
-1.704110122102407310e+00
-6.727026264397359956e-01
-1.643780603160692522e+00
-1.193062882759661214e+00
-4.110518579647527981e-01
