-7.065368753559138071e-01
-7.867032764549918289e-01
-5.453404367137889563e-01
5.304338544778731679e-01
-2.226296418621273254e+00
-1.354790069606734315e+00
-1.458481658926309876e+00
1.332377963882665217e-01
-1.103114830590918416e+00
-1.489265309454277153e+00
-3.259819670525232915e+00
-3.305866815265518621e+00
-8.821916621357227539e-01
-3.336222517906372032e-01
-1.486037005522721888e+00
-1.200746189783049811e+00
-3.148715009096152428e+00
-1.103718304199821310e+00
-2.003311342203405676e+00
-1.639431906463769240e+00
-9.624366648008602088e-01
-1.008499758939375379e+00
