-6.888587731639788103e-01
-8.237069785505258812e-01
-4.822093353983830655e-01
7.047650063657386887e-01
-2.139806921183865285e+00
-1.653045188442041180e+00
3.364722366212128390e-01
-1.609696457315652918e+00
-6.778938147866184760e-01
-6.017125020063155416e-01
-1.357008238224413299e+00
-3.430187105307277662e+00
-3.630678134903292165e+00
-8.669904740482398120e-01
-6.254377396523577159e-01
-1.366898093202663533e+00
-1.172751849623462794e+00
-3.033669669838102934e+00
-1.081778128042120368e+00
-1.750378185731730207e+00
-1.797087268462202347e+00
-9.862496074938206236e-01
-1.105856058637776584e+00
