-7.255503888821772662e-01
-8.481957704773602780e-01
-5.549258089465377575e-01
5.989776009991255590e-01
-2.064340737899448275e+00
-7.030815046995307904e-01
-2.067924738869103773e+00
-1.079777357373179036e+00
-9.898347973391820043e-01
-4.786512100453156893e-01
-1.853709739326818928e+00
-2.431322125896149267e+00
-2.112422864844279324e+00
-3.428846331560682081e-01
-6.939698484186732630e-01
-1.537429026431281986e+00
-1.198180911910470936e+00
-2.639880946136507145e+00
-1.094620218130745615e+00
-2.366033826467455192e+00
-1.832106830296727162e+00
-5.451951714791046788e-01
-6.529680829453605728e-01
