-6.385648755079113004e-01
-7.762342243016403520e-01
-6.374943466821878513e-01
2.698888484991900927e-01
-2.050852222261285274e+00
6.169182212586812319e-01
-5.147602344936148544e-01
-1.127985217315449429e+00
-2.048842253951179249e+00
-3.237183531649630908e+00
-1.831074217570495932e+00
-4.255373409193362377e+00
-4.980755090679616082e+00
-1.585187817861597015e+00
-1.986782077921495970e+00
-1.386410798909949449e+00
-2.086286347589094259e+00
-6.917843814867637775e+00
-2.781290338758912739e+00
-2.872836459945185439e+00
-1.927547639553872205e+00
-1.494061963356810185e+00
-8.047785720551142719e-01
