-6.518145878103400737e-01
-8.867553728686553560e-01
-3.941751070073207242e-01
8.270939385795362808e-01
-2.324982403618701898e+00
-2.231435513142096816e-01
3.364722366212128390e-01
-1.691406627497919368e+00
-5.991214031705656140e-01
-6.280268994451705389e-01
-1.785376187394604353e+00
-2.334329328214559851e+00
-3.067631550945074004e+00
-5.688288198492746917e-01
-1.213189107360244101e+00
-1.120562294327840380e+00
-1.462770375464901296e+00
-2.462559626205254482e+00
-1.068929010737863061e+00
-1.422224199252817067e+00
-1.398049075159645049e+00
-9.009188864106140171e-01
-1.644666024669436233e+00
