-6.848239250878157547e-01
-8.225845936731308594e-01
-4.867944170148765237e-01
7.217342130620605367e-01
-2.102460983298943820e+00
-6.175349330034827222e-01
-2.138751725612498600e+00
-1.241562858275077286e+00
-8.400448997190987921e-01
-6.269143583749189341e-01
-1.322717511537431667e+00
-3.608892285992497229e+00
-3.579013500860401376e+00
-9.523275535137698533e-01
-6.751491294595558523e-01
-1.442367429741359119e+00
-1.263042442234451501e+00
-3.141436238743517073e+00
-1.171142384994225294e+00
-1.855137097511374566e+00
-1.888041665890766607e+00
-1.063664588536198830e+00
-1.204266390165324330e+00
