-6.838162358605734958e-01
-7.682852035592316886e-01
-5.577993536987747580e-01
6.920554720243988767e-01
2.412844754510381495e-01
-1.277243568224138093e+00
-1.415375333080837406e+00
-8.419848995603932407e-01
-1.182101578665442076e+00
-1.973383430328954802e+00
-3.290915314124013946e+00
-4.019940186911333591e+00
-9.857668958510493740e-01
-1.037446778081638765e+00
-1.633125450253532618e+00
-1.588104210627390822e+00
-2.832309889799907054e+00
-1.818505871356451697e+00
-2.451130361220316356e+00
-1.781039585507315337e+00
-1.209780935308723215e+00
-1.398280204425635942e+00
-6.926174932565102305e-01
-8.590306290974849546e-01
-5.478568253062607862e-01
6.496336236273184683e-01
-3.877212110715494986e-01
-1.722555598032373902e+00
-1.603228589345584432e+00
-8.761791046807058114e-01
-7.348629387325017470e-01
-1.406904047106638744e+00
-3.233989109712508192e+00
-3.074293120965047255e+00
-9.039933182602919448e-01
-1.078911305178630542e+00
-1.642378616121086043e+00
-1.337611273796409206e+00
-2.763816273705383963e+00
-1.545962478963839537e+00
-2.142151147122587584e+00
-1.634100653720524932e+00
-1.068320734364389457e+00
-9.498393485970199057e-01
-6.655243369408705423e-01
-7.835705740419178778e-01
-6.345123878717915389e-01
5.520950912560543822e-01
-8.371839305926376262e-02
-2.186272719997596869e+00
-1.096509085770884129e+00
-9.170552644989971025e-01
-6.754952329947367939e-01
-9.901014234030925953e-01
-3.174882412318753566e+00
-3.801197214324871787e+00
-8.902352955959431657e-01
-8.038192482258107452e-01
-1.273695333006251262e+00
-1.344309766374222281e+00
-2.535054002445762844e+00
-1.361693276763485283e+00
-2.123644850983208432e+00
-1.621265463064561319e+00
-6.035030833616908952e-01
-8.426384866803701135e-01
-6.441795169080033467e-01
-8.268046054207366380e-01
-5.935770597028880990e-01
5.691572916852921660e-01
-3.504520954510692010e-01
-1.990536997345360382e+00
-1.440644007507982938e-01
-1.196946912026423337e+00
-7.158853754519549639e-01
-1.086052902941045284e+00
-3.242213235228878165e+00
-3.670115551217357996e+00
-7.645334678546980012e-01
-5.888842503583890942e-01
-1.655178551316909275e+00
-1.457346134745078681e+00
-3.798065180428380927e+00
-1.431027502776804017e+00
-2.301570834596650350e+00
-1.355928508420810141e+00
-1.172926895201918729e+00
-9.715613670857160544e-01
-7.091057404231874139e-01
-1.164956149678640918e+00
-4.367809179571476852e-01
3.873833945987872340e-01
-4.804832881865713778e-01
-1.824872966416981601e+00
-3.794459031743254718e-01
-1.388952108223511450e+00
-9.887179168390498596e-01
-8.437784735429829652e-01
-3.131869457643673638e+00
-3.648810522742325091e+00
-3.566916258556984132e-01
-8.977114979532395678e-01
-1.034977176404072274e+00
-8.449759437962415243e-01
-3.481583182588138037e+00
-9.025902212893469612e-01
-1.273168283306137738e+00
-8.697938790214949645e-01
-1.022646653068355560e+00
-6.195242330356672822e-01
-6.831631501293872200e-01
-7.939216136747498931e-01
-4.878361617691836516e-01
7.228098744694254618e-01
2.787771242491826063e-01
-2.860880153189390818e+00
-8.343890855816881169e-01
-7.461454455174968414e-01
9.299961833320492810e-02
-1.069626693657138139e+00
-3.025974888361063098e+00
-2.874288415615660064e+00
-4.839407617984066157e-01
-1.528561898952058018e-01
-1.419695049286131550e+00
-7.188757882349076089e-01
-2.641471850351006179e+00
-1.066123407913880383e+00
-1.701337806942473385e+00
-1.407556481639044677e+00
-9.400634796738706056e-01
-6.311085346655044281e-01
-6.511249631539482996e-01
-8.018463628561998124e-01
-5.254998901689544866e-01
4.537656270804256708e-01
3.934836809451641160e-01
-1.788729062937741476e+00
3.252119372863176983e-02
-3.355691842387416912e+00
-1.195493961808694605e+00
-1.496535916899468743e+00
-2.264882566331410274e+00
-3.529528496173083951e+00
-5.961561926375151810e-01
-6.122837085876491336e-01
-1.614637203298553869e+00
-1.462684123076342768e+00
-5.695291706002146626e+00
-4.470431309015912014e-01
-1.948337340514709082e+00
-1.255631927444955220e+00
-2.358891155755010183e-01
-9.412601133154524513e-01
-6.829257174467658897e-01
-7.192818775347049609e-01
-5.222882784256014377e-01
5.464595920541611695e-01
9.072253256056150850e-01
-3.454870153202598271e+00
-3.184856719213044474e-01
3.533681134810483515e-01
-1.898864763951851609e-01
-1.239888828069723337e+00
-2.057983606520402020e+00
-3.113683318929660881e+00
-5.447842537610688707e-01
-6.192730023234207515e-01
-9.350144399681418195e-01
-6.958455191612907820e-01
-2.183588894977209094e+00
-9.587310637869538299e-01
-1.593045684218824753e+00
-5.395876826913335034e-01
-6.854600294696991947e-01
-3.098052279528955011e-01
-7.018424507391751721e-01
-8.161255250461848521e-01
-5.705631378866093950e-01
6.966446539911144153e-01
-1.755788448099126764e-01
-1.502221886234425430e+00
-1.403023174208591017e+00
-6.796820078473218008e-01
-1.255517845520467635e+00
-1.517217847833270961e+00
-3.654358204175712999e+00
-3.375029085089614522e+00
-9.064689609343334897e-01
-1.114683984832510966e+00
-1.555691673526830465e+00
-1.544329538585083927e+00
-3.062886176560657869e+00
-1.783480844187632863e+00
-2.338774045249153222e+00
-2.211818471976116030e+00
-1.443973168050130651e+00
-1.173633191664734898e+00
-6.669795744091242540e-01
-8.748748791440901229e-01
-5.420959016567742372e-01
1.051639880480096600e+00
4.270808015739319785e+00
-1.086029417577862421e+00
-1.068332637424313614e+00
-1.918599659034402771e+00
-1.174654741652960466e+00
-1.577072515342347936e+00
-5.542976856466407476e+00
-3.095553033666840648e+00
-1.086413227324453556e+00
-1.153896508180424885e+00
-2.018571991313996783e+00
-1.962959746500111180e+00
-3.364847129591719721e+00
-1.967364068319831683e+00
-2.198346930305185687e+00
-2.022128570252128998e+00
-1.442221767809042099e+00
-1.431148078476863539e+00
-7.123407013565316026e-01
-9.382484421045870215e-01
-4.807875719096029732e-01
6.833356829134848986e-01
-4.607352482613829570e-01
-2.552452272137862632e+00
-7.420338844016167723e-01
-3.058662672447983732e-01
-2.992735766435516420e-01
-1.310164751842472386e+00
-4.373669976706056062e+00
-2.515955517283023912e+00
-7.643993471837783327e-01
-8.115149011888682651e-01
-1.482703757347018314e+00
-9.122014588542119995e-01
-2.163441579527185077e+00
-1.609034039119793036e+00
-2.198500795610061065e+00
-8.593011443015811102e-01
-1.152500192234514387e+00
-1.378375037566160088e+00
-6.085536073159115711e-01
-6.743092244110227007e-01
-6.296472082901374279e-01
7.352137873917259370e-01
7.224190745074015041e-01
-2.630081991313172995e+00
-1.124800327623601826e+00
-4.861542441953410343e-01
-8.090098919349514306e-01
-1.623637634371329685e+00
-3.058014831816074697e+00
-4.127226386531554603e+00
-8.203826966811690324e-01
-1.174367872948999469e+00
-1.459690619798529765e+00
-1.335542943349867340e+00
-2.822388217770871677e+00
-1.381221953768052346e+00
-1.840584336579722091e+00
-1.640034483206413318e+00
-1.103367682172089692e+00
-9.942517757775822806e-01
-6.833844465499632204e-01
-8.115236348032227598e-01
-4.431831994988572054e-01
7.434621793006969126e-01
9.637006427397806219e-01
-3.678905376262692428e+00
-1.059623360084161581e+00
-1.070596481779618747e+00
-5.991498349436181758e-01
-6.779752141814110455e-01
-2.586748525258041109e+00
-3.239332116277419349e+00
-3.455140547882974977e-01
-2.451912877191437384e-02
-1.032415815758813915e+00
-1.275007168628783827e+00
-2.206797423637381517e+00
-1.461351565509006356e+00
-2.143463514705942430e+00
-1.549845817768354728e+00
-4.940578005981668408e-01
-8.036309077021969172e-01
-5.688231143407839197e-01
-9.253020392426457574e-01
-5.146756006295134522e-01
4.231365438674824508e-01
-7.355597409762936190e-01
-1.813714701781070415e+00
-1.415546849947021624e+00
-9.107061941574141617e-01
-9.697703655810265833e-01
-9.503262126585561020e-01
-2.948519397260736419e+00
-2.820128017627225425e+00
-4.378604064237969218e-01
-9.921062858303368592e-02
-1.240508639417830405e+00
-1.002849226284473261e+00
-2.320956538578244466e+00
-1.061368818643580569e+00
-1.410179004188983898e+00
-1.520059169246322117e+00
-1.009359820571741784e+00
-8.783430670114436012e-01
-7.112039611546535633e-01
-7.688120543958499864e-01
-5.394894597207248177e-01
8.047475997853893448e-01
-7.437791166927598674e-01
-1.184244672846424873e+00
-1.041841817251294655e+00
-7.267239907119960041e-01
-1.183587868913681396e+00
-1.108108185673688295e+00
-2.551543696895534286e+00
-4.384245054877190739e+00
-7.626765465857792137e-01
-9.868515079043641558e-01
-1.399670309735379314e+00
-1.629956745400495954e+00
-2.919735656569584226e+00
-1.244106299759388357e+00
-2.013233788800999680e+00
-2.094213109444996057e+00
-5.689742097369382412e-01
-1.272436868281020539e+00
-7.488329621725754448e-01
-7.912400656836200419e-01
-6.355517319071870563e-01
4.126490827656775218e-01
7.231443145985848586e-01
-1.924376022115906970e+00
-6.527612839105577658e-01
-7.175429617716340136e-01
-1.255252658890467998e+00
-1.729682752557457404e+00
-2.914788007997231478e+00
-2.306008205944427569e+00
-5.417774985017816958e-01
-3.615017741036762322e-01
-1.408095328686677972e+00
-9.122539762502054339e-01
-3.016888992108281986e+00
-1.201693315937574891e+00
-1.366678737678818756e+00
-1.717370553683761569e+00
-9.570739717771437061e-01
-9.223695096520601044e-01
-6.832283018051455992e-01
-8.399365747728106957e-01
-4.746044330729365379e-01
6.993991213069434831e-01
-5.040889142898957731e-01
-2.227823865970140371e+00
-1.110327156727155096e+00
-7.975463591197289315e-01
-5.366803014343822786e-01
-1.224354053882356519e+00
-3.576316640256736790e+00
-3.622809950882035501e+00
-9.186132036998789774e-01
-5.957176749782250313e-01
-1.402128699966406211e+00
-1.227056503485571826e+00
-3.131838920829553174e+00
-1.139068353689868696e+00
-1.828225708566615371e+00
-1.862937082892538232e+00
-1.022800324433991603e+00
-1.170385936174129560e+00
-6.027385604638130223e-01
-6.028719458730916747e-01
-6.291852557389427947e-01
6.922921635633929593e-01
1.591376508383411714e+00
-3.609808360194330934e+00
-7.427444775737751526e-01
-8.323322786870167578e-01
-1.090725047922384672e+00
-1.505912259833372513e+00
-3.225174687898698433e+00
-2.752334374875900824e+00
-5.911627986808708490e-01
-6.741682676369911142e-01
-1.305751458174251756e+00
-1.158614299842416484e+00
-3.046031008869593659e+00
-1.467992491964348112e+00
-1.542304118897081411e+00
-1.166896968618522878e+00
-1.127869061211950186e+00
-9.493076072905058949e-01
-6.109600678184405886e-01
-7.158781126431540409e-01
-6.065823690492468945e-01
5.647847158539480716e-01
2.339785310284930642e+00
-4.557178096833313319e+00
-6.995900702527031445e-01
-5.926397921454683582e-01
-3.543164848970327685e-01
-9.199956727209084306e-01
-3.521248060929963675e+00
-2.974606430497841902e+00
-4.703387945299828399e-01
-4.067307455963000695e-01
-1.127672342238639436e+00
-1.264609516444366699e+00
-2.515440070033679199e+00
-1.623686572754754032e+00
-1.897978036295524307e+00
-8.058948083691912512e-01
-1.019707734023034940e+00
-7.893879721115716341e-01
-6.736908317322527484e-01
-7.482799742180153979e-01
-5.425716689330759568e-01
7.090644841225210993e-01
-1.409319899374649188e-01
-2.268114505761463118e+00
-5.329999657717203743e-01
-4.783178374424394419e-01
-4.544296425215619828e-01
-1.055376629181616011e+00
-3.471058854262525362e+00
-3.497501406032267113e+00
-4.813840884198098413e-01
-7.895802544402118484e-01
-1.458685557827910761e+00
-1.055571481949493018e+00
-2.083278031734163260e+00
-1.470525864239115021e+00
-1.919060700968179489e+00
-1.950340341631074947e+00
-1.043593919212831178e+00
-1.015826291339062104e+00
-6.788679642401194148e-01
-9.014530331589445389e-01
-4.140459104720418115e-01
7.109708203637251644e-01
-6.337067463331266248e-01
-1.625813141445611842e+00
-8.044614454458001163e-01
-1.251542245829315059e+00
-1.396441103543796025e+00
-1.417752287979066939e+00
-6.163106308717951620e+00
-5.233668828039444776e+00
-7.394180285495797200e-01
-4.953714704430882687e-01
-1.808420943845126416e+00
-1.753187462119794704e+00
-2.527807880366292448e+00
-1.467462464167977654e+00
-2.218461916846830917e+00
-2.268695793624804224e+00
-1.459103400700149322e+00
-1.513192232563873585e+00
-7.389212550011406977e-01
-7.537550932144623239e-01
-3.810689649142424695e-01
7.480253883953833505e-01
-5.538309149107352447e-02
-1.804365899032112752e+00
-9.767909486183298240e-01
-1.561139552507294193e+00
-7.630149945081887708e-01
-1.522104096766325965e+00
-3.779938031537713794e+00
-2.713374367999980663e+00
-5.007681009668645267e-01
-6.924212564860875441e-01
-1.524256530825837563e+00
-1.237586193362025133e+00
-2.594396654505156441e+00
-1.145377507780271698e+00
-1.854602126495056513e+00
-1.846287601032228887e+00
-1.132260531701477113e+00
-8.366625127780995541e-01
-6.599959655783955714e-01
-8.446698877731139143e-01
-6.583781376188174717e-01
6.102809432010481983e-01
1.210235646415850491e-01
-1.147424746496982673e+00
-3.663559116205578753e-02
-1.811868041199549806e+00
-7.434532327278517982e-01
-2.540716789938158193e+00
-4.954981824313533068e+00
-2.802427163272418476e+00
-9.996735873691122709e-01
-8.060225084670138429e-01
-1.611472131646015660e+00
-1.448498254451238587e+00
-2.924150753877023945e+00
-1.640609348022726177e+00
-1.831642614832439397e+00
-2.364204319984944291e+00
-9.774428058687698595e-01
-1.131367576737696501e+00
-6.809302685839561109e-01
-9.172324870488932635e-01
-5.298868020696910763e-01
5.644423041877968394e-01
-8.477108884006688827e-01
-1.695032053327703236e+00
-7.361920446892510350e-01
-8.392448161243738491e-01
-4.020798665085103529e-01
-5.704883423618672955e-01
-3.396283249940215576e+00
-3.078989565061129863e+00
-5.073192385971939666e-01
-6.199321024369212063e-01
-1.130643491630279662e+00
-1.277082229502295219e+00
-2.496679771629470412e+00
-1.332912258196965682e+00
-2.042045297735799458e+00
-1.773357785382104090e+00
-1.077923722798853179e+00
-1.142971790028695311e+00
-7.113272813595306054e-01
-8.054946598275456449e-01
-5.324168179433691472e-01
5.232519971423638117e-01
1.692031395444291708e-01
-1.832757154918432718e+00
-1.084704052357521764e+00
1.665079620915705105e-01
-1.142062658289761723e+00
-1.381487653998000997e+00
-3.298608849372794971e+00
-3.207528531815847739e+00
-8.680142348166056676e-01
-3.126128521791380899e-01
-1.430754114155712076e+00
-1.210149687167003663e+00
-3.205677421726931708e+00
-1.063605403517213555e+00
-1.991486726540828034e+00
-1.634991504413480845e+00
-9.340971901636703212e-01
-9.996408202519923014e-01
-6.953222656828070836e-01
-8.664186402102838080e-01
-5.477716750262127121e-01
6.968070301422196744e-01
3.673204055977062898e-01
-1.314784078698340686e+00
-1.921241053734040749e+00
-4.727531571452556203e-01
-1.145940757340911942e+00
-1.501676171309014096e+00
-3.036836546769576373e+00
-2.927125096150900330e+00
-9.890193716105759592e-01
-9.886366816180660599e-01
-1.610550721742552538e+00
-1.746715256994231691e+00
-3.056520410698569723e+00
-1.854674918488365964e+00
-2.463962263634549288e+00
-1.996938224635569359e+00
-1.341591256992558323e+00
-1.391163976240353373e+00
-7.264761278549073387e-01
-8.919698758861311916e-01
-5.183274048216995888e-01
5.930184762005161758e-01
2.411633093689968532e-01
-2.399988264120973103e+00
-9.008257338927713187e-01
-8.608296125523590137e-01
-3.257843958660414652e-01
-1.716277047921493493e+00
-2.335671270304365166e+00
-2.085632425715568949e+00
-2.445893500319866465e-01
-5.783291524134684947e-01
-1.439159872147686370e+00
-1.150025022239762773e+00
-2.540659134699891908e+00
-1.039138932278585115e+00
-2.342515043845748934e+00
-1.773913674813436092e+00
-4.667587542004595913e-01
-5.584682442807815672e-01
-6.804437490169881197e-01
-8.270851191253215662e-01
-4.907758427442224791e-01
6.187779029769041594e-01
2.135972939993593112e-01
-2.526486115230760277e+00
-1.488390495494822829e+00
-6.672818441210914830e-01
-4.265350743280363899e-01
-1.302082411104007909e+00
-3.666285291373742261e+00
-3.025391268454660665e+00
-5.300630044039738031e-01
-8.349383599843271941e-01
-1.355942364605044581e+00
-1.184299072560579535e+00
-2.407466427748015558e+00
-1.122384289561354498e+00
-1.570106769333300845e+00
-1.380900196326726448e+00
-3.014026417634953492e-01
-7.465702577799628870e-01
-6.495901165117079490e-01
-9.567811410641816616e-01
-4.379196779354829205e-01
8.306111447805134551e-01
-1.096816307639952304e-01
-2.850416127785324161e+00
3.217136193294208302e-01
6.961697659075954947e-02
5.218780860614831152e-01
-1.124080927754884662e+00
-2.132728352971820396e+00
-3.466364647906190477e+00
8.747284102936292438e-02
-7.184832619043249879e-01
-1.141686831978655503e+00
-7.387065344192829119e-01
-2.331583794177539026e+00
-1.000143749539539773e+00
-1.621201020843919149e+00
-9.003133674670268372e-01
-2.881663028571800345e-01
-4.406989065279029449e-01
-6.815750350157772086e-01
-7.144977288497107448e-01
-6.669989573354958567e-01
6.617616295980106589e-01
1.014716785266255972e+00
-7.676985657959991549e-01
-1.912431120628752534e-01
-3.310649178033332696e+00
-1.996920673246586286e+00
-2.372253347892185893e+00
-3.786409690721611376e+00
-4.725601397065210207e+00
-9.928752576068188285e-01
-1.127815797080639948e+00
-1.647995564341835584e+00
-2.101478476132977224e+00
-3.287224069608908117e+00
-1.600678724085150550e+00
-2.409664939056652244e+00
-2.694577935341093244e+00
-1.502186011500886931e+00
-1.505441775860611342e+00
-7.072355762461436379e-01
-7.579708516200709401e-01
-5.402114029953596352e-01
7.281883068678238757e-01
-2.191212704760334695e+00
-1.617018194910522233e+00
-1.616123749219254835e+00
-6.991767110208523262e-01
-1.231532146261037797e+00
-1.301520162063868558e+00
-3.041905352421001574e+00
-5.048317188877191164e+00
-9.385251008235796499e-01
-1.264564350182459718e+00
-2.071439883712914209e+00
-1.735807898781249969e+00
-4.051494077393096305e+00
-2.184267644221042470e+00
-2.496707784144920339e+00
-2.005018481804989872e+00
-1.801775274764854551e+00
-1.334038290202328447e+00
-6.491058793838460073e-01
-8.212427935664158296e-01
-6.140129397555990076e-01
6.771375235860925823e-01
-1.022055086105202237e+00
-1.407341585965045772e+00
-3.686444222160390471e-01
-1.334876083221330445e+00
-7.347386720280757455e-01
-6.712849645299978629e-01
-2.449033775135597057e+00
-5.316708652579664296e+00
-8.402487898751372919e-01
-6.611171326946310156e-01
-1.074885152373524999e+00
-9.475005249614014691e-01
-2.599859697225312072e+00
-1.060018559784474901e+00
-2.145017801775198851e+00
-1.453096106505635365e+00
-1.313375805103155214e+00
-8.688148464858003184e-01
-6.666998450296695022e-01
-8.387525706584572083e-01
-5.565869822640130415e-01
4.293382102951789903e-01
5.474902243880471753e-01
-2.000297151362958825e+00
5.868249671115969950e-03
-5.192331337307301009e-01
-7.946278583101284987e-01
-1.498753961172343496e+00
-2.806061775768239563e+00
-3.580429494272006963e+00
-4.925985498287418496e-01
-3.552677036275875833e-01
-1.201923770299423433e+00
-1.055609119093187109e+00
-2.902387882024529020e+00
-1.115002889861323565e+00
-1.796039086120099437e+00
-1.967727659978296018e+00
-9.516707668684368793e-01
-1.106862167718749124e+00
-7.427438443804206258e-01
-9.527528978795212211e-01
-5.240861825324640844e-01
7.184816616245398579e-01
-6.611157842300888765e-01
-1.737483502548136327e+00
-9.968000877761694634e-01
-1.447784197511545523e+00
-3.989293106526150545e-01
-2.197681217744813065e+00
-3.388082332445184530e+00
-2.344639339422073920e+00
-6.614631815720767305e-01
-9.578163331734381725e-01
-1.383073998916579672e+00
-1.455001661942275426e+00
-3.011331377267845610e+00
-1.318839162197379400e+00
-1.944485560275810432e+00
-1.580447505516853868e+00
-1.194359182232432204e+00
-9.658776201777026227e-01
-6.257587746591511957e-01
-7.049077047905040194e-01
-6.091754843816873377e-01
3.615309311668971626e-01
-5.698252059703864253e-02
-2.448162871653048800e+00
5.043888055082017541e-01
2.652195546033397355e-01
3.722086269885597765e-01
-5.121437465082894214e-01
-3.328717441184497972e+00
-3.047384333192968420e+00
1.466083810578526769e-01
2.968768846515815740e-01
-7.230721255402409176e-01
-7.006895617447835845e-01
-1.766746880368444517e+00
-1.019221630836468773e+00
-1.076796962988747941e+00
-9.714864752755690835e-01
-6.114903638719725310e-01
-4.049393978830735930e-01
-6.822872397072616835e-01
-7.828628435066371516e-01
-5.225596120898484687e-01
4.644853526062285298e-01
-1.096706925865457594e+00
-1.621961887505027455e+00
-2.219623315232959193e+00
-7.610049071385439623e-01
-9.130753197073084027e-02
-3.278452212842744906e+00
-4.396496089749582836e+00
-2.958062014012889041e+00
-1.045196711562839997e+00
-3.583465343756078725e-01
-1.876026945015096148e+00
-1.575889261373813355e+00
-3.310113280120665191e+00
-1.560655484726304776e+00
-4.830292352247222532e+00
-8.893473491117885876e-01
-1.530601458763040101e+00
-1.723953890387110333e+00
-7.406262707456172656e-01
-8.115515704939700870e-01
-4.824943714330728328e-01
8.273775728881520575e-01
-2.135497440616788367e+00
-1.318667195861521035e+00
-1.223548547581266188e+00
-1.603879573019118210e+00
-9.484942920114293186e-01
-7.420900053001914243e-01
-3.638322628696085470e+00
-2.935233270096271330e+00
-6.598910997791261890e-01
-1.024915527071138310e+00
-1.680505798281643148e+00
-1.714148962299804291e+00
-2.832445108452677829e+00
-1.712515284711628061e+00
-2.373392065020178965e+00
-2.331118838643456481e+00
-1.351014124915002723e+00
-1.411322479821437659e+00
-6.731643864620664441e-01
-6.711101718108076764e-01
-6.990495438002274353e-01
8.306520715147031053e-01
1.769028235707735264e-01
-2.263116731151111338e+00
-1.007737569825120527e+00
-7.219357646529640515e-01
-7.123126451702066486e-01
-1.286459412813086400e+00
-2.986953556327466064e+00
-3.029012299296386157e+00
-6.126077041974063997e-01
-6.601823447047474591e-01
-1.255171255220264959e+00
-1.229900110411553227e+00
-2.661986440012412025e+00
-1.496698835460316568e+00
-1.442749842101379354e+00
-1.846736312585968820e+00
-9.449812134720274592e-01
-8.901920021310734121e-01
-6.551773589831931810e-01
-8.804291028337032365e-01
-5.050598993303883066e-01
5.169007100658912224e-01
2.327069695918076719e-01
-2.168507366837408856e+00
-1.316378341307633981e+00
-4.039860041033887517e-01
-4.585749978509324754e-01
-1.808813519010613158e+00
-3.047605803964803517e+00
-6.220111866100549669e+00
-2.013309007269144524e-01
-6.265106006635744462e-01
-9.735244109269253210e-01
-1.131748141767519034e+00
-2.470869928934366300e+00
-1.194845354475398080e+00
-1.886832630945013856e+00
-1.231398466994870544e+00
-1.064926170780541526e+00
-1.110498772443504478e+00
-2.402699908139502405e+00
