-6.993458660563817153e-01
-7.373576019370786661e-01
-4.845881194014916571e-01
4.737423994331686483e-01
-2.735643193153429742e+00
3.364722366212128946e-01
-1.732661947347790221e+00
-3.481717401814931057e-01
-8.056126422189541225e-01
-1.954720007523956138e+00
-2.616862555189924944e+00
-3.580476118056103108e+00
-4.610867381027766720e-01
-9.170444141633595780e-01
-7.483158478585986151e-01
-1.381099921957938959e+00
-2.518784008664343599e+00
-1.640081131263495084e+00
-1.737165468873195229e+00
-2.308361898575068238e+00
-1.693344643209168776e+00
-9.741470115052951462e-01
