-7.389619902970994136e-01
-7.847054002027368247e-01
-6.457294402374762488e-01
4.256453641640130514e-01
-2.144011638100462580e+00
3.364722366212128946e-01
-2.156325150326558138e+00
-3.168814440042741487e-01
-1.177186284383870296e+00
-1.581300449216942683e+00
-3.202798081797407992e+00
-2.169982864974099979e+00
-5.532151604660753286e-01
-3.064371293843359267e-01
-1.465659711890848316e+00
-7.697590933936192537e-01
-2.774105481419680164e+00
-1.060872872908715125e+00
-1.243359648079912949e+00
-1.644453221850831870e+00
-8.741025314541289726e-01
-8.118869838783285831e-01
