-6.674402881745438165e-01
-7.723323531709858081e-01
-6.388730317743818166e-01
5.654015232532874080e-01
-2.198078845808437709e+00
3.364722366212128946e-01
-1.764411162951022183e+00
-6.639516504483904402e-01
-7.069373939847498622e-01
-1.102626455467992539e+00
-2.971494960834367038e+00
-4.018656894029100535e+00
-9.276332028907651184e-01
-7.098086555281426513e-01
-1.257754659019139298e+00
-1.287720965379905325e+00
-2.497089169435736000e+00
-1.281915255944280796e+00
-2.121433739661062745e+00
-1.536627579876922001e+00
-5.599947725122150777e-01
-8.074458687080549035e-01
