-6.674479652085489878e-01
-7.723599400026341932e-01
-6.389575970435782404e-01
5.653464052626211434e-01
-2.198052664652033084e+00
3.364722366212128946e-01
-1.765215904587217777e+00
-6.638353612961178651e-01
-7.068523403207325195e-01
-1.102831276268827265e+00
-2.971275100310236894e+00
-4.009611352761451641e+00
-9.277454439298787880e-01
-7.097357632440458586e-01
-1.257888954020359273e+00
-1.287811825253051046e+00
-2.498748952041360827e+00
-1.282004794726457009e+00
-2.121355805294529606e+00
-1.536872962881139282e+00
-5.598972348863044957e-01
-8.073217834988846153e-01
