-6.955166265214703936e-01
-8.698616022828326022e-01
-5.336939752863193442e-01
5.955427920576465972e-01
-2.689668300258961420e+00
-1.381551055796427363e+01
-2.416536959285137343e+00
-5.690315362047290160e-01
-6.123609264180353007e-01
-1.438394450755587695e+00
-3.285779607843743566e+00
-3.031373885438053861e+00
-8.328401837611444369e-01
-9.524597359052104917e-01
-1.531441725843222246e+00
-1.205888424593937414e+00
-2.692362732013554805e+00
-1.412588811523829424e+00
-2.043512447135842791e+00
-1.504468279387183749e+00
-9.629944570685794458e-01
-8.124591172831207020e-01
