-7.210983426189422341e-01
-7.021804614243229992e-01
-6.091654273637053807e-01
5.467351220796383693e-01
-3.637341920955585284e+00
-2.231435513142096816e-01
3.364722366212128390e-01
-2.252867187393577719e+00
-1.559228637825413877e-01
-1.117066592798845237e+00
-6.221466619403048792e-01
-2.748158816271526916e+00
-2.468653446733410028e+00
-1.226463108248060818e+00
1.305288083435572011e+00
-1.467513873884942921e+00
-1.656562303949323800e+00
-2.462450759175216053e+00
-1.513149723763598908e+00
-1.521097970443332947e+00
-1.888442524875374451e+00
-1.340791763592137142e+00
-1.363313678629527237e+00
