-7.229028077752092107e-01
-6.804220207796696229e-01
-5.125082014716906276e-01
7.118183202406226373e-01
-2.541869099773138796e+00
-2.231435513142096816e-01
3.364722366212128390e-01
-1.142781883734236281e+00
-1.018941183391442351e+00
-2.784793585607465705e-01
-1.625851515500343458e+00
-3.120281118741116799e+00
-3.361123460541920682e+00
-6.613454058425761728e-01
-1.232978803368857790e+00
-1.472999133845343200e+00
-1.137867184617619154e+00
-2.469124135892448280e+00
-1.534331469705533468e+00
-1.879972333590899769e+00
-1.646745827602825951e+00
-1.406494542558744287e+00
-1.045431601860550286e+00
