-5.803814974478611610e-01
-8.663810970263058353e-01
-5.419566118431355939e-01
5.209623365390975147e-01
-1.859811102246598180e+00
-1.750546525900378070e+00
3.364722366212128390e-01
-2.232261765333857007e+00
-7.537477251834157066e-01
-1.187347490589221621e+00
-1.196251480205154261e+00
-3.251708634908714313e+00
-2.652108817505317351e+00
-5.213869933048160821e-01
-2.994983048301153028e-01
-1.329983165028912451e+00
-1.033015114248748478e+00
-2.418826628386488764e+00
-1.055762919590725879e+00
-1.413042976913059467e+00
-1.549222114201618261e+00
-1.044558710170858884e+00
-9.218593782230817268e-01
