-6.774963737635235628e-01
-9.968882667456144819e-01
-3.574937501233544368e-01
7.816852832201149903e-01
-3.319801137445654415e+00
3.364722366212128390e-01
-7.810546178350760149e-01
-5.209277269449854586e-01
-8.974535432095714915e-01
-1.168427045506458262e+00
-1.277789192292473963e+01
-1.368825580562344335e+01
-4.617375351573825837e-01
-5.125029317790984890e-02
-1.584253259215574250e+00
-1.561106164076774272e+00
-2.330504444380073092e+00
-1.287253737259113961e+00
-2.068669414258599737e+00
-2.074481550326481294e+00
-1.260851521608579384e+00
-1.316008850613248571e+00
