-6.185264369406464624e-01
-7.812783584912277313e-01
-5.071032491091149730e-01
4.748912192108081798e-01
-2.616420866291396585e+00
3.364722366212128390e-01
-2.869695984052592852e+00
-1.110210248330800953e+00
-7.680266110700715299e-01
-1.996006691966574431e+00
-4.321075703242480692e+00
-2.793697200987196094e+00
-7.992279987243593453e-01
-9.302203495819488799e-01
-1.076543878621526229e+00
-1.525772348926480504e+00
-3.090418465727504671e+00
-1.370991131888236181e+00
-1.042488925626569030e+00
-6.536381231243090228e-01
