-6.813505758224285280e-01
-7.855753843044721574e-01
-5.371901018653545412e-01
6.139718411888067662e-01
-2.869075817672736672e+00
-1.053605156578262814e-01
3.364722366212128390e-01
-2.436218015985476271e+00
-4.801035157932578845e-01
-1.056055177593219208e+00
-1.868142080102785485e+00
-3.300159713538932671e+00
-3.792504082031799673e+00
-7.766853772429217484e-01
-9.449493430007437356e-01
-1.480197739393496192e+00
-1.408422787621135930e+00
-2.626904136312622207e+00
-1.642612845784392261e+00
-2.259919529084355894e+00
-1.599228112234783117e+00
-1.038220729799768982e+00
-1.224253501087577023e+00
