-6.593067521934091735e-01
-9.282019717926802693e-01
-4.057465476698418616e-01
6.993476563201970198e-01
-2.585502368805429274e+00
3.364722366212128390e-01
-9.480901322638235484e-01
-9.912664453081810878e-01
-3.003767891279850444e-01
-1.397574947099166964e+00
-4.281481803766075345e+00
-4.272796051060909761e+00
-5.706561962130480836e-01
-1.179478337161639967e+00
-7.903817144060047983e-01
-1.250412347575181160e+00
-3.058307940285163173e+00
-1.269846551822238601e+00
-1.208218582297851951e+00
-5.004116168868698589e-01
