-7.578470506630559100e-01
-8.374089626492130511e-01
-5.513187690444013578e-01
5.641208528707188918e-01
-2.190641325776038428e+00
-1.414844254459171502e+00
-1.347894968633032819e+00
-3.560779247605944664e-01
-8.447471860269218924e-01
-1.723061162195247853e+00
-1.526524414742745916e+00
-2.925014112055583482e+00
-3.285801705134241857e+00
-5.776551049016912520e-01
-1.238670476199168036e+00
-1.168293250069375233e+00
-1.107724532693253883e+00
-3.599048302705795344e+00
-1.005622225583764351e+00
-1.694146267228902047e+00
-1.765881175038541695e+00
-6.776667903498762024e-01
-1.291118299702342931e+00
