-6.864951950759744514e-01
-6.724714270978456865e-01
-5.052221680974745555e-01
7.112941308501320448e-01
-2.848163044339590222e+00
-1.312263499470889272e+00
3.364722366212128390e-01
-2.281354400881914213e+00
-3.400500647097304818e-01
-4.742602207678073833e-01
-1.958592925999175449e+00
-4.672567276008985360e+00
-3.812154282762443280e+00
-1.671933944642907954e-01
-1.132740401641961103e+00
-1.103058150051888342e+00
-1.602387363042566015e+00
-2.749850864810901463e+00
-1.345565291404527297e+00
-1.410490039256759198e+00
-1.362538436920823548e+00
