-6.481015087752125536e-01
-7.168956989160325532e-01
-6.104783111089781000e-01
3.843053435769500648e-01
-1.462545503074591524e+00
-2.231435513142097093e-01
3.364722366212128946e-01
-1.655943619706623071e+00
1.459602479958401530e-03
-5.545014871843441107e-01
-9.005541094743576558e-01
-2.056462989272652031e+00
-2.148558580650876682e+00
-3.162246635411892215e-01
1.304241151721245717e-01
-5.580260314027094548e-01
-9.224138305815884342e-01
-1.931111894558888986e+00
-5.195542996246116374e-01
-1.265581677337961564e+00
-9.302261067640946735e-01
-2.963742387567929737e-01
-4.085256846534531250e-01
