-6.799353667564728143e-01
-7.962204983606735453e-01
-4.664308456829389105e-01
4.997773506380674968e-01
-2.619827647797527970e+00
-3.177167666341901842e-01
-1.346418170775264267e+00
-5.363423349195283185e-01
-9.727522340716840965e-01
-5.908406720747726437e-01
-1.289020130845016210e+00
-4.243518034274729622e+00
-2.856084607638276651e+00
-8.540516180409996050e-01
-5.535139462907103791e-01
-1.626252235345257757e+00
-1.305733150492731420e+00
-3.471410412518177502e+00
-1.804902821397387891e+00
-1.695862440485742972e+00
-2.453855089094405972e+00
-1.165959966230158518e+00
-1.473362469218230997e+00
