-6.616761893828131402e-01
-9.283203560496995355e-01
-4.965896760201874982e-01
4.949595739425468599e-01
-2.455984387178167694e+00
-2.231435513142096816e-01
3.364722366212128390e-01
-2.168712371273486816e+00
-2.667223209295563890e-01
-1.226713042849454594e+00
-1.444976716004014561e+00
-3.218803235620452785e+00
-3.211420670286211809e+00
-5.403922789465878118e-01
-8.709921302434054935e-01
-1.463800598750481630e+00
-7.647965463238776129e-01
-2.624523646626757856e+00
-1.219506562522483017e+00
-1.591698100887954714e+00
-1.624352383401066469e+00
-1.152019972245945434e+00
-1.009425393531695025e+00
