-6.606721280828619092e-01
-7.868199554920932703e-01
-5.138860555998763235e-01
4.933125963353356958e-01
-2.907036654506381268e+00
-2.231435513142097093e-01
3.364722366212128946e-01
-1.828007415104336175e+00
-9.808474440857165577e-01
-9.909711618983813031e-01
-1.668419404987401267e+00
-4.351890473443154050e+00
-2.980077879819204245e+00
-7.370152599425979778e-01
-3.787605938811856587e-01
-1.345798868527088521e+00
-1.448093658951287166e+00
-3.154833229977444198e+00
-1.792704699093887966e+00
-1.956276648354719372e+00
-1.742197765474580162e+00
-1.293819837641472015e+00
-1.155796720908311537e+00
