-6.826541714281418871e-01
-6.910641019292096399e-01
-5.949627175560868730e-01
7.498143437929740696e-01
-2.829234278601495234e+00
-1.924452410062271523e+00
-5.428761489867597323e-01
-7.500252132845067754e-01
-3.709483455340363833e-01
-1.428434713747082307e+00
-3.241718487038652174e+00
-3.637565006574407622e+00
-8.499343499700916515e-01
-1.246831810073812496e+00
-1.100106614479417377e+00
-1.331989337816462449e+00
-2.636008864223903903e+00
-1.981962341960921359e+00
-1.455541825303557912e+00
-1.124013053417469044e+00
