-6.314719985083484532e-01
-6.940357886688582889e-01
-6.783755008149895405e-01
5.375395443553183661e-01
-2.073978518878855759e+00
-2.976876016354492727e-01
3.364722366212128946e-01
-5.471477746146744536e-01
-1.131421951010303850e+00
-7.961367431069861222e-01
-1.287884662806222158e+00
-2.517906898756863132e+00
-3.120943541695416990e+00
-6.124693769353389827e-01
-6.654015727656724666e-01
-1.200167445930675925e+00
-8.297756969662192228e-01
-8.124493705495765550e-01
-1.239750586518022279e+00
-1.796541370754271227e+00
-1.492782541183815148e+00
