-6.997727396465700522e-01
-7.975205147833390740e-01
-5.135430505660570910e-01
6.229494009028594403e-01
-3.302654413313334203e+00
3.364722366212128946e-01
-1.884829897676546739e+00
-4.588020628190744299e-01
-1.048223594610488973e+00
-1.132840732075789170e+00
-3.056917831245313799e+00
-4.732432848944305270e+00
-7.132585355593200616e-01
-1.129056623828646133e+00
-1.946701686846129986e+00
-1.567330655130496853e+00
-4.092669067319062215e+00
-2.033287749713779569e+00
-2.371757213129426667e+00
-1.872232412744430308e+00
-1.628833471529039567e+00
-1.189932014721704734e+00
