-6.674597210639453548e-01
-7.723176369788050666e-01
-6.389613117390899877e-01
5.653411660366107760e-01
-2.198014183434882973e+00
-2.231435513142096816e-01
3.364722366212128390e-01
-1.765713263754520534e+00
-6.637586191870243901e-01
-7.067615156131441534e-01
-1.103204060758795180e+00
-2.972458235903729928e+00
-4.022514728801914075e+00
-9.275931003923907348e-01
-7.097114149499065272e-01
-1.257793970908354764e+00
-1.287727066071903348e+00
-2.497193798441637469e+00
-1.281742117138957360e+00
-2.121031463083917323e+00
-1.536837234913362993e+00
-5.600133555202368996e-01
-8.073733625891978960e-01
