-7.418523737224936854e-01
-9.559191471724298728e-01
-5.138472313672859393e-01
7.013536202306045464e-01
-2.436151990177245708e+00
-2.231435513142097093e-01
3.364722366212128946e-01
-1.590135560837614204e+00
-1.051818349091894644e+00
-4.038248657551867238e-01
-1.973603099880111733e+00
-3.259413061161564595e+00
-2.333316545738095549e+00
-6.271695734329568728e-01
-8.724244152445780331e-01
-1.311932261769427344e+00
-1.335550425214653947e+00
-2.903714027417223953e+00
-1.206666545279646563e+00
-1.872514085508517390e+00
-1.467843782663076801e+00
-1.120731442687729729e+00
-8.852596398994606597e-01
