-7.150439622377475768e-01
-8.348788937803224286e-01
-5.354343579886108317e-01
5.854643971849730066e-01
-2.317565187617001587e+00
-5.702140830558115603e-01
3.364722366212128390e-01
-1.976098315037621012e+00
-8.293327968597504762e-01
-1.366276221430058779e+00
-1.598614820227027833e+00
-4.296941785814540893e+00
-2.875514184588551014e+00
-8.669679042513664946e-01
-2.306216960762976775e-01
-6.409309047429324613e-01
-9.938010371510079821e-01
-3.132204910936675191e+00
-1.444559936678875056e+00
-1.111584095608194378e+00
-1.200360437454376816e+00
