-6.800175536974847335e-01
-8.175959117040902946e-01
-5.344543573313111917e-01
6.974787120117127426e-01
-2.965016598734257158e+00
3.364722366212128946e-01
-2.107381269612373487e+00
1.347804160020937392e+00
-5.091747085913286286e-01
-1.397152647575730988e+00
-4.264711608519871966e+00
-3.193236969303718809e+00
-9.096591166303310549e-01
-2.260671609247544012e-01
-1.494724644729914731e+00
-1.545546077920324946e+00
-3.061487144101054270e+00
-1.788898569476324862e+00
-2.251336757959787160e+00
-1.361880741781634319e+00
-1.211192091105218083e+00
-1.112608766071869093e+00
