-6.446565449334987763e-01
-8.938077865817706247e-01
-5.235783920730716634e-01
5.099978650066736563e-01
-2.509078646357779885e+00
-1.167072091893335717e+00
3.364722366212128946e-01
-1.157384974497602581e+00
-4.893546302340353593e-01
-7.179597074889166874e-01
-1.667984284933387240e+00
-2.964568743297946618e+00
-1.381712036696756662e+01
-9.222028466158723736e-01
-6.541764207215321481e-01
-9.031853116866666031e-01
-1.352415611813006624e+00
-2.326467335703391814e+00
-1.937061251455067135e+00
-1.437126815094152077e+00
-1.196802440731576267e+00
