-6.419689682879635706e-01
-7.257640002269116764e-01
-6.025116422005105665e-01
6.167926984551466152e-01
-3.250583660082753568e+00
-4.891649604792540074e-01
-2.515023814264170543e+00
-1.901807890113892840e+00
-3.375155845252308939e-01
-7.259309843099385207e-01
-2.118404621993856374e+00
-3.257658746083816226e+00
-1.010227967836542362e+01
-5.140561692445227981e-01
-9.970763870797192396e-01
-6.260035206731128232e-01
-1.434231952819847722e+00
-2.367948644439118677e+00
-1.623617540021077721e+00
-1.509465722214185623e+00
-8.473927174260054151e-01
