-7.232653595261130386e-01
-6.929730361949234529e-01
-5.768019725470402426e-01
7.756838071903932041e-01
-2.796682474090645965e+00
-3.995804028912391392e-01
-2.967519418639557927e+00
-2.562433059090071019e+00
-1.419672907246587235e+00
-1.021310818547305876e+00
-9.617240135622019404e-01
-3.010929742677591392e+00
-3.838924944929718031e+00
-1.322763438649922296e+00
-1.113512965694289703e+00
-3.618042908663590129e+00
-1.983039899278129292e+00
-2.206943355249386673e+00
-1.942770391996132107e+00
-2.144245535822485671e+00
-1.117211643550779732e+00
