-7.403574915467764361e-01
-7.502435361271826419e-01
-5.959037496916960164e-01
6.685054809028146972e-01
-2.760862005954867637e+00
3.364722366212128390e-01
-2.380077994042782752e+00
-3.215817540016336906e-01
-1.010841168287073044e+00
-4.362375065297782184e-01
-3.300775356251260728e+00
-3.158059815400141357e+00
-1.571681177434986587e+00
-1.302097089901427251e+00
-2.794038496251912473e+00
-1.320003547342195604e+00
-1.913680629095276808e+00
-1.656332126584856734e+00
-1.031341203590070643e+00
-9.892453723944075739e-01
