-6.632416070501593319e-01
-9.382552315889647332e-01
-4.242605245429181271e-01
6.280205400099699853e-01
-3.284982981787968548e+00
-1.110283633118531954e+00
-1.339054782087847117e+00
-3.877421681019814215e-01
-1.148596227824304927e+00
-1.458320193998009939e+00
7.226589831784359375e-02
-1.795901344383747755e+01
-3.242377761026254746e+00
-1.568614771134491770e+00
-1.622612084956057465e+00
-4.976103444885194627e+00
-1.477446749100335577e+00
-2.460443256759011543e+00
-2.049942034336865504e+00
-1.012643244126576691e+00
-6.563632565156783949e-01
