-7.422175645943061006e-01
-9.592755271775372794e-01
-5.088023043574417814e-01
6.960960044247859191e-01
-2.506897867530524238e+00
-1.934201083373499497e+00
3.364722366212128390e-01
-1.586984556787889300e+00
-1.026561859395258125e+00
-3.882161733960426964e-01
-2.006168509248686060e+00
-3.186248518718254985e+00
-2.321832129450611237e+00
-5.943199714888314222e-01
-8.453341332638919514e-01
-1.279493049620938461e+00
-1.307359807543748031e+00
-2.880329842797801465e+00
-1.174730536959477600e+00
-1.830325527745154446e+00
-1.435499057698021774e+00
-1.088881432609416944e+00
-8.450078659533478698e-01
