-7.521870342875469628e-01
-8.695860388585952006e-01
-5.273442058870374538e-01
4.484537920838586045e-01
-1.775653835611756381e+00
-2.612490079420169420e-01
3.364722366212128946e-01
-4.298756713292163356e-01
-3.210050431639667190e-01
-1.124134683787421318e+00
-3.615583729934459395e-02
-2.672879929828133605e+00
-2.325502412824740350e+00
-1.827606263535262121e+00
-7.323758945798575226e-01
-2.839400524623323818e+00
-5.189919275368801710e-01
-8.863798661229587150e-01
-1.350816687361065416e+00
-7.335266227590966359e-01
-3.812670922983838473e-01
