-7.072476607044579922e-01
-1.001133914179926254e+00
-4.199300524490356956e-01
8.187964471564733726e-01
-2.584745039286813206e+00
-2.231435513142097093e-01
3.364722366212128946e-01
-3.320148303076468910e-01
-1.686133343789502526e+00
-3.780608664328169999e-01
-1.014736629527033696e+00
-3.157186195791541472e+00
-2.747194643888890120e+00
-6.463138386437308203e-01
-7.312066714890520513e-01
-1.420933188075037101e+00
-1.446193988270702668e+00
-3.412669625466889123e+00
-1.235980440914243195e+00
-1.947737712033960955e+00
-1.292254572516338573e+00
-5.877647696488534912e-01
-7.906870112247499360e-01
