-6.144438463538912654e-01
-7.022084898949996212e-01
-6.124532154451990396e-01
6.113650632397306106e-01
-2.092164492965285838e+00
-2.211283262550149953e+00
-4.032374774986844379e+00
-8.761886920261549028e-01
-6.486319628728202114e-01
-4.721265110877652105e-01
-1.032419018263132982e+00
-3.530640466556107082e+00
-2.999450881835035609e+00
-5.362220537105948370e-01
-5.063163005145241424e-01
-1.176675937499315427e+00
-1.304950703725776595e+00
-2.557159703565663911e+00
-1.642614490452621645e+00
-1.901467099943846106e+00
-8.575829723344724487e-01
-1.059204191560051855e+00
-8.326728557625434624e-01
