-7.387567000827788277e-01
-9.122151945843481879e-01
-5.067399011536320996e-01
5.347366404457087885e-01
-2.044834672502857220e+00
3.364722366212128946e-01
-1.873506696025527329e+00
-6.914907985461929973e-01
-1.299293871630529673e-01
-1.178593584467859223e+00
-1.188871211828875651e+01
-2.484323727631636558e+00
-8.562281455188209822e-01
-7.315819303326615008e-01
-1.414955672361031480e+00
-5.339805888028189562e-01
-1.458274454257261654e+00
-1.596631463955572539e+00
-1.981246776372225460e+00
-2.481490731151331897e+00
-9.004279356204867302e-01
-2.926100845679973972e+00
