-6.133010348114632526e-01
-7.977935402981539692e-01
-5.813285462648684065e-01
5.040084257415381463e-01
-2.287644863573600862e+00
-2.058912146682835009e-01
3.364722366212128390e-01
-1.473464145152654226e+00
-8.265422802816714265e-01
-1.311583743085889653e+00
-2.857342378002266647e-01
-3.135192023559146168e+00
-2.868203255831420329e+00
-1.239231660409775726e+00
-1.248049106448910095e+00
-2.435737449437302971e+00
-1.365677315211585308e+00
-1.199275573449761323e+00
-1.807267479537289168e+00
-9.417741510175992037e-01
-8.887237719389348145e-01
