-6.807503051292314034e-01
-1.012024830492148197e+00
-3.502017403132450246e-01
8.158336917991947379e-01
-3.507010392842487612e+00
-2.257663708720923257e+00
-1.925793933889216936e+00
1.269374353532440047e-01
-1.254283799806347188e+00
-1.017514479963545160e+00
-1.079500117706390316e+00
-1.052579532954834463e+01
-1.105876043129866559e+01
-5.521329325743845606e-01
2.820436632609646475e-03
-1.611734488469199977e+00
-1.611003050142847615e+00
-2.339087666306619351e+00
-1.382156484370460570e+00
-2.135519387924532886e+00
-2.138084530827306207e+00
-1.323646664157204222e+00
-1.363273076550213680e+00
