-6.403758671382993040e-01
-7.026246037544224832e-01
-4.935283112448788922e-01
6.712519121169421288e-01
-2.912363070316392744e+00
-6.089216704182522921e-01
-2.120704827234445311e+00
-2.068651338327684108e+00
-1.409290308466532471e+00
-3.569392157502815910e-01
-2.179392527007863567e+00
-4.327163416761957038e+00
-4.365776578467259306e+00
-1.375279617397981990e+00
-5.767956675313117287e-01
-9.091509597297393608e-01
-2.045309770806118976e+00
-2.971611255109214866e+00
-1.990193968082427656e+00
-1.469155263652514476e+00
-1.255409768196003029e+00
