-6.646624985793332385e-01
-6.673568442021701186e-01
-6.885303802350811742e-01
5.240026150445296071e-01
-1.698049208017187839e+00
-4.206937990166783464e-02
-2.041566278401829138e+00
-6.924867079963922256e-01
-7.266335759421055362e-01
-1.135213165157618276e+00
-2.181021541386150453e+00
-3.158321688572573560e+00
-2.243699879563326949e+00
-6.753032289621679896e-01
-3.333426149771375746e-01
-1.073628722673832803e+00
-1.144696496466184987e+00
-5.886798868603094759e-01
-1.074093636014139763e+00
-1.591197795404137638e+00
-1.207367503606233461e+00
