-7.211232801812696991e-01
-7.020875747283509272e-01
-6.091824173928677144e-01
5.466115294789636314e-01
-3.637255656581664720e+00
3.364722366212128946e-01
-2.251292818457127698e+00
-1.562467036120896713e-01
-1.116745686926932990e+00
-6.221807769128480103e-01
-2.748774187544055891e+00
-2.468309537002979059e+00
-1.226250911213375039e+00
1.304948131535131450e+00
-1.466770712865814508e+00
-1.656933507365845104e+00
-2.462153968539438686e+00
-1.513292284419941236e+00
-1.520753181983168112e+00
-1.888672994404695604e+00
-1.340999885531813041e+00
-1.363357391257574269e+00
