-6.983581678512350566e-01
-7.929607188486597069e-01
-5.216431047851314284e-01
6.124838664219361961e-01
-3.280952956065674719e+00
-1.920364589709653735e+00
-1.579889585501178306e+00
-5.329816930463209257e-01
-1.061947975367199426e+00
-1.106007806748116495e+00
-2.950090893687268512e+00
-6.070001159676326807e+00
-7.654363258201509757e-01
-1.183119470998445610e+00
-1.983738786870507864e+00
-1.640410472729213476e+00
-4.082695883444644736e+00
-2.120669535722097265e+00
-2.432052171554168307e+00
-1.922537562329307503e+00
-1.702577636228078450e+00
-1.241303334294667327e+00
