118,-1002.8091414628238,0.33502824858757063,0.22485875706214684,0.22429378531073452,0.21581920903954802,1.2,0.9,1.0,0.0,0.144,0.84,0.21599999999999997,0.21599999999999997,1.6569689374759855,0,7.985364924828691,10.6942766854213,0.4610199289030887,0,1.714606535603817,1.4149309446767873,0.0,0,0.0,0.0,0.0,0.0,0.0,0.0,0.0,0.0,0.0,0.0,15.54456445773246,30.15142024943885,28.196835462317022,40.15911468842802
118,-940.1648057133506,0.2362769189410129,0.2833710445849956,0.15698729676619175,0.3233647397077998,1.4969083617298935,0.5898309895670597,1.0116654404714538,0.0,0.06450311729223603,0.38838465622410806,0.08796169620145089,0.08796169620145089,0.7422198730805917,0,3.251880757293996,4.3550310967467025,0.20650848991732115,0,0.6982393481009498,0.5762024347300532,0.0,0,0.0,0.0,0.0,0.0,0.0,0.0,0.0,0.0,0.0,0.0,14.508589863049755,20.215694502815005,26.69933833621472,37.77261195440884
118,-900.5697076864251,0.31049672388483796,0.2326470051770549,0.1866252115214084,0.2702310594166987,1.8089265412888724,0.4188436191127552,1.0170105475721438,0.0,0.04854955757111813,0.28452255801513354,0.08076919099284785,0.08076919099284785,0.5586465890523945,0,2.9859790035235036,3.998926278403486,0.15543273319245343,0,0.6411452905174532,0.5290871653346763,0.0,0,0.0,0.0,0.0,0.0,0.0,0.0,0.0,0.0,0.0,0.0,14.280581245965429,18.83403493800085,26.709013332584842,38.10018193937218
118,-862.0980149763745,0.374015970592701,0.19379979566103578,0.209437133726196,0.22274710002006723,2.7348564178901853,0.1980183758806579,1.0274895182484414,0.0,0.0290346744271464,0.16496074573624536,0.10442568618108031,0.10442568618108031,0.3340941224688191,0,3.8605426466739208,5.170172134654854,0.09295530236199558,0,0.8289303889397848,0.6840515499848042,0.0,0,0.0,0.0,0.0,0.0,0.0,0.0,0.0,0.0,0.0,0.0,12.903977211357546,17.61483810335986,28.515660720278376,40.320801816819326
118,-846.3383123195409,0.34209281222005233,0.2293394816931291,0.1759007984680077,0.2526669076188109,4.05216845115729,0.0966490448253894,1.0376749466148096,0.0,0.012618588347202062,0.12500804707645188,0.11238945872924982,0.11238945872924982,0.1451986730979879,0,4.154957600264043,5.564462815626556,0.04039875487975304,0,0.8921467614358668,0.7362190880161587,0.0,0,0.0,0.0,0.0,0.0,0.0,0.0,0.0,0.0,0.0,0.0,9.289164836963787,18.314889657694305,31.62223327074717,43.543166882156505
118,-838.6073886643255,0.3238200571152013,0.23450921216802426,0.1894423663333675,0.252228364383407,4.365993904590995,0.08355404043342773,1.04037223730699,0.0,0.026995258247448056,0.1443057619016318,0.11731050365418373,0.11731050365418373,0.3106271137164156,0,4.336885098120865,5.808106408259109,0.08642605581915988,0,0.9312099826872171,0.7684549155366848,0.0,0,0.0,0.0,0.0,0.0,0.0,0.0,0.0,0.0,0.0,0.0,11.90708940980495,18.099910367598238,30.519969211745977,42.387540802936876
118,-830.589803030486,0.3291623022895396,0.23354901213053275,0.1888878869962836,0.24840079858364414,5.228881273260134,0.05767639356453109,1.0482403925964314,0.0,0.04978397154684877,0.20177405205254495,0.15199008050569618,0.15199008050569618,0.5728506558146994,0,5.618964156444793,7.525110992441544,0.15938474321556675,0,1.206496228620449,0.9956271675528966,0.0,0,0.0,0.0,0.0,0.0,0.0,0.0,0.0,0.0,0.0,0.0,13.641704225167562,19.899052578364337,32.48622770171486,43.82478773502787
118,-830.2157996688288,0.3103962561833185,0.22265610907190536,0.2148155932040779,0.25213204154069824,5.982622132822257,0.04135305552089633,1.0601213448691267,0.0,0.05509083183172071,0.21900861106867167,0.16391777923695097,0.16391777923695097,0.6339152575338506,0,6.059922615160005,8.115657800091485,0.17637480121022153,0,1.3011782202839806,1.0737608251160191,0.0,0,0.0,0.0,0.0,0.0,0.0,0.0,0.0,0.0,0.0,0.0,14.044372941943282,20.79274546568608,33.61740079809271,44.65620713251607
118,-829.4105220039067,0.3284944861689743,0.22696190175729467,0.19527549087899435,0.24926812119473665,6.060488160769406,0.039838115901433754,1.0616503064686653,0.0,0.05804210011972809,0.22014275993643248,0.16210065981670435,0.16210065981670435,0.6678747011406988,0,5.9927450147773085,8.025691235968477,0.1858233671568264,0,1.2867539386454276,1.0618575913295372,0.0,0,0.0,0.0,0.0,0.0,0.0,0.0,0.0,0.0,0.0,0.0,14.433005901556683,20.914762217085293,33.5526954941212,44.55943225565024
118,-829.3621357759674,0.3300890107247114,0.22744523396420657,0.19412275606581897,0.24834299924526307,6.082731303695452,0.038799075416684044,1.0636490484887235,0.0,0.05687312097638945,0.21687777028459565,0.1600046493082062,0.1600046493082062,0.6544235752443834,0,5.915257011089191,7.921916623406303,0.18208084853494325,0,1.2701158214391073,1.0481274518441588,0.0,0,0.0,0.0,0.0,0.0,0.0,0.0,0.0,0.0,0.0,0.0,14.35869187653007,20.81372025898425,33.4363894567707,44.48287242018355
118,-829.2834907132408,0.3313210722347507,0.22771428380386818,0.19407164324465875,0.24689300071672232,6.0261693639755585,0.036622015077631506,1.0706387059397515,0.0,0.05548414610042625,0.21414936535372525,0.15866521925329902,0.15866521925329902,0.6384410181304558,0,5.8657392435905,7.8556007178139575,0.17763400757268819,0,1.25948343474407,1.0393533729880555,0.0,0,0.0,0.0,0.0,0.0,0.0,0.0,0.0,0.0,0.0,0.0,14.24276020027326,20.742922074709345,33.378188350215424,44.47083964691551
118,-829.1504164944803,0.3324151581602475,0.22681983133328798,0.19326045211767642,0.24750455838878804,5.662755032129274,0.03369162515256501,1.0895655108538467,0.0,0.05332403433448525,0.21166207229290157,0.1583380379584163,0.1583380379584163,0.6135851980079514,0,5.853643586015424,7.839401795157614,0.1707183508174323,0,1.2568862718434533,1.0372101371609768,0.0,0,0.0,0.0,0.0,0.0,0.0,0.0,0.0,0.0,0.0,0.0,14.002460968294617,20.682253102647195,33.384213832579746,44.48606062839355
118,-829.2219698429952,0.32738399501494647,0.23626728526347762,0.19686765890003205,0.23948106082154386,5.093339552510028,0.031539474306288465,1.122207471097721,0.0,0.05360588370732834,0.21535088593027496,0.16174500222294663,0.16174500222294663,0.6168283622846743,0,5.979596608877115,8.008082436371643,0.17162069927458162,0,1.2839307310773993,1.059527818481773,0.0,0,0.0,0.0,0.0,0.0,0.0,0.0,0.0,0.0,0.0,0.0,13.908907992475548,20.700687667731373,33.37789714511449,44.72166743066892
118,-829.111206432365,0.33052501697202674,0.23030765334879155,0.1946177231909523,0.2445496064882294,5.442757075252938,0.03287026190900062,1.1016577144378001,0.0,0.053430445295399046,0.2130338668705799,0.15960342157518087,0.15960342157518087,0.6148096400693481,0,5.900423909856927,7.902051621596871,0.17105902841211973,0,1.2669308784145203,1.0454991669584177,0.0,0,0.0,0.0,0.0,0.0,0.0,0.0,0.0,0.0,0.0,0.0,13.96768876153581,20.689563340526103,33.38261654785634,44.57377478443827
118,-829.064989100755,0.32978688090262265,0.22826317361086737,0.19429493436498835,0.24765501112152163,5.182021670146659,0.03190292277181701,1.1162576582578951,0.0,0.05374844943574584,0.2139401079783829,0.16019165854263706,0.16019165854263706,0.6184688274481217,0,5.922170608224576,7.931175551627286,0.1720771273438806,0,1.2716002994741693,1.0493524756994204,0.0,0,0.0,0.0,0.0,0.0,0.0,0.0,0.0,0.0,0.0,0.0,13.992504078287771,20.708843192139557,33.39896875987447,44.50995704011232
118,-829.0565958768409,0.32877893883162407,0.2281745541819332,0.19420205006457206,0.24884445692187065,5.121834441617044,0.03213763453519412,1.1224639394448876,0.0,0.05487691175084032,0.21497526789329624,0.16009835614245596,0.16009835614245596,0.6314537371927313,0,5.918721285475463,7.926556099391403,0.17568993023467694,0,1.2708596656540858,1.0487412884159535,0.0,0,0.0,0.0,0.0,0.0,0.0,0.0,0.0,0.0,0.0,0.0,14.12552298756905,20.715328783189253,33.34851323507113,44.42478189765926
118,-829.0561304390134,0.32978659248356695,0.22684086284770225,0.1951200953916938,0.248252449277037,5.063142909728651,0.03268004073488562,1.1295035278440082,0.0,0.055981850528416116,0.2156908230376003,0.1597089725091842,0.1597089725091842,0.6441679679722854,0,5.904326052107728,7.907277505359075,0.17922742187828986,0,1.2677687410130445,1.046190589563792,0.0,0,0.0,0.0,0.0,0.0,0.0,0.0,0.0,0.0,0.0,0.0,14.273268125617223,20.693243501691718,33.27206824114322,44.32683305526687
118,-829.0528874451028,0.3289242973975987,0.22776868930753502,0.1945500781721444,0.2487569351227219,5.09056545590842,0.032599030002959106,1.1294542954877353,0.0,0.05596555837292042,0.21546027511166485,0.1594947167387444,0.1594947167387444,0.6439804985585292,0,5.896405170097488,7.896669586421431,0.1791752620979544,0,1.2660679801598644,1.0447870843801308,0.0,0,0.0,0.0,0.0,0.0,0.0,0.0,0.0,0.0,0.0,0.0,14.271772514434888,20.692450100507404,33.26128909607736,44.320817994889566
118,-829.052246756884,0.32890236628904984,0.22791175820999796,0.19446699111292656,0.24871888438802564,5.097221844302375,0.032554799142245495,1.1311073157679281,0.0,0.055996588805217136,0.21533274946290004,0.1593361606576829,0.1593361606576829,0.6443375573254189,0,5.890543465614493,7.888819389194451,0.17927460687358818,0,1.264809363063347,1.0437484459284614,0.0,0,0.0,0.0,0.0,0.0,0.0,0.0,0.0,0.0,0.0,0.0,14.279733694491721,20.687610794849142,33.250180593652644,44.311933154605285
118,-829.0492787055447,0.3289299040097531,0.22827417425143356,0.1942513116671399,0.24854461007167342,5.112888301391718,0.032428542068031224,1.1440505759285489,0.0,0.05620100160875217,0.21487275444196283,0.15867175283321064,0.15867175283321064,0.6466896800051406,0,5.865980785349111,7.855924198884889,0.17992904004131458,0,1.2595352982571133,1.0393961718972984,0.0,0,0.0,0.0,0.0,0.0,0.0,0.0,0.0,0.0,0.0,0.0,14.323306440828798,20.664801636190592,33.199520750092574,44.267380885461854
118,-829.0437840226365,0.329049778952916,0.22863830145059674,0.1939866474710202,0.24832527212546704,5.129155840512375,0.032290801052988906,1.1739017862991443,0.0,0.05642837307070696,0.21436944743414243,0.1579410743634355,0.1579410743634355,0.6493059817393599,0,5.838968126905268,7.819747913126298,0.180656975980377,0,1.2537351775177545,1.034609784964456,0.0,0,0.0,0.0,0.0,0.0,0.0,0.0,0.0,0.0,0.0,0.0,14.37354185704535,20.639005137523462,33.14592716786071,44.22111828429015
118,-829.0281503348638,0.3289959216349326,0.22921107095767013,0.19379473617182824,0.24799827123556906,5.1681889756654185,0.03205832230189324,1.2752986445901164,0.0,0.05677891151612546,0.2134500609615517,0.15667114944542623,0.15667114944542623,0.6533395325410931,0,5.792019914417134,7.756873244409159,0.18177923437749255,0,1.2436545221281954,1.0262910068908104,0.0,0,0.0,0.0,0.0,0.0,0.0,0.0,0.0,0.0,0.0,0.0,14.46215668203171,20.590906773945214,33.06159661245488,44.15255690756026
118,-829.001630389516,0.33012026928508503,0.2301400760161502,0.19216858418087954,0.24757107051788524,5.193974420165195,0.03195767196688196,1.530667108555007,0.0,0.05740020216335527,0.21317721196908104,0.15577700980572576,0.15577700980572576,0.6604885554827886,0,5.758964213876563,7.71260390782416,0.1837683133359234,0,1.2365568477301727,1.0204338502006514,0.0,0,0.0,0.0,0.0,0.0,0.0,0.0,0.0,0.0,0.0,0.0,14.59126396189165,20.56024644677538,33.02650449016563,44.136311699207255
118,-828.9777336043809,0.32793010279783347,0.22996769238668213,0.19441803439776623,0.24768417041771817,5.30316110190409,0.0321167684713332,1.979547718246712,0.0,0.05728240586401147,0.21232117864897426,0.1550387727849628,0.1550387727849628,0.6591331054205504,0,5.731672121229293,7.676053394122956,0.18339118526961418,0,1.230696727264317,1.0155979501766539,0.0,0,0.0,0.0,0.0,0.0,0.0,0.0,0.0,0.0,0.0,0.0,14.663388438559158,20.496210364740094,33.05181909167063,44.194883520537935
118,-828.9524418007957,0.32946874590260355,0.22870904526521454,0.1934346545453137,0.24838755428686815,5.251140132396794,0.032711764742318156,2.0259908058772274,0.0,0.05707118739169841,0.2137166161521613,0.15664542876046292,0.15664542876046292,0.6567026717563569,0,5.7910690391599635,7.755599799402047,0.18271496356760872,0,1.2434503515053328,1.0261225208117695,0.0,0,0.0,0.0,0.0,0.0,0.0,0.0,0.0,0.0,0.0,0.0,14.601037426325428,20.55842731241144,33.19286367693373,44.306140204327136
118,-828.9431463935538,0.32943267720021874,0.22771396286106865,0.19417827688623882,0.24867508305247382,5.201198227605001,0.033315493383553635,1.9908843216078933,0.0,0.05655187053333074,0.21509701811212667,0.15854514757879595,0.15854514757879595,0.6507270335409204,0,5.861300279988453,7.849655904345357,0.18105235647647788,0,1.258530306605904,1.0385668307295668,0.0,0,0.0,0.0,0.0,0.0,0.0,0.0,0.0,0.0,0.0,0.0,14.479945076848514,20.620533322018066,33.33075867984236,44.43063579821368
118,-828.9427609433628,0.32932884210129093,0.22787781291694253,0.19431808834413192,0.24847525663763456,5.200444292187263,0.03334722837024666,2.0258619470728054,0.0,0.056369188335305104,0.21514367404345056,0.15877448570814545,0.15877448570814545,0.6486249590439876,0,5.869778745979348,7.861010559020267,0.18046749443518872,0,1.2603507911218568,1.040069134507395,0.0,0,0.0,0.0,0.0,0.0,0.0,0.0,0.0,0.0,0.0,0.0,14.455844851627704,20.622762512318538,33.35489019969345,44.46428670079653
118,-828.9425798302769,0.3291049402112818,0.2279838452914334,0.1943102805677361,0.24860093392954868,5.189756111026215,0.033345021473455715,2.025148790754829,0.0,0.05625806932405378,0.2150658021096871,0.15880773278563334,0.15880773278563334,0.6473463427244981,0,5.871007866564648,7.862656639787105,0.18011174388889103,0,1.2606147061975534,1.0402869230201621,0.0,0,0.0,0.0,0.0,0.0,0.0,0.0,0.0,0.0,0.0,0.0,14.439979653988068,20.62043411982646,33.35578635928864,44.46682287444528
118,-828.942504716285,0.3290795374257657,0.2280236925894167,0.19431145457915824,0.2485853154056594,5.17937875290491,0.033323574471709534,2.023371987006117,0.0,0.05617507692307906,0.21493127694406927,0.15875620002099022,0.15875620002099022,0.6463913716796256,0,5.8691027372532565,7.860105224771096,0.17984604145280172,0,1.2602056394611885,1.039949352171281,0.0,0,0.0,0.0,0.0,0.0,0.0,0.0,0.0,0.0,0.0,0.0,14.430769123712679,20.614674052279575,33.34993633078327,44.46340038928928
118,-828.9424921622309,0.3291468379711837,0.22790271813391197,0.19435765542195726,0.24859278847294708,5.174330094288297,0.03329509636210913,2.028261811028318,0.0,0.05616559581498736,0.2148424299338571,0.15867683411886974,0.15867683411886974,0.6462822751407311,0,5.866168636831866,7.856175776082834,0.17981568742656312,0,1.259575633468226,1.0394294573987697,0.0,0,0.0,0.0,0.0,0.0,0.0,0.0,0.0,0.0,0.0,0.0,14.43326935648092,20.609925987767724,33.344598099931105,44.45716687631352
118,-828.9424809435083,0.3291408064075383,0.2279611564632483,0.19429714345754334,0.2486008936716701,5.173454464431629,0.03329351916491488,2.0251014824182874,0.0,0.0561764647833913,0.21486460985905842,0.15868814507566711,0.15868814507566711,0.646407341411757,0,5.8665867947840695,7.856735787664167,0.1798504847254578,0,1.2596654197665997,1.0395035510227812,0.0,0,0.0,0.0,0.0,0.0,0.0,0.0,0.0,0.0,0.0,0.0,14.433442344641122,20.611018622318756,33.34436314034916,44.45703075247004
118,-828.942479423037,0.3291437123698518,0.22796661300832088,0.19429575466076904,0.24859391996105829,5.173504123907406,0.033289275394058356,2.0243850242323185,0.0,0.05618274790877677,0.21487641081987963,0.15869366291110287,0.15869366291110287,0.6464796396311597,0,5.866790785198652,7.857008978677383,0.1798706003228085,0,1.25970922030688,1.0395396961899372,0.0,0,0.0,0.0,0.0,0.0,0.0,0.0,0.0,0.0,0.0,0.0,14.433956966778503,20.611501163510738,33.344545381399534,44.45719954346125
