-6.664456994216326757e-01
-7.270991048410228030e-01
-5.533413853096427193e-01
6.056788117565390372e-01
-2.264488444938884903e+00
-1.810826744372502128e+00
-1.785216080444028686e+00
-5.289516776340680293e-01
-4.780603849759272328e-01
-2.553781705062300664e-02
-3.701652986884050200e+00
-2.134881904710012268e+00
-1.174620207979176767e+00
-1.369485652657238095e+00
-2.160852639523446417e+00
-1.486342356075172733e+00
-2.331605843549351409e+00
-1.163041610276289273e+00
-9.811474644713645832e-01
-8.582815157645601323e-01
