134,-1079.1334176790963,0.2930348258706468,0.19999999999999998,0.22089552238805976,0.28606965174129345,1.2,0.9,0.0,0.14399999999999996,0.84,0.21600000000000003,0.21600000000000003,0.612886936060872,0,7.22437272286192,6.186046369849675,0.04458991961506771,0,0.39801688640535293,0.1718001979336229,0.0,0,0.0,0.0,0.0,0.0,0.0,0.0,0.0,0.0,0.0,0.0,5.1916576604305895,27.396980025450233,44.21631695179211,31.679467581254436
134,-986.6674617562621,0.23350401239041604,0.24458145922901675,0.17485180762635902,0.34706272075420824,1.5170177876244009,0.6428482284291126,0.0,0.05635042258196821,0.3557765898836975,0.08513159313745841,0.08513159313745841,0.23983637390276302,0,2.8473257375742294,2.4380925124421022,0.017449033425035135,0,0.15686949831156713,0.06771122477509262,0.0,0,0.0,0.0,0.0,0.0,0.0,0.0,0.0,0.0,0.0,0.0,3.8121415342113467,15.944571873431055,42.78863078487566,29.322542757245937
134,-938.6973578576315,0.3095019093054814,0.20031438804971688,0.19807244231890797,0.29211126032589374,2.0010078621739926,0.43299332354091913,0.0,0.027503833250104536,0.220989894470918,0.07975208820812944,0.07975208820812944,0.11706069507351187,0,2.6674019011207784,2.284028313647362,0.008516623012002695,0,0.14695684181909602,0.06343252101748328,0.0,0,0.0,0.0,0.0,0.0,0.0,0.0,0.0,0.0,0.0,0.0,3.186867782678689,14.417262551124013,43.303409091150655,29.04365708804645
134,-888.1600228642708,0.3199551298458464,0.19212753961763307,0.1864055246728793,0.30151180586364124,3.682866269532999,0.1812320651884798,0.0,3.059023205018258e-07,0.08775788752316922,0.08595393020658663,0.08595393020658663,1.3019689996269093e-06,0,2.874829762996489,2.461643508929479,9.472333250860482e-08,0,0.15838479479226214,0.0683652880678907,0.0,0,0.0,0.0,0.0,0.0,0.0,0.0,0.0,0.0,0.0,0.0,0.00016108510059610728,13.634775414759513,46.0453012091575,31.441448184677373
134,-881.0041077789069,0.2866545742907556,0.19366384224530062,0.20328266815658017,0.3163989153073636,5.116494602401355,0.11223653491535932,0.0,0.018423191953323,0.09160673334350128,0.07318354139017826,0.07318354139017826,0.0784120393662045,0,2.447709167507593,2.095911021062294,0.005704782279525243,0,0.13485317259368526,0.05820808748294494,0.0,0,0.0,0.0,0.0,0.0,0.0,0.0,0.0,0.0,0.0,0.0,3.5898690357135465,13.077595497908597,44.19593491519271,29.733369270098628
134,-870.9972450883828,0.2959746224070805,0.19130300619877777,0.19766409403051385,0.3150582773636279,6.1528628833511085,0.08524552231382895,0.0,0.018325226969228003,0.1060854423132314,0.08776021534400343,0.08776021534400343,0.07799508479020982,0,2.9352430827949374,2.5133738960462875,0.005674447204762137,0,0.16171318361797923,0.06980195540183869,0.0,0,0.0,0.0,0.0,0.0,0.0,0.0,0.0,0.0,0.0,0.0,3.3737878724826826,13.620955192810456,44.84114756203177,30.57783103738605
134,-863.2168714025473,0.2558284159712882,0.19738234506951285,0.2551846776166891,0.29160456134250984,10.344751551203313,0.03797703465803148,0.0,3.059023205018258e-07,0.1713924626944024,0.1713924626944024,0.1713924626944024,1.3019689996269093e-06,0,5.732421446266526,4.908526489214369,9.472333250860482e-08,0,0.31581988127301686,0.13632064358902504,0.0,0,0.0,0.0,0.0,0.0,0.0,0.0,0.0,0.0,0.0,0.0,5.168283382265033e-05,17.153270779122757,51.00364156100645,37.38724993214112
134,-857.2549985683487,0.3060388473516345,0.2019162573635062,0.17938631517956882,0.31265858010529046,11.093677260174314,0.03396402222198051,0.0,3.059023205018258e-07,0.14195020236484937,0.14195020236484937,0.14195020236484937,1.3019689996269093e-06,0,4.747690601709941,4.065326546474552,9.472333250860482e-08,0,0.26156748874938474,0.11290311510647659,0.0,0,0.0,0.0,0.0,0.0,0.0,0.0,0.0,0.0,0.0,0.0,6.190049205814788e-05,15.8023154394266,49.60982261650139,35.73829292937238
134,-856.8394467418038,0.2959389176360243,0.1961693602100277,0.20152004398272502,0.30637167817122307,11.06574206257648,0.03390508853603824,0.0,0.0013074074833478305,0.1439122594143189,0.14260485193097108,0.14260485193097108,0.005564534490639636,0,4.769586122397548,4.084075123196916,0.0004048416290737344,0,0.2627737923697291,0.11342380457423988,0.0,0,0.0,0.0,0.0,0.0,0.0,0.0,0.0,0.0,0.0,0.0,0.2566759467984388,15.894986616175341,49.43758120702856,35.589508824078976
134,-856.639621583907,0.29817176936127077,0.19537468670674282,0.20088214405834856,0.3055713998736379,11.330376760359375,0.032581847694555056,0.0,3.059023205018258e-07,0.1450602311779004,0.1450602311779004,0.1450602311779004,1.3019689996269093e-06,0,4.851709154137351,4.154394983738913,9.472333250860482e-08,0,0.2672982479382806,0.11537674272527955,0.0,0,0.0,0.0,0.0,0.0,0.0,0.0,0.0,0.0,0.0,0.0,6.088853464169924e-05,15.981704840594176,49.77528382057917,35.9258783137839
134,-856.7339859190201,0.30592448678871287,0.19489060041318776,0.19233463426359718,0.30685027853450214,11.835492923597325,0.030346104722294157,0.0,0.00047207220850049506,0.14484582078609234,0.14437374857759186,0.14437374857759186,0.0020092145101899836,0,4.828748940376294,4.134734737453711,0.00014617820714961502,0,0.2660332865163072,0.11483073417615457,0.0,0,0.0,0.0,0.0,0.0,0.0,0.0,0.0,0.0,0.0,0.0,0.09314183100158317,15.976615186123622,49.80515409317774,35.95612900139032
134,-856.6325078162714,0.30010890525632755,0.1952525403722207,0.19874437745358273,0.3058941769178689,11.455737736768125,0.03200273471337567,0.0,0.0001193723091704714,0.14500610953948348,0.144886737230313,0.144886737230313,0.0005080675612361207,0,4.845906446070074,4.1494262726062106,3.6963900487335636e-05,0,0.26697855571222084,0.11523875062094714,0.0,0,0.0,0.0,0.0,0.0,0.0,0.0,0.0,0.0,0.0,0.0,0.02370627561298363,15.980306541594524,49.78228055966729,35.93303349254728
134,-856.6199886842941,0.30273554567285005,0.19499766585019943,0.19587913946093785,0.3063876490160127,11.761629696158673,0.030650313516538474,0.0,3.059023205018258e-07,0.14481618412742128,0.14481618412742128,0.14481618412742128,1.3019689996269093e-06,0,4.843546714995794,4.147405694985724,9.472333250860482e-08,0,0.2668485495717616,0.11518263470871737,0.0,0,0.0,0.0,0.0,0.0,0.0,0.0,0.0,0.0,0.0,0.0,6.0892525750977265e-05,15.990117986018868,49.8511720673789,36.00148872430415
134,-856.611934383485,0.3011923531583015,0.19491658415686416,0.19786914280746715,0.3060219198773672,11.67932241225034,0.030991776311083463,0.0,2.3996139916344632e-05,0.1447899550747866,0.14476595893487024,0.14476595893487024,0.00010213139354594761,0,4.841866874666784,4.145967290494727,7.4304579857064236e-06,0,0.2667560010775103,0.1151426870326918,0.0,0,0.0,0.0,0.0,0.0,0.0,0.0,0.0,0.0,0.0,0.0,0.0047786773281014204,15.988291148253495,49.82407670979692,35.97452371979331
134,-856.6074340114544,0.30054091765756574,0.194807575386135,0.19876820715330668,0.3058832998029926,11.696613125901875,0.03090111961252462,0.0,3.059023205018258e-07,0.14461093814461054,0.14461093814461054,0.14461093814461054,1.3019689996269093e-06,0,4.8366820229601695,4.141527634027888,9.472333250860482e-08,0,0.2664703487984952,0.11501938794727308,0.0,0,0.0,0.0,0.0,0.0,0.0,0.0,0.0,0.0,0.0,0.0,6.103832186023307e-05,15.986082009564814,49.815640197310984,35.96537550874743
134,-856.6070764251933,0.3004714480528498,0.1946503974367573,0.19891601979633186,0.3059621347140611,11.815987464155278,0.030374193058061976,0.0,1.1504520988908218e-05,0.1441979308445521,0.14418642632356318,0.14418642632356318,4.896507374819411e-05,0,4.822483728420786,4.12936999602072,3.5624004590644224e-06,0,0.26568811327416403,0.11468174343393467,0.0,0,0.0,0.0,0.0,0.0,0.0,0.0,0.0,0.0,0.0,0.0,0.002301959025924373,15.979766279205382,49.804794383058436,35.95339844557288
134,-856.6054293423382,0.30069932328792004,0.1946910781641438,0.1985392886281002,0.30607030991983597,11.833393829376453,0.03029483241572891,0.0,3.059023205018258e-07,0.1440009073423824,0.1440009073423824,0.1440009073423824,1.3019689996269093e-06,0,4.816278829035529,4.124056898705574,9.472333250860482e-08,0,0.2653462628701887,0.11453418696316012,0.0,0,0.0,0.0,0.0,0.0,0.0,0.0,0.0,0.0,0.0,0.0,6.130404764249282e-05,15.972994089242816,49.79874528243607,35.94584250323235
134,-856.6055493770252,0.3007024925425779,0.19473505557220608,0.1984847866427711,0.30607766524244495,11.805968727233155,0.030411557333576367,0.0,2.05515713934791e-06,0.14402408043354625,0.1440220252764069,0.1440220252764069,8.747076126795608e-06,0,4.816985143047241,4.124661697405162,6.363839697212212e-07,0,0.2653851762699468,0.11455098356151826,0.0,0,0.0,0.0,0.0,0.0,0.0,0.0,0.0,0.0,0.0,0.0,0.0004117874890318707,15.971711881248432,49.796206629787214,35.943100977919144
134,-856.6054242665684,0.30070001877027064,0.19470072839948552,0.19852732785102592,0.3060719249792179,11.827370006397254,0.030320408984544512,0.0,4.509450957561878e-07,0.1440059923014182,0.14400554135632243,0.14400554135632243,1.9192941532617123e-06,0,4.816433819053611,4.12418961271072,1.396361497956766e-07,0,0.2653548018322256,0.11453787272479032,0.0,0,0.0,0.0,0.0,0.0,0.0,0.0,0.0,0.0,0.0,0.0,9.036814155269848e-05,15.97271998819372,49.79821323270606,35.94526471291573
134,-856.6056574770056,0.3006723044933462,0.19485943406274925,0.19837229156101274,0.30609596988289184,11.737408614634253,0.0307045505841694,0.0,3.059023205018258e-07,0.144048034592398,0.144048034592398,0.144048034592398,1.3019689996269093e-06,0,4.817855055051807,4.125406580899463,9.472333250860482e-08,0,0.2654331028762816,0.11457167062464506,0.0,0,0.0,0.0,0.0,0.0,0.0,0.0,0.0,0.0,0.0,0.0,6.128758220237446e-05,15.967466254998799,49.78858816471184,35.93470992960427
134,-856.6053353230621,0.30069049773650025,0.1947552401777657,0.1984740606407122,0.3060802014450219,11.796387891496401,0.03045182900914861,0.0,2.9606079416870444e-07,0.1440204337971358,0.14402013773634165,0.14402013773634165,1.2600818960125403e-06,0,4.816922012061311,4.124607639949751,9.167588203580307e-08,0,0.2653816981550406,0.1145494822663478,0.0,0,0.0,0.0,0.0,0.0,0.0,0.0,0.0,0.0,0.0,0.0,5.932510301210957e-05,15.97092443668648,49.794927465909424,35.941660896481835
134,-856.5786122000703,0.2960631628644963,0.19484728380752972,0.197239551408476,0.311850001919498,11.369688190025535,0.02937793904785315,0.0,3.059023205018258e-07,0.14502547360681228,0.14502547360681228,0.14502547360681228,1.3019689996269093e-06,0,4.8505466465054905,4.153399558060884,9.472333250860482e-08,0,0.2672342011779866,0.1153490975512396,0.0,0,0.0,0.0,0.0,0.0,0.0,0.0,0.0,0.0,0.0,0.0,6.061076900448056e-05,15.996115717393419,49.84974384507082,36.03129680727256
134,-856.5708471782211,0.29732761009425296,0.1946785281563786,0.19757909205165342,0.31041476969771503,11.445951233935366,0.029566784331438032,0.0,1.4565985149726971e-08,0.14491950321938643,0.1449194886534013,0.1449194886534013,6.199515284114116e-08,0,4.8470018557348595,4.150364244003908,4.510389631531915e-09,0,0.26703890580223444,0.11526480016247109,0.0,0,0.0,0.0,0.0,0.0,0.0,0.0,0.0,0.0,0.0,0.0,2.891057624921821e-06,15.994563123290876,49.84600493908185,36.019865707310025
134,-856.5661613718265,0.2982329828187545,0.19444823849650616,0.1978737249281326,0.30944505375660686,11.47285298357704,0.029651662689710995,0.0,3.059023205018258e-07,0.14493080909557093,0.14493080909557093,0.14493080909557093,1.3019689996269093e-06,0,4.847380481168291,4.150688451319596,9.472333250860482e-08,0,0.2670597656501284,0.11527380411712591,0.0,0,0.0,0.0,0.0,0.0,0.0,0.0,0.0,0.0,0.0,0.0,6.075076050646405e-05,15.995901157679867,49.84852014715726,36.017732224487325
134,-856.5593401769036,0.2992210586729524,0.19403037053113856,0.1981602728077485,0.3085882979881605,11.459853421170234,0.029610777191105022,0.0,8.700437035294317e-07,0.1450461166183841,0.14504524657468057,0.14504524657468057,3.7030445812167165e-06,0,4.851207976550479,4.153965838135433,2.6941096390259145e-07,0,0.26727063624792147,0.11536482440213545,0.0,0,0.0,0.0,0.0,0.0,0.0,0.0,0.0,0.0,0.0,0.0,0.0001727486441751315,16.000156532275486,49.85890911699623,36.02457397663274
134,-856.5453462699488,0.3005216769185446,0.19318761062059436,0.1984824438344115,0.30780826862644955,11.317596156379253,0.02944728242553379,0.0,1.621591792597467e-06,0.1453456762070517,0.14534405461525907,0.14534405461525907,6.901752953517492e-06,0,4.861201961076994,4.162523432555353,5.021294977803793e-07,0,0.2678212410902545,0.11560248773785556,0.0,0,0.0,0.0,0.0,0.0,0.0,0.0,0.0,0.0,0.0,0.0,0.0003214991865777211,16.006314159137077,49.878943771744126,36.041656195573864
134,-856.6159045955392,0.2961427918806253,0.191465124331299,0.2070738857692038,0.30531819801887183,10.565319769730316,0.029410533460786325,0.0,3.059023205018258e-07,0.14391660934778622,0.14391660934778622,0.14391660934778622,1.3019689996269093e-06,0,4.813459383976489,4.121642679708086,9.472333250860482e-08,0,0.26519092941954336,0.11446713875872941,0.0,0,0.0,0.0,0.0,0.0,0.0,0.0,0.0,0.0,0.0,0.0,6.155489886937902e-05,15.947817576998908,49.714560545751816,35.859608597402314
134,-856.5370397084043,0.2994492617993126,0.1927691942733412,0.20057757656159364,0.3072039673657526,11.129583516421148,0.029438327907556728,0.0,1.2237028615920313e-06,0.1449963220369808,0.1449950983341192,0.1449950983341192,5.2082742881254274e-06,0,4.849530709970798,4.152529637480438,3.7892230716053483e-07,0,0.26717822955085224,0.11532493793151292,0.0,0,0.0,0.0,0.0,0.0,0.0,0.0,0.0,0.0,0.0,0.0,0.00024348004469008753,15.991845758388902,49.838393284436606,35.996837845782146
134,-859.6360459571833,0.3303956585914787,0.18251228476953973,0.18535931508258408,0.3017327415563975,5.672504296120675,0.016893531845833847,0.0,3.059023205018258e-07,0.12953609368821897,0.12953609368821897,0.12953609368821897,1.3019689996269093e-06,0,4.332486212348404,3.709797602428307,9.472333250860482e-08,0,0.23869237355044906,0.1030292895147423,0.0,0,0.0,0.0,0.0,0.0,0.0,0.0,0.0,0.0,0.0,0.0,7.046295820977152e-05,15.211437924265063,48.864180188760855,34.78953451131501
134,-856.4756826748526,0.3030975244662146,0.19149629563170956,0.19883977190659757,0.3065664079954783,10.243241029493758,0.027492508536614436,0.0,1.0582312771229372e-06,0.1429972330313213,0.14299617480004417,0.14299617480004417,4.504000868608755e-06,0,4.782674373606639,4.0952822593713085,3.2768366375737655e-07,0,0.26349487158235724,0.11373505154814133,0.0,0,0.0,0.0,0.0,0.0,0.0,0.0,0.0,0.0,0.0,0.0,0.00021407128516911424,15.893696096839133,49.714269501522594,35.846472670761976
134,-933.9841647501098,0.25762842549162907,0.1744611109188712,0.2066068682732362,0.36130359531626355,2.66535032591832,0.005716317792688028,0.0,3.059023205018258e-07,0.4333228299028184,0.4333228299028184,0.4333228299028184,1.3019689996269093e-06,0,14.492989039552114,12.409977402283879,9.472333250860482e-08,0,0.7984713128068338,0.344652536789175,0.0,0,0.0,0.0,0.0,0.0,0.0,0.0,0.0,0.0,0.0,0.0,3.188348601034103e-05,32.02885732820884,77.68932334584181,66.79018421487945
134,-856.4693608162635,0.3026585760125127,0.1913469500815222,0.19892937574461342,0.30706509816135164,10.12101462573346,0.027110181603045243,0.0,1.0592147163745128e-06,0.14441782369048134,0.14441676447576499,0.14441676447576499,4.508186542703895e-06,0,4.830187657419865,4.135966674216395,3.2798818790441864e-07,0,0.2661125506545331,0.11486494778643436,0.0,0,0.0,0.0,0.0,0.0,0.0,0.0,0.0,0.0,0.0,0.0,0.00021186180615257203,15.943717869818983,49.79826357953265,35.94496872873321
134,-856.44056734013,0.3007483043559176,0.1950587825680856,0.19850011084737354,0.3056928022286232,9.921615135168974,0.02608943550617517,0.0,3.059023205018258e-07,0.1446732435696051,0.1446732435696051,0.1446732435696051,1.3019689996269093e-06,0,4.838765900797285,4.143312005546913,9.472333250860482e-08,0,0.2665851571839697,0.11506894389332124,0.0,0,0.0,0.0,0.0,0.0,0.0,0.0,0.0,0.0,0.0,0.0,6.105298537179228e-05,15.968238025254701,49.779693620306816,35.93179832559527
134,-856.4604324176519,0.29855668765660376,0.1966302241304859,0.1976890703214969,0.3071240178914134,9.681221175398429,0.025989166109902945,0.0,0.00014974269156004262,0.1442703803115523,0.14412063761999228,0.14412063761999228,0.0006373287460259912,0,4.8202833482562015,4.127485866525804,4.6368156802820694e-05,0,0.26556688635307174,0.11462941698812319,0.0,0,0.0,0.0,0.0,0.0,0.0,0.0,0.0,0.0,0.0,0.0,0.02986798719255835,15.942604430866531,49.69951595161071,35.857045504199895
134,-856.4418418876153,0.3004562493067615,0.1952676142812229,0.19839225347557002,0.3058838829364456,9.88934094817563,0.026076093624650017,0.0,1.994872670130591e-05,0.14461966310725313,0.14459971438055183,0.14459971438055183,8.490495823804924e-05,0,4.836306631039274,4.141206195486632,6.177167500237401e-06,0,0.2664496670965304,0.11501046088761176,0.0,0,0.0,0.0,0.0,0.0,0.0,0.0,0.0,0.0,0.0,0.0,0.003981126257597766,15.964844025504924,49.76904575537573,35.92188174088209
134,-856.4407376701713,0.30069763561007484,0.195095000168136,0.19848140350917787,0.3057259607126112,9.916010581827813,0.026087121257869845,0.0,3.460779912249626e-06,0.14466395018291603,0.14466048940300377,0.14466048940300377,1.4729630533331162e-05,0,4.83833932277276,4.142946737648744,1.0716381811989718e-06,0,0.2665616554539727,0.11505879959542038,0.0,0,0.0,0.0,0.0,0.0,0.0,0.0,0.0,0.0,0.0,0.0,0.0006907087260566728,15.967656695482683,49.77787222161274,35.93010259175012
134,-856.4405788575141,0.3007384603563649,0.19506581856056102,0.19849647651807628,0.3056992445649978,9.92052610022739,0.026088985905011564,0.0,6.723611285564082e-07,0.14467143811239838,0.14467076575126986,0.14467076575126986,2.8616760556067167e-06,0,4.838683027263984,4.143241043050998,2.0819811579601707e-07,0,0.266580591380549,0.11506697310776366,0.0,0,0.0,0.0,0.0,0.0,0.0,0.0,0.0,0.0,0.0,0.0,0.00013419263643171044,15.968132089647051,49.779364801421806,35.931492541855874
134,-856.4405533446072,0.30074521914561686,0.19506098769857366,0.19849897181965817,0.3056948213361513,9.921273811435666,0.026089294597314572,0.0,2.107246392040941e-07,0.1446726777247557,0.1446724670001165,0.1446724670001165,8.968776282939581e-07,0,4.838739927522142,4.143289765292905,6.525135224322711e-08,0,0.2665837262220719,0.11506832623224786,0.0,0,0.0,0.0,0.0,0.0,0.0,0.0,0.0,0.0,0.0,0.0,4.20573840363006e-05,15.968210785650855,49.77961190144626,35.93172264519729
134,-856.437921678802,0.30019432452570377,0.19507338911962474,0.19829443151111514,0.3064378548435563,9.891291845263916,0.02603222568880188,0.0,8.116278691853039e-08,0.1444521714571672,0.1444520902943803,0.1444520902943803,3.454417485879134e-07,0,4.8313691707551305,4.136978373994206,2.5132237114112086e-08,0,0.26617764450793585,0.1148930449282412,0.0,0,0.0,0.0,0.0,0.0,0.0,0.0,0.0,0.0,0.0,0.0,1.6218912179265166e-05,15.958159408589614,49.7653774582669,35.91875684825152
134,-856.437027701779,0.29966565271099493,0.1949919643925069,0.1981439264775382,0.30719845641896004,9.871111274216446,0.02593790734911382,0.0,3.059023205018258e-07,0.1442538663313571,0.1442538663313571,0.1442538663313571,1.3019689996269093e-06,0,4.824739338387156,4.131301417388295,9.472333250860482e-08,0,0.2658123830052811,0.11473538327971076,0.0,0,0.0,0.0,0.0,0.0,0.0,0.0,0.0,0.0,0.0,0.0,6.119400985477624e-05,15.949558405641204,49.75448704014522,35.90945098988569
134,-856.4370054532841,0.29964975881290923,0.19499535902965826,0.1981386177742869,0.30721626438314564,9.870249012590344,0.02593069530199958,0.0,4.724870662122918e-08,0.14424686277246843,0.1442468155237618,0.1442468155237618,2.01098021068918e-07,0,4.824503515877593,4.131099488579363,1.4630666876086993e-08,0,0.26579939068821756,0.11472977526980123,0.0,0,0.0,0.0,0.0,0.0,0.0,0.0,0.0,0.0,0.0,0.0,9.45228334032473e-06,15.949326729189423,49.75412070097224,35.90912145877048
134,-856.43699940393,0.29963554389526487,0.19499960799074342,0.1981339286046276,0.30723091950936415,9.869623910763538,0.02592213207202663,0.0,9.257096175154015e-09,0.14424013159600463,0.14424012233890846,0.14424012233890846,3.939967577507613e-08,0,4.824279654479057,4.130907801765174,2.8664803772157525e-09,0,0.26578705735212743,0.1147244517027521,0.0,0,0.0,0.0,0.0,0.0,0.0,0.0,0.0,0.0,0.0,0.0,1.8519927937208795e-06,15.949130317647139,49.75378511084703,35.90881985878541
134,-856.4374591010951,0.29980307980952275,0.19491167057252942,0.19828554878800708,0.30699970082994066,9.950516093602422,0.02561483558877678,0.0,3.059023205018258e-07,0.14427406096042505,0.14427406096042505,0.14427406096042505,1.3019689996269093e-06,0,4.825414771384318,4.131879773461611,9.472333250860482e-08,0,0.26584959505798356,0.11475144550781759,0.0,0,0.0,0.0,0.0,0.0,0.0,0.0,0.0,0.0,0.0,0.0,6.118363185029078e-05,15.9575111980594,49.76735837495836,35.9231020508667
134,-856.4369753648682,0.2996642347351881,0.19498455346736115,0.19815989198871664,0.3071913198087341,9.883433235239977,0.02586923434270822,0.0,7.67174294866712e-09,0.1442459428430074,0.14424593517126447,0.14424593517126447,3.2652159930938834e-08,0,4.824474071458296,4.131074276073019,2.3755722318647882e-09,0,0.2657977684884031,0.11472907506270263,0.0,0,0.0,0.0,0.0,0.0,0.0,0.0,0.0,0.0,0.0,0.0,1.5347576288352797e-06,15.950570064753197,49.756119620495056,35.91127659016979
134,-856.436999129329,0.2996667297254404,0.194965244903038,0.19817180183233798,0.3071962235391835,9.883745753967567,0.025863428667414947,0.0,3.059023205018258e-07,0.14424321271572013,0.14424321271572013,0.14424321271572013,1.3019689996269093e-06,0,4.824383015747306,4.130996307386735,9.472333250860482e-08,0,0.2657927518991478,0.11472690969973327,0.0,0,0.0,0.0,0.0,0.0,0.0,0.0,0.0,0.0,0.0,0.0,6.119773005117035e-05,15.950497034847132,49.75617795780678,35.91132858266741
134,-856.4369753245651,0.299664275831052,0.19498423541501153,0.1981600881575445,0.307191400596392,9.883438382787133,0.025869138704437047,0.0,7.545376098597194e-09,0.14424589787351583,0.14424589032813975,0.14424589032813975,3.211432248955675e-08,0,4.824472571627522,4.131072991806126,2.3364424562632096e-09,0,0.2657976858572879,0.11472903939576884,0.0,0,0.0,0.0,0.0,0.0,0.0,0.0,0.0,0.0,0.0,0.0,1.50947809596778e-06,15.950569005524034,49.75612109480875,35.911277931659356
134,-856.4369743255718,0.29966550277573445,0.19497473996678266,0.19816594494705445,0.30719381231042847,9.883592067182478,0.025866283528363156,0.0,3.77265298261739e-09,0.14424455528836982,0.14424455151571683,0.14424455151571683,1.60570119953978e-08,0,4.824427793479609,4.131034649418493,1.168210369655937e-09,0,0.26579521886676916,0.11472797454280932,0.0,0,0.0,0.0,0.0,0.0,0.0,0.0,0.0,0.0,0.0,0.0,7.547405583970534e-07,15.950537382936705,49.75616510980751,35.911317981868294
