-6.534297526326192651e-01
-8.609482245980888404e-01
-5.258740147388244468e-01
5.434461819427625073e-01
-2.115632238994903602e+00
-2.231435513142096816e-01
3.364722366212128390e-01
-2.557026340400954112e+00
-2.360441099128271492e-01
-5.372559097816028695e-01
-1.921911974062033179e+00
-3.300608804787285244e+00
-3.993670211325591968e+00
-2.278696689132632403e-01
-6.641462138891692790e-01
-9.523942601291783827e-01
-1.141749767801556903e+00
-2.492096511284251914e+00
-1.133602007403269774e+00
-1.790357349073465221e+00
-1.200961893084666610e+00
-1.038638681588557100e+00
-1.063235283079587479e+00
