-6.418409436397937151e-01
-8.376736541690360527e-01
-5.906398304490976248e-01
5.314837954438624834e-01
-2.380260839314606081e+00
-1.790103255596132925e+00
3.364722366212128390e-01
-6.824506283518935179e-01
-5.785800463292848361e-01
-6.232136236338585711e-01
-1.169261880504060658e+00
-3.080429100756352234e+00
-3.405610567280286549e+00
-7.119661861842537798e-01
-4.558309354322680473e-01
-1.558931054677044292e+00
-1.346131056234337819e+00
-3.605848661402102362e+00
-1.301256584206714972e+00
-2.180671371966703465e+00
-1.230951521734666709e+00
-1.071540924918834570e+00
-8.665648102970443523e-01
