-6.592301612310138559e-01
-8.180797126112618889e-01
-5.848887323368681113e-01
6.886141392022926411e-01
-3.556916601820637069e+00
-3.119217207735036190e+00
3.364722366212128390e-01
-1.303158099416731108e+00
-4.461613592795523053e-01
-8.412183614085453343e-01
-1.924131465774724381e+00
-1.955513347977915428e+00
-4.700200610755431718e+00
-6.320999600995804713e-01
1.596338160601549205e+00
-1.283975862997479567e+00
-1.502869033556444078e+00
-6.146829443444051577e+00
-1.533904466434707237e+00
-1.954146594279509985e+00
-2.088885511190329947e+00
-1.768234148888809809e+00
-1.156517507474787987e+00
