-7.250488323270825042e-01
-8.545386944129222950e-01
-5.510381203185631405e-01
6.114422291536477649e-01
-2.052199446490064361e+00
-2.161100090224092440e+00
-2.234511669017439583e+00
-1.143181182258887540e+00
-9.338571411771962039e-01
-4.780758804454577904e-01
-1.841393238478883365e+00
-2.431277943171666678e+00
-2.092013245225942342e+00
-3.505521341711663741e-01
-6.882028284267284191e-01
-1.518654865641392515e+00
-1.205216379664757032e+00
-2.599177898104962470e+00
-1.087486937826020350e+00
-2.362776859329999812e+00
-1.823939443332947885e+00
-5.437514493260202642e-01
-6.385462931662446717e-01
