-5.592123768081272983e-01
-6.389074591776285894e-01
-6.219970451148026935e-01
4.681313547058538749e-01
-3.283140915506943536e+00
3.364722366212128946e-01
-2.250257406446277919e+00
-8.118515742219269971e-01
-9.639866843649067540e-01
-1.922756013871993241e+00
-1.391301759900468760e+01
-3.030400759962000201e+00
-9.400777368394639399e-01
-7.727172671110540403e-01
-4.989337350929495818e-01
-9.968609354105095743e-01
-2.860335629478325981e+00
-1.474157350107895725e+00
-1.820350735638449402e+00
-3.055750416399823255e+00
-2.197600965361664327e-01
-1.292794673413938389e+00
