-5.802748452211639041e-01
-8.647825161046245324e-01
-5.426161128166506753e-01
5.231886150954609960e-01
-1.847108108669895943e+00
-2.231435513142096816e-01
3.364722366212128390e-01
-2.228374289605558722e+00
-7.598929300847643287e-01
-1.186405023028031414e+00
-1.200653302069344619e+00
-3.259575309238193608e+00
-2.658626541757486361e+00
-5.272790497767312345e-01
-3.042850697876223753e-01
-1.333947383335416292e+00
-1.038568134905474061e+00
-2.423739816748218256e+00
-1.063365901730938923e+00
-1.419377816340222642e+00
-1.554168740700931695e+00
-1.050367013440964614e+00
-9.286497516515140882e-01
