-7.136697233179667421e-01
-7.836248294502972112e-01
-5.216827152691114744e-01
7.615928014199999652e-01
-2.734495244687007443e+00
-1.381551055796427363e+01
-1.959234017033511188e+00
-2.516644481089409524e-01
-1.371915319661361821e+00
-7.938220363703168969e-01
-2.667074859083566896e+00
-3.545855708755003555e+00
-5.745835254734130704e-01
-8.015527640316362223e-01
-1.281273359952567636e+00
-1.492129509098557794e+00
-2.925813980614563548e+00
-1.117953819090222956e+00
-1.848504278673331669e+00
-1.983473684014950722e+00
-4.082543689512493357e-01
-1.122782714046869801e+00
