-6.534225624264616838e-01
-8.610151252984729053e-01
-5.255803829985385978e-01
5.434638430907925422e-01
-2.115659839105155982e+00
-2.231435513142097093e-01
3.364722366212128946e-01
-2.557438177644548727e+00
-2.355603601515988132e-01
-5.371509612544488332e-01
-1.921867511944435059e+00
-3.300821519794848946e+00
-3.994165276819124699e+00
-2.278623021611143051e-01
-6.643339002210346678e-01
-9.522507178391675930e-01
-1.141750147379420266e+00
-2.492042236288221080e+00
-1.133688507996352124e+00
-1.790550377515218949e+00
-1.200761139077080708e+00
-1.038770959833280827e+00
-1.063369575717067805e+00
