-6.620883769410361719e-01
-9.776582031956431162e-01
-4.777308003539070258e-01
9.574158208959945293e-01
-5.977173990630621603e+00
-1.075466349295202129e+01
3.364722366212128390e-01
-1.176709529948301380e+01
-4.167386409491930510e-01
-9.610377066959481240e-01
-1.128417785833339737e+00
-3.888666049938559244e+00
-3.466857766119103790e+00
-7.050415867805621684e-01
-9.157154321336802294e-01
-1.810607655223024359e+00
-1.684758547694201747e+00
-3.429032759644710548e+00
-1.810871631117148439e+00
-2.094820638093801257e+00
-1.807792033906181262e+00
-1.257328071415600990e+00
-1.237890661269696269e+00
