-6.928591660813431252e-01
-8.860653311511260677e-01
-5.265052929078624100e-01
6.606495383519990217e-01
-2.803739277378208161e+00
-1.205444879804632663e+00
-2.764490410450625379e+00
-2.256384254302282732e-01
-9.885072509816389408e-01
-1.341419982750727824e+00
-2.852548678181267672e+00
-3.033212029427534429e+00
-9.129155696321165081e-01
-8.985549655919000678e-01
-1.521776904378965289e+00
-1.664922514207084259e+00
-3.045411845857594280e+00
-1.825920750934069137e+00
-2.463918048137156536e+00
-1.896568724233926417e+00
-1.283255606495645074e+00
-1.357735818437831643e+00
