-6.651225850837120257e-01
-8.738382650475829960e-01
-4.738523021018830605e-01
5.119910149159255797e-01
-4.806013029986393903e+00
-1.382292793960860910e+00
-1.098062788563831438e+00
-1.528192668206429738e+00
-1.670796285834850181e+00
-2.064725956027715803e+00
-2.558411791553959258e+00
-8.301122654840117576e+00
-4.774565060530723271e-01
-1.077474437155509390e+00
-1.056652176477653970e+00
-1.674309216766480146e+00
-4.578916520983623784e+00
-1.327154530233207952e+00
-1.768142532200186023e+00
-1.252032940421271778e+00
