-6.357869234801423186e-01
-6.976075024913511724e-01
-6.674170993802437390e-01
4.707697056747044972e-01
-2.476632207936760199e+00
-4.823885606687802197e-01
-1.752412153366709191e+00
-1.062873618495818739e+00
-6.834312356923429865e-01
-1.125692487387861318e+00
-2.114851258838965631e+00
-3.207751613356850662e+00
-3.061716038854004562e+00
-8.186063606557716366e-01
-9.365357110794914064e-01
-9.784087233048209820e-01
-1.095948009011813662e+00
-2.843013511224967704e+00
-1.461330823692594816e+00
-1.113555813575889619e+00
-1.100698026983267575e+00
