-6.763264071869600214e-01
-8.628339673798183229e-01
-4.117132467398074147e-01
6.900849757064025924e-01
-2.672658331868396075e+00
-2.298873926115199140e+00
-1.343747806356884622e+00
-2.901300306578912802e-01
-1.112373391177434723e+00
-3.558487714569463223e-01
-1.242531532457427312e+00
-2.702456134760546913e+00
-2.911233459405020874e+00
-7.924151041812610430e-01
-4.385892687408462498e-01
-1.594423033338028262e+00
-1.320853341340421316e+00
-2.108631774266255476e+00
-1.745397734409504187e+00
-1.919618314965926276e+00
-2.021076959241535409e+00
-8.564371269502382145e-01
-1.544390022341163293e+00
