-7.233041511093023512e-01
-6.931956288732846749e-01
-5.766980153426264355e-01
7.757673388922725621e-01
-2.796683339619736586e+00
-3.988925267886737069e-01
-2.966581634624141373e+00
-2.563102549567977562e+00
-1.419762212715201866e+00
-1.021056165901090385e+00
-9.616289472317677278e-01
-3.011067895409935691e+00
-3.839836797364997167e+00
-1.322790921824483545e+00
-1.113563712344908252e+00
-3.615969978240809457e+00
-1.983308376537418205e+00
-2.206731541076533354e+00
-1.942567613340022703e+00
-2.145050012654577731e+00
-1.117283212878360521e+00
