-6.810626333531947241e-01
-7.402157762643873928e-01
-5.192191108814896428e-01
5.336940129521979825e-01
-3.051426448750185649e+00
-1.317879905755666492e+00
-1.436292092009604504e+00
-1.670909585413067777e+00
-8.743733475067554384e-01
-6.934361507054803697e-01
-2.618598895834798768e+00
-4.663663727115601176e+00
-3.119440727018690129e+00
-8.250372554059670627e-01
-1.100126606858357059e+00
-1.425594231869249828e+00
-1.791904841172513363e+00
-1.279398464925760370e+00
-1.830027425791207252e+00
-1.635640973690555944e+00
-2.645739148617889835e+00
