-6.835924833687355706e-01
-7.812157650702198364e-01
-4.930597776664649157e-01
7.299701120811330490e-01
-2.168899101016726672e+00
-2.602754332088137890e+00
-2.750015299558640880e+00
-1.017110034190703116e+00
-7.463310518582826347e-01
-3.921668588708022984e-02
-1.161509016743081268e+00
-3.060373608159101977e+00
-2.883708679056686375e+00
-5.526552143225972324e-01
-2.385007970507054820e-01
-1.457056775260411108e+00
-7.619419856198222929e-01
-2.679940157026074132e+00
-1.089309883325246364e+00
-1.706381413321488738e+00
-1.440507650939304218e+00
-9.702322953341940837e-01
-6.745454979506423365e-01
