-6.792549320038470118e-01
-8.863376789795115451e-01
-5.440157652288170054e-01
5.803921192224108516e-01
-2.028089905124654369e+00
-2.231435513142097093e-01
-1.640669949271438943e+00
-1.378993292382796776e+00
-6.719473719493492814e-01
-5.198428227509455102e-01
-7.298663931636160118e-01
-3.373530571202724371e+00
-3.120950283364037237e+00
-5.454245939522499587e-01
-6.913950275004950852e-01
-1.165364812892174529e+00
-1.293043765211776552e+00
-2.518369684586199586e+00
-1.322670286507532156e+00
-2.007440430573545154e+00
-1.780952508702417836e+00
-1.095722491529043108e+00
-1.158291270407698637e+00
