-6.616872832572927576e-01
-7.942861698533195680e-01
-4.873773401828338514e-01
5.238102725254553116e-01
-2.266151265497335920e+00
-1.113141095494506239e+00
-1.563915007612292740e+00
-8.688559343841742999e-01
-7.262123974150165306e-01
-1.651674962086354892e+00
-3.808481263387891946e+00
-2.950199667851067797e+00
-4.370109786025472842e-01
-8.692744482740734080e-01
-1.670891345386945837e+00
-1.217397125816026104e+00
-9.272351069217096287e-01
-1.438042906727771353e+00
-1.837245235619935357e+00
-1.547078301640086417e+00
