185,-1615.6311727034226,0.28612612612612615,0.2144144144144144,0.22990990990990998,0.26954954954954957,1.2,0.9,0.0,0.14399999999999996,0.84,0.21600000000000003,0.21600000000000003,1.160362190132875,0,9.757286011258385,10.003089166196242,0.15791687059161047,0,3.9770466924280883,3.8256235655226187,0.0,0,0.0,0.0,0.0,0.0,0.0,0.0,0.0,0.0,0.0,0.0,10.123972153036586,51.79570250847528,63.3599709689629,65.2555566099545
185,-1530.8029991341682,0.22422417884145535,0.25421704217367236,0.1878306092486901,0.3337281697361822,1.5485611352344628,0.6444384273929934,0.0,0.05696640770219974,0.35612762442590645,0.08598459567915,0.08598459567915,0.45903934448143596,0,3.8841495027957333,3.9819980439716174,0.062471922452619455,0,1.5831701474330089,1.5228921088059748,0.0,0,0.0,0.0,0.0,0.0,0.0,0.0,0.0,0.0,0.0,0.0,7.788725699751925,34.752540652285376,60.54809098763806,62.51802860608788
185,-1478.8584822111502,0.28537041949241454,0.20576666800499432,0.22912272270979667,0.2797401897927944,1.8966599504729618,0.49427895689431095,0.0,0.031675560686117765,0.266794885937023,0.10287513823244623,0.10287513823244623,0.2552439095238223,0,4.647139570285742,4.764209170018164,0.034736843179071976,0,1.8941630937057066,1.8220442274464963,0.0,0,0.0,0.0,0.0,0.0,0.0,0.0,0.0,0.0,0.0,0.0,6.15900807444792,33.331640438006986,61.31663025557859,63.53720390753855
185,-1436.5157103444146,0.31391669439397685,0.18686112580620318,0.23230660153493424,0.2669155782648858,2.81683239021247,0.2944358720394301,0.0,3.059023205018258e-07,0.1556893401676328,0.14435665889376553,0.14435665889376553,2.464982545723801e-06,0,6.5209685576673,6.685243197446815,3.354662302802791e-07,0,2.6579313554787958,2.556732574556017,0.0,0,0.0,0.0,0.0,0.0,0.0,0.0,0.0,0.0,0.0,0.0,0.00015124405218801002,32.22535239817588,66.72986638740537,69.50735428890368
185,-1425.6908050511465,0.2745765224712764,0.21203480198998365,0.21069399458573826,0.3026946809530017,3.2510704588323707,0.2431608984539317,0.0,0.008352809882900738,0.16302336438587536,0.15467055450297462,0.15467055450297462,0.06730753312143212,0,6.986874249099314,7.162885870732734,0.009160066648294175,0,2.8478334129725624,2.7394042509214365,0.0,0,0.0,0.0,0.0,0.0,0.0,0.0,0.0,0.0,0.0,0.0,2.429869089023355,32.12367236828531,66.15347843770414,68.64270673724207
185,-1421.5818057529639,0.2680967230146258,0.2153225463182705,0.21020903676081798,0.3063716939062857,3.5393852053194284,0.21662759108809543,0.0,0.0022268506993739566,0.1754914104440677,0.1732645597446938,0.1732645597446938,0.01794412051822562,0,7.8268141900173305,8.02398537253661,0.002442064539721351,0,3.190190945590941,3.0687267723574174,0.0,0,0.0,0.0,0.0,0.0,0.0,0.0,0.0,0.0,0.0,0.0,0.6737823434987416,32.91764707572818,68.39284116179502,70.8603047614609
185,-1418.1203519495452,0.2835558129469647,0.20749222836642636,0.2153322756182004,0.2936196830684085,4.369332863634258,0.16128416282082045,0.0,3.059023205018258e-07,0.19119229958768214,0.19119229958768214,0.19119229958768214,2.464982545723801e-06,0,8.636657176977838,8.854229725304116,3.354662302802791e-07,0,3.5202810309857004,3.386248920597672,0.0,0,0.0,0.0,0.0,0.0,0.0,0.0,0.0,0.0,0.0,0.0,8.166633082344346e-05,34.01352650843404,70.87464472790748,73.37597729882938
185,-1418.097888723063,0.27740109521871387,0.2074307568128249,0.2203772579355418,0.29479089003291936,4.386105824102908,0.15981216644058027,0.0,3.059023205018258e-07,0.1892167738629018,0.1892167738629018,0.1892167738629018,2.464982545723801e-06,0,8.547417503277467,8.762741947641652,3.354662302802791e-07,0,3.4839071511266995,3.3512599494540805,0.0,0,0.0,0.0,0.0,0.0,0.0,0.0,0.0,0.0,0.0,0.0,8.275898442299432e-05,33.964975199705506,70.76499997968713,73.23106010463825
185,-1418.110302931777,0.2796946198282033,0.20760179597263095,0.2178985861777669,0.2948049980213988,4.387437079397141,0.15962650803861914,0.0,0.0002876157737530136,0.18933006214604975,0.18904244637229672,0.18904244637229672,0.002317628257977836,0,8.539542673715157,8.754668737305348,0.0003154123814156985,0,3.480697389228967,3.348172396879186,0.0,0,0.0,0.0,0.0,0.0,0.0,0.0,0.0,0.0,0.0,0.0,0.07730568324815595,33.95987990763211,70.72084400695644,73.1977651944486
185,-1418.0978585145012,0.2780273575157702,0.20747759176694835,0.21970028162636207,0.2947947690909194,4.386470381389828,0.15976129779716897,0.0,7.877998769495006e-05,0.18924779394197133,0.18916901395427638,0.18916901395427638,0.0006348147156968973,0,8.545260063053718,8.760530157713182,8.639367445855624e-05,0,3.4830277835960075,3.35041406319517,0.0,0,0.0,0.0,0.0,0.0,0.0,0.0,0.0,0.0,0.0,0.0,0.021274941522794383,33.96355378785606,70.75279246595873,73.22178032665408
185,-1418.2904378023954,0.2876549957199895,0.20849650380539453,0.20869371527726296,0.29515478519735305,4.38609630131004,0.1594846965281717,0.0,3.059023205018258e-07,0.18955741766603101,0.18955741766603101,0.18955741766603101,2.464982545723801e-06,0,8.562805276495498,8.778517365866715,3.354662302802791e-07,0,3.490179171082862,3.3572931668647303,0.0,0,0.0,0.0,0.0,0.0,0.0,0.0,0.0,0.0,0.0,0.0,8.236332427779704e-05,33.97717207151656,70.83673828844908,73.36551912028725
185,-1418.0841157218506,0.2800023215668243,0.2076893009177164,0.21743828359635753,0.2948700939191017,4.386392596741628,0.1597037449518228,0.0,6.24232752423326e-05,0.1893121319567752,0.1892497086815329,0.1892497086815329,0.0005030111692740302,0,8.548905255338173,8.764267178787206,6.845616859963834e-05,0,3.484513555346618,3.351843265279457,0.0,0,0.0,0.0,0.0,0.0,0.0,0.0,0.0,0.0,0.0,0.0,0.01684739603978218,33.96589879538531,70.76944936986246,73.25035140593418
185,-1418.0761496197008,0.27978218685802014,0.20769718837419326,0.21747291459972104,0.2950477101680655,4.384644780716655,0.15945219753921328,0.0,3.059023205018258e-07,0.18922021616804494,0.18922021616804494,0.18922021616804494,2.464982545723801e-06,0,8.547573001221076,8.7629013628513,3.354662302802791e-07,0,3.483970531720606,3.351320916878503,0.0,0,0.0,0.0,0.0,0.0,0.0,0.0,0.0,0.0,0.0,0.0,8.269185594535519e-05,33.966575119944295,70.78130083235212,73.26136229061444
185,-1418.0759262585411,0.27970525089924453,0.2076683924797461,0.21755106479049413,0.2950752918305152,4.385376901600144,0.1592870876244719,0.0,4.013196930523222e-07,0.18918769240493535,0.18918729108524227,0.18918729108524227,3.233862485928096e-06,0,8.546085688953251,8.761376582577784,4.4010520856672515e-07,0,3.483364306759225,3.350737773486528,0.0,0,0.0,0.0,0.0,0.0,0.0,0.0,0.0,0.0,0.0,0.0,0.00010849675628544185,33.96696313611609,70.78215390913019,73.26168818889603
185,-1418.075481615615,0.2794601903240551,0.207509503184196,0.21778221764211933,0.29524808884962955,4.386158747473065,0.15845876517375312,0.0,3.059023205018258e-07,0.18893063131317184,0.18893063131317184,0.18893063131317184,2.464982545723801e-06,0,8.534491694491791,8.749490515052802,3.354662302802791e-07,0,3.4786386220481504,3.3461920157441467,0.0,0,0.0,0.0,0.0,0.0,0.0,0.0,0.0,0.0,0.0,0.0,8.280084399451197e-05,33.9649612415026,70.7802730892032,73.25828576502221
185,-1418.078733797343,0.2799714021085601,0.20723102499256746,0.21715674657637807,0.2956408263224944,4.37032675717074,0.1574836169810773,0.0,1.4615817594193256e-05,0.18808236272718162,0.18806774690958744,0.18806774690958744,0.00011777529245958818,0,8.495512944860184,8.709529822325141,1.602836233064445e-05,0,3.4627509759221176,3.3309092800558395,0.0,0,0.0,0.0,0.0,0.0,0.0,0.0,0.0,0.0,0.0,0.0,0.003976492270712641,33.939167611935474,70.73731359971194,73.21977210166645
185,-1418.0755061632397,0.2795368144011298,0.20746770797165504,0.21768845258325448,0.29530702504396067,4.383780240078488,0.15831210536737783,0.0,2.2009004465986097e-06,0.1888031444631071,0.18880094356266047,0.18880094356266047,1.7735011544997125e-05,0,8.528633358964495,8.74348459777443,2.413606326462017e-06,0,3.4762507783480596,3.343895087436203,0.0,0,0.0,0.0,0.0,0.0,0.0,0.0,0.0,0.0,0.0,0.0,0.0005961955222539212,33.96109406519756,70.77385169187947,73.25253404837747
185,-1418.0754518593642,0.2794871595692393,0.20749479038320479,0.2177492147116153,0.29526883533594067,4.385321366789556,0.15840712549878064,0.0,7.75057840547047e-07,0.18888574618423032,0.18888497112638977,0.18888497112638977,6.245470925950196e-06,0,8.532429104205864,8.747375964498515,8.499632549075077e-07,0,3.4777979151277005,3.3453833181211854,0.0,0,0.0,0.0,0.0,0.0,0.0,0.0,0.0,0.0,0.0,0.0,0.00020984883246998346,33.963608574158364,70.77804276926605,73.25629289707376
185,-1418.0750824509557,0.2796327829834526,0.20755067527034762,0.21752592124749737,0.29529062049870236,4.3819807958545,0.15864573727548714,0.0,5.505133437568083e-07,0.1889005463749583,0.18889999586161454,0.18889999586161454,4.436075480965434e-06,0,8.533107810867122,8.74807176897144,6.037176698958243e-07,0,3.4780745543570073,3.3456494245153596,0.0,0,0.0,0.0,0.0,0.0,0.0,0.0,0.0,0.0,0.0,0.0,0.00014906665647239012,33.96142503290195,70.7743309571195,73.25361665765894
185,-1418.073780749692,0.2799298591363607,0.20746297296712396,0.21753340298606577,0.2950737649104496,4.366958570449945,0.15870478219493236,0.0,3.059023205018258e-07,0.1888998929553486,0.1888998929553486,0.1888998929553486,2.464982545723801e-06,0,8.533103162321432,8.748067003320728,3.354662302802791e-07,0,3.478072659620782,3.3456476019198225,0.0,0,0.0,0.0,0.0,0.0,0.0,0.0,0.0,0.0,0.0,0.0,8.286450562532304e-05,33.95712125152714,70.76616416620422,73.24790328799466
185,-1418.072939109089,0.2801962802916203,0.20727048717501784,0.21765251090937596,0.294880721623986,4.343872087319303,0.15846451116667298,0.0,1.1484458121764552e-07,0.18871331227341517,0.18871319742883394,0.18871319742883394,9.254257624069446e-07,0,8.524669636167607,8.739421021845468,1.2594372826593494e-07,0,3.4746351743142254,3.342340996337359,0.0,0,0.0,0.0,0.0,0.0,0.0,0.0,0.0,0.0,0.0,0.0,3.116217787123281e-05,33.946873397296706,70.74751600384634,73.23197966202262
185,-1418.0728821100697,0.2801995156821999,0.20724113058895313,0.21766258635135294,0.294896767377494,4.3418027764301375,0.15833318079527925,0.0,3.059023205018258e-07,0.1886704246385874,0.1886704246385874,0.1886704246385874,2.464982545723801e-06,0,8.52273747714939,8.737440188351378,3.354662302802791e-07,0,3.473847630869893,3.3415834380302742,0.0,0,0.0,0.0,0.0,0.0,0.0,0.0,0.0,0.0,0.0,0.0,8.302466186319633e-05,33.94592852471079,70.74614433805066,73.23069304071456
185,-1418.072786930455,0.2801676135791067,0.2071882656240113,0.2176715074622654,0.29497261333461666,4.338409101671569,0.15801662599384078,0.0,1.986141854910254e-07,0.18857405548241357,0.18857385686822808,0.18857385686822808,1.6004471615821065e-06,0,8.5183752579139,8.732968077159319,2.1780924047114155e-07,0,3.4720696006305283,3.339873104984179,0.0,0,0.0,0.0,0.0,0.0,0.0,0.0,0.0,0.0,0.0,0.0,5.393370673578112e-05,33.94434298238232,70.74418541185909,73.22860412395235
185,-1418.0726213025714,0.28012954655012373,0.20720351359148617,0.21765290201169854,0.29501403784669156,4.337191843945872,0.15797385741826514,0.0,3.059023205018258e-07,0.1885904613548527,0.1885904613548527,0.1885904613548527,2.464982545723801e-06,0,8.519125326085506,8.733737040864249,3.354662302802791e-07,0,3.472375326642611,3.3401671907032737,0.0,0,0.0,0.0,0.0,0.0,0.0,0.0,0.0,0.0,0.0,0.0,8.305705256302553e-05,33.944983354240925,70.74553436378281,73.22964331778725
185,-1418.0716078753553,0.27989163360116404,0.20732678849861194,0.2175547871947571,0.2952267907054669,4.327746408569873,0.15782719544045268,0.0,3.059023205018258e-07,0.18877928001914124,0.18877928001914124,0.18877928001914124,2.464982545723801e-06,0,8.527654759936095,8.742481346119435,3.354662302802791e-07,0,3.4758519036994513,3.3435113996463883,0.0,0,0.0,0.0,0.0,0.0,0.0,0.0,0.0,0.0,0.0,0.0,8.2953360450652e-05,33.95058393417344,70.75625990340704,73.23839258114883
185,-1418.0708319082196,0.2796192338661093,0.20759444414553857,0.21752220107306605,0.29526412091528603,4.311519253245781,0.1576459679352065,0.0,3.059023205018258e-07,0.18914923631196495,0.18914923631196495,0.18914923631196495,2.464982545723801e-06,0,8.544366655124731,8.759614243270875,3.354662302802791e-07,0,3.482663632637958,3.350063777016943,0.0,0,0.0,0.0,0.0,0.0,0.0,0.0,0.0,0.0,0.0,0.0,8.276500704562271e-05,33.96112241105307,70.77414044066207,73.25405348651853
185,-1418.5691174328244,0.28291286815055505,0.20204611556535154,0.22926813311203523,0.28577288317205823,4.047196979133575,0.15792333448826215,0.0,5.591080676028293e-06,0.1902789121527666,0.19027332107209058,0.19027332107209058,4.505332373920685e-05,0,8.595144509316595,8.811671280705593,6.131430302663988e-06,0,3.5033605658660436,3.3699726897390794,0.0,0,0.0,0.0,0.0,0.0,0.0,0.0,0.0,0.0,0.0,0.0,0.0015157048992422025,33.9221083515484,70.65738233463297,73.17334372615824
185,-1418.070798970381,0.27962611610027094,0.20758301606275492,0.21754646145757225,0.2952444063794019,4.310945976279764,0.15764655039661218,0.0,1.168195505575922e-08,0.18915160363171044,0.1891515919497554,0.1891515919497554,9.413402051065682e-08,0,8.544473065456492,8.759723334265603,1.281095683887041e-08,0,3.4827070052374167,3.3501054982365863,0.0,0,0.0,0.0,0.0,0.0,0.0,0.0,0.0,0.0,0.0,0.0,3.1607029180827745e-06,33.96105574766961,70.7739470033193,73.2539345921924
185,-1418.0708112419318,0.2796049601424222,0.20761864170147062,0.2175481818858235,0.2952282162702836,4.30946231153405,0.1576244788255271,0.0,3.059023205018258e-07,0.18920007460364618,0.18920007460364618,0.18920007460364618,2.464982545723801e-06,0,8.546663153977777,8.761968594959507,3.354662302802791e-07,0,3.4835996801369373,3.3509641851960477,0.0,0,0.0,0.0,0.0,0.0,0.0,0.0,0.0,0.0,0.0,0.0,8.274010878780159e-05,33.96255361806951,70.77639249075484,73.25618609589262
185,-1418.0707945085314,0.2796226729801049,0.20758881355764353,0.21754674150471778,0.2952417719575338,4.31070448353447,0.15764295816413504,0.0,9.781191588326758e-09,0.18915949115900763,0.18915948137781605,0.18915948137781605,7.88175339829173e-08,0,8.544829451595627,8.760088698396903,1.0726494210316292e-08,0,3.4828522673845175,3.3502452296343055,0.0,0,0.0,0.0,0.0,0.0,0.0,0.0,0.0,0.0,0.0,0.0,2.646296426729281e-06,33.96130172859313,70.77435263876669,73.25430909312692
185,-1418.070775366335,0.27974940249256536,0.20767444419988662,0.21746557339892233,0.29511057990862577,4.313717435751866,0.15751767924704582,0.0,3.059023205018258e-07,0.18927350849411617,0.18927350849411617,0.18927350849411617,2.464982545723801e-06,0,8.549980355238123,8.765369362340026,3.354662302802791e-07,0,3.4849517635221496,3.352264789001094,0.0,0,0.0,0.0,0.0,0.0,0.0,0.0,0.0,0.0,0.0,0.0,8.26867758248458e-05,33.96689892622375,70.78428340193048,73.26477978900704
185,-1418.0707658786594,0.27971523183465025,0.2076334267459714,0.2175354865565371,0.2951158548628412,4.31073011976603,0.15748252665017645,0.0,3.059023205018258e-07,0.1892461833072459,0.1892461833072459,0.1892461833072459,2.464982545723801e-06,0,8.54874600494366,8.76410391659583,3.354662302802791e-07,0,3.4844486452626016,3.3517808265991347,0.0,0,0.0,0.0,0.0,0.0,0.0,0.0,0.0,0.0,0.0,0.0,8.270614622929345e-05,33.965506443356134,70.78171588732755,73.2621122731639
185,-1419.6478200495126,0.2603277870733178,0.2091778460977816,0.2097108706329818,0.3207834961959188,4.27810550171885,0.17128343561094025,0.0,4.532885472251613e-05,0.1831499019917528,0.1831045731370303,0.1831045731370303,0.00036526311904190096,0,8.27131337994159,8.479682276981551,4.970965892556593e-05,0,3.371367763717978,3.243005416425847,0.0,0,0.0,0.0,0.0,0.0,0.0,0.0,0.0,0.0,0.0,0.0,0.01284434264082684,33.66908458547863,70.2962975411105,72.65225873153817
185,-1418.0707379936453,0.2796934820590996,0.20763575512083346,0.21752694220332855,0.2951438206167384,4.310694667913318,0.15749684869111358,0.0,5.0708427172674827e-08,0.18923947528059157,0.18923942457216444,0.18923942457216444,4.086120945297109e-07,0,8.548440695169289,8.76379091553254,5.560913980369026e-08,0,3.4843242017209315,3.351661121153761,0.0,0,0.0,0.0,0.0,0.0,0.0,0.0,0.0,0.0,0.0,0.0,1.3710684597163168e-05,33.96518437918373,70.78121501631466,73.26147111514794
185,-1418.0707348465778,0.2797069325654394,0.207634315360603,0.2175322262663979,0.29512652580755977,4.310716592355466,0.1574879913628066,0.0,1.93492585144749e-08,0.18924362369505313,0.1892436043457946,0.1892436043457946,1.5591769435627279e-07,0,8.548629506496935,8.763984483348823,2.1219266339402438e-08,0,3.4844011607713523,3.3517351500449557,0.0,0,0.0,0.0,0.0,0.0,0.0,0.0,0.0,0.0,0.0,0.0,5.231551078740863e-06,33.965392102319925,70.78155406114823,73.2618985327907
185,-1418.0707339874648,0.27971241005548964,0.20763372889928747,0.2175343780553674,0.2951194829898554,4.310725520441676,0.15748438463119485,0.0,6.578806826316102e-09,0.18924531303521602,0.1892453064564092,0.1892453064564092,5.3012490954480985e-08,0,8.548706395293646,8.764063309109233,7.214615182212249e-09,0,3.4844325004629724,3.351765296500874,0.0,0,0.0,0.0,0.0,0.0,0.0,0.0,0.0,0.0,0.0,0.0,1.7787218532457918e-06,33.965476694685535,70.78169213201258,73.26207259280804
185,-1418.070729614539,0.2797017949762883,0.20765295265752223,0.2174992708143357,0.29514598155185384,4.311203032591451,0.15745853090712322,0.0,1.170215049527257e-10,0.18924408766169956,0.18924408754467806,0.18924408754467806,9.429675679138187e-10,0,8.548651333856686,8.764006860578064,1.283310406531604e-10,0,3.484410057551543,3.351743708086786,0.0,0,0.0,0.0,0.0,0.0,0.0,0.0,0.0,0.0,0.0,0.0,3.1638484702151996e-08,33.96578611104759,70.78240164860794,73.26266874045663
185,-1418.0724060862535,0.2789391208374906,0.20826392478636177,0.2178889096073415,0.29490804476880605,4.312022935998199,0.1576321246057101,0.0,3.059023205018258e-07,0.189382706726538,0.189382706726538,0.189382706726538,2.464982545723801e-06,0,8.554913125542123,8.770426397783112,3.354662302802791e-07,0,3.4869623490271136,3.354198822942142,0.0,0,0.0,0.0,0.0,0.0,0.0,0.0,0.0,0.0,0.0,0.0,8.266483270548316e-05,33.97029141686259,70.78268515354978,73.2584833656494
185,-1418.0707291503127,0.27968983177515533,0.20766251135461491,0.21750538833200636,0.2951422685382234,4.311215875013493,0.1574612487435144,0.0,1.1518971827517878e-10,0.18924625831938416,0.1892462582041944,0.1892462582041944,9.282069012401065e-10,0,8.548749388235086,8.764107385118303,1.2632222107184363e-10,0,3.4844500242841816,3.351782153115483,0.0,0,0.0,0.0,0.0,0.0,0.0,0.0,0.0,0.0,0.0,0.0,3.114299503916892e-08,33.96585658704462,70.78240637953067,73.2626034659769
