-7.221915394732496551e-01
-1.106907674076141879e+00
-4.716806745405310863e-01
4.039478434129887829e-01
-1.970418493803105298e+00
-5.749139227480476455e-01
-1.677774286228374434e+00
-6.239450072924289659e-01
-1.502543549740892104e+00
-1.166751903817368818e+00
-9.821121281055779084e-01
-3.233223385495449964e+00
-3.681885123404109450e+00
-4.816897801408117630e-01
-9.720540933065687783e-01
-1.139464136492985613e+00
-9.500279900522244914e-01
-3.504437025720474885e+00
-9.685152457758934297e-01
-1.314427279033075102e+00
-9.831438587455355593e-01
-1.113909919813703686e+00
-7.142044327687019356e-01
