-6.516011582903251664e-01
-7.838142197879939266e-01
-5.144802751837093124e-01
3.531236938073900600e-01
-3.186806143841835137e+00
3.364722366212128946e-01
-3.306303319440081712e+00
-8.419585612157747256e-01
-1.658093553061701808e+00
-1.600240428132786441e+00
-1.212420035672188945e+01
-2.341557285142985112e+00
-1.179948845342623898e+00
-5.872166536706132645e-01
-2.093853501948018891e+00
-1.615973063760533623e+00
-1.537806917181856470e+01
-1.486079667847540753e+00
-2.031016956793269213e+00
-2.421638319154964414e+00
-8.070123136978276657e-01
5.058558462337938710e-01
