112,-957.6194155696678,0.32559523809523816,0.1857142857142857,0.24345238095238098,0.24523809523809517,1.2,0.9,1.0,0.0,0.14399999999999996,0.84,0.21600000000000003,0.21600000000000003,0.864183944998239,0,7.47804782662362,5.624239150883199,0.07612372799421167,0,0.8039329615158444,0.5974620501539002,0.0,0,0.0,0.0,0.0,0.0,0.0,0.0,0.0,0.0,0.0,0.0,7.205058320077784,37.12846764041306,41.62155485916006,28.189292547718615
112,-900.6332297725614,0.25766870911663287,0.23285387674304753,0.1909037275511964,0.3185736865891233,1.552977357156767,0.5931274457738089,1.0559907827342205,0.0,0.057834326747932194,0.3761197964268394,0.0876112347876844,0.0876112347876844,0.34707983781489743,0,3.033152795795625,2.2812339664357157,0.030573364986721887,0,0.32608129372649575,0.2423351294109473,0.0,0,0.0,0.0,0.0,0.0,0.0,0.0,0.0,0.0,0.0,0.0,5.857523860901118,27.26213424787896,40.325113389954154,26.131669528840177
112,-868.2887515536202,0.3553338933797609,0.17220772190198694,0.228538779518324,0.2439196051999282,1.9477125685261534,0.4155168234917912,1.1045446672427295,0.0,0.03383588519290407,0.27165944846305823,0.0856498322619203,0.0856498322619203,0.20305853297577325,0,2.96524787961542,2.2301626846021807,0.01788690083936114,0,0.31878112640583744,0.23690983508585445,0.0,0,0.0,0.0,0.0,0.0,0.0,0.0,0.0,0.0,0.0,0.0,5.285054035943535,26.24445360915678,40.62730716305032,26.265071421248436
112,-847.5071078021313,0.3672482485195181,0.16859351000680706,0.2180859390031664,0.24607230247050843,2.4727015616788477,0.28443619421728755,1.1625416209987642,0.0,0.011831745026389166,0.20984480575803133,0.10388837352481826,0.10388837352481826,0.0710055839799881,0,3.596676971521898,2.705060452314169,0.006254698195039694,0,0.38666336942070084,0.2873581510800559,0.0,0,0.0,0.0,0.0,0.0,0.0,0.0,0.0,0.0,0.0,0.0,3.7024092249901557,26.133598688084664,42.04101289846794,27.413102752152447
112,-830.309201822328,0.2669575972026211,0.19225968258107118,0.2621222748611382,0.27866044535516954,4.163265629217241,0.11943070838611597,1.3736710632864506,0.0,3.059023205018258e-07,0.1561875102191305,0.1561875102191305,0.1561875102191305,1.8358046813568302e-06,0,5.407304033981125,4.066832915987979,1.6171128499082744e-07,0,0.5813161464919063,0.43201902807386544,0.0,0,0.0,0.0,0.0,0.0,0.0,0.0,0.0,0.0,0.0,0.0,0.00011176874760821972,26.27940310105199,47.286573282711416,33.07492951838341
112,-822.8798366369557,0.32553888803843667,0.19681887551210148,0.19573849906039095,0.2819037373890709,4.398684225497556,0.10714653240667985,1.4380033895461553,0.0,0.007513853491874443,0.17844711141208905,0.1709332579202146,0.1709332579202146,0.04509271911629758,0,5.917810545777571,4.450784821217067,0.003972100968081998,0,0.6361985197284712,0.47280617924304075,0.0,0,0.0,0.0,0.0,0.0,0.0,0.0,0.0,0.0,0.0,0.0,1.7425448639037713,26.407697125966912,46.867308663264566,33.04126952303143
112,-821.1803737529726,0.33319893648523663,0.1872481506358276,0.21283190401021995,0.2667210088687158,4.596118534568131,0.09817016151012985,1.4962398623558304,0.0,0.007643361471501955,0.18958226400178788,0.18193890253028594,0.18193890253028594,0.04586993242701463,0,6.2988324752078295,4.737351382775724,0.004040563677903142,0,0.6771605589172005,0.5032481005022927,0.0,0,0.0,0.0,0.0,0.0,0.0,0.0,0.0,0.0,0.0,0.0,1.679711866697096,26.833332447556472,47.57294765580832,33.858680420360685
112,-820.5505037732689,0.3381952316381304,0.18410113165651634,0.21765892615672638,0.2600447105486268,4.794227347688484,0.08979885045650891,1.5743570834049092,0.0,0.009657451534257155,0.20511015778200106,0.18778588125727527,0.18778588125727527,0.05795704559377532,0,6.501258338919298,4.889595858103107,0.005105286206326903,0,0.6989224983797407,0.5194210074348543,0.0,0,0.0,0.0,0.0,0.0,0.0,0.0,0.0,0.0,0.0,0.0,1.9620635349850915,27.39826658388418,47.77823962177169,34.27243136539103
112,-819.7953254193483,0.33719973403079134,0.1839474406348395,0.2212479823820597,0.25760484295230945,4.991278589310779,0.08140977666889916,1.7111182417483286,0.0,0.010088535204861136,0.22934319704054365,0.18814720175344582,0.18814720175344582,0.06054409828187858,0,6.513767468322551,4.899003973290972,0.005333172984686651,0,0.7002673014192905,0.5204204300478389,0.0,0,0.0,0.0,0.0,0.0,0.0,0.0,0.0,0.0,0.0,0.0,2.0005797019739866,28.432286871759658,47.748975857115234,34.50110879779678
112,-818.3278541136079,0.33915664318859573,0.18303964739757483,0.21816546626471678,0.25963824314911266,5.102908740310593,0.07165627630825631,2.199424942116936,0.0,0.0007427183170505109,0.2824723083995603,0.18852923931818297,0.18852923931818297,0.004457258647577524,0,6.5269938348997325,4.9089515224979285,0.0003926283829407762,0,0.7016892115620194,0.5214771566527633,0.0,0,0.0,0.0,0.0,0.0,0.0,0.0,0.0,0.0,0.0,0.0,0.18037734091307359,31.01850853148582,48.90014114635895,35.989410088640795
112,-816.7401813065494,0.32534831873884806,0.18987984568015098,0.22132800699721808,0.26344382858378285,5.203964920403856,0.0616822273034957,3.3652717938834114,0.0,0.00424560075378356,0.32967810057281294,0.1768659204769904,0.1768659204769904,0.02547902783536233,0,6.123202834383074,4.605260344461499,0.002244381645507221,0,0.658279366853207,0.4892160900487933,0.0,0,0.0,0.0,0.0,0.0,0.0,0.0,0.0,0.0,0.0,0.0,0.9876193232302459,33.40801170689909,47.6426024936457,35.26869623892818
112,-814.7107087779989,0.3236228981870961,0.19343770229783847,0.2164056954490179,0.26653370406604754,5.062077318298462,0.05514166728026428,6.358927724908064,0.0,0.0026197898239168687,0.3725431618480276,0.16495621180277636,0.16495621180277636,0.015722085452074458,0,5.710881672036191,4.2951536324192405,0.001384917833040635,0,0.6139524809029671,0.4562735022653136,0.0,0,0.0,0.0,0.0,0.0,0.0,0.0,0.0,0.0,0.0,0.0,0.698983728300984,35.76268074422904,47.43204048540614,35.377034280973604
112,-811.3664350141086,0.3171386207806758,0.1939526060599358,0.21200587896804438,0.27690289419134406,4.564114957062108,0.04958035143632788,26.78694240940617,0.0,0.004275727857381628,0.4355433848463715,0.15405410181615,0.15405410181615,0.025659828941186975,0,5.333444172540344,4.011282920317302,0.002260307947170782,0,0.5733757884570412,0.4261179606745123,0.0,0,0.0,0.0,0.0,0.0,0.0,0.0,0.0,0.0,0.0,0.0,1.20703108971014,39.17730477541549,47.24175572506876,35.793417424107645
112,-809.8779971982068,0.3388730649449947,0.2127871288502115,0.20980500127518062,0.23853480492961315,4.613649598654203,0.05748305660822318,57.8220729130158,0.0,0.0067426390548043285,0.346138013697682,0.1299775303056219,0.1299775303056219,0.0404644473477778,0,4.499899018573433,3.3843736790740095,0.0035644084817435646,0,0.4837649114310834,0.35952148949230345,0.0,0,0.0,0.0,0.0,0.0,0.0,0.0,0.0,0.0,0.0,0.0,2.187743675379005,33.849201910500625,46.80469675628338,33.67186571909461
112,-805.797296911321,0.3292826175876588,0.19662163818141126,0.21382516854518302,0.2602705756857469,4.377402198266664,0.06953451232948821,66.162639763057,0.0,0.008037872727371739,0.30767387157402654,0.13973562428915928,0.13973562428915928,0.04823750390926296,0,4.837730007025195,3.638456337500902,0.004249116924656519,0,0.5200836771483758,0.38651265077470476,0.0,0,0.0,0.0,0.0,0.0,0.0,0.0,0.0,0.0,0.0,0.0,2.4165142314886836,31.735053646395556,47.78348895205686,34.83749485112193
112,-802.5311288775615,0.32551109053840743,0.18702223561388284,0.21467130999238648,0.2727953638553232,4.318123290776017,0.1021479186537924,93.78360020860202,0.0,0.010536529530468797,0.21745284615014043,0.17467524292852185,0.17467524292852185,0.06323263650160396,0,6.047360281234193,4.5482191665214176,0.005569999360974901,0,0.6501258581066024,0.483156614588913,0.0,0,0.0,0.0,0.0,0.0,0.0,0.0,0.0,0.0,0.0,0.0,2.811926650498703,27.481841726984417,52.41054729912453,38.88507777782413
112,-802.0892303762689,0.3408472501042306,0.178840409145237,0.2121745517275036,0.2681377890230288,4.53826702076467,0.10706606843023886,134.50219928280293,0.0,0.020185965754863377,0.22869142165091097,0.16827929305569406,0.16827929305569406,0.1211415799974805,0,5.825928711578204,4.3816805013276925,0.010671048377942303,0,0.6263206964261888,0.465465238090296,0.0,0,0.0,0.0,0.0,0.0,0.0,0.0,0.0,0.0,0.0,0.0,5.034115816981909,27.446614035338083,51.66228092803249,38.44442452354174
112,-801.7953347127159,0.3340152810093573,0.1816086814941286,0.2196812688093296,0.2646947686871845,4.6433080590883655,0.1112731105033626,169.05486203628945,0.0,0.021118438645039612,0.22636345802630134,0.1692837177050172,0.1692837177050172,0.12673760847551113,0,5.860702487346159,4.407833855201931,0.011163988049148916,0,0.6300590764398456,0.46824350480422994,0.0,0,0.0,0.0,0.0,0.0,0.0,0.0,0.0,0.0,0.0,0.0,5.308482449926788,27.27225161267676,51.97665975646488,38.66258638994881
112,-801.5830723984816,0.3295806556752417,0.18823392948109408,0.21865568773745678,0.2635297271062075,4.878439373166152,0.11874828709727764,219.94379343750538,0.0,0.02242528698855381,0.22621398465018927,0.17135742406922874,0.17135742406922874,0.13458036789920913,0,5.932495428873693,4.461829320577089,0.011854836436866701,0,0.637777228748618,0.4739794346920957,0.0,0,0.0,0.0,0.0,0.0,0.0,0.0,0.0,0.0,0.0,0.0,5.651642637631232,27.123682817123473,52.50151806728785,39.096918467112246
112,-801.4600518909615,0.3298591813270298,0.1888154341422778,0.22103488828218704,0.26029049624850537,5.189995407809627,0.1235822645447158,244.9256486917864,0.0,0.021150446893737795,0.23460369796201627,0.17531362294665215,0.17531362294665215,0.12692969885490335,0,6.069461375248726,4.564841397498778,0.011180908793714691,0,0.652501852266547,0.48492239160006767,0.0,0,0.0,0.0,0.0,0.0,0.0,0.0,0.0,0.0,0.0,0.0,5.344474663704609,27.49512985983741,53.13144746661885,39.741386844481184
112,-801.3533324576211,0.331298794561626,0.18928911380150376,0.217465242428925,0.26194684920794525,5.57611380549663,0.1307440448569436,255.37096902707987,0.0,0.0184556589404257,0.24039453789507428,0.17421388149435746,0.17421388149435746,0.11075752882416044,0,6.031387675354373,4.536206170962459,0.009756344174547965,0,0.6484087115135608,0.48188047593929356,0.0,0,0.0,0.0,0.0,0.0,0.0,0.0,0.0,0.0,0.0,0.0,4.7854822437588425,27.85112615286187,53.428100585003236,40.06466822840252
112,-801.3258391200407,0.33145683467112086,0.18716296932159598,0.21836697624347698,0.26301321976380615,5.661124660176587,0.13040658962096918,230.49696256873304,0.0,0.01629033577714761,0.24358078624683174,0.17480587355890004,0.17480587355890004,0.0977628238697318,0,6.051882790963776,4.551620545714369,0.008611674233569165,0,0.6506120537989386,0.4835179425714993,0.0,0,0.0,0.0,0.0,0.0,0.0,0.0,0.0,0.0,0.0,0.0,4.268019000846976,28.11205804891217,53.532849001923964,40.21941905485741
112,-801.3218952321128,0.33081295243082687,0.18669802108139705,0.21837755854243412,0.26411146794534196,5.68028578400067,0.12975685650815816,217.17447378039734,0.0,0.01674535354838801,0.24377779943536648,0.1740858556385587,0.1740858556385587,0.1004935117349737,0,6.026955344462208,4.532872615265659,0.008852213463086086,0,0.6479322105626214,0.4815263528361535,0.0,0,0.0,0.0,0.0,0.0,0.0,0.0,0.0,0.0,0.0,0.0,4.354597848834631,28.122490658989477,53.370696016973426,40.09765051644789
112,-801.3214203274342,0.3308592992080867,0.18672815409462476,0.2184121445809458,0.2640004021163428,5.683317044355931,0.12963075237796592,215.213553823055,0.0,0.016634353091054776,0.24306676342814032,0.17437119427183126,0.17437119427183126,0.09982736719945397,0,6.036833936806633,4.540302303749507,0.008793534514327279,0,0.6489942158055922,0.48231560748811253,0.0,0,0.0,0.0,0.0,0.0,0.0,0.0,0.0,0.0,0.0,0.0,4.327255360745614,28.101360704232743,53.402738202977964,40.12062824583549
112,-801.3210921495339,0.33088690856586456,0.1868393879465594,0.218436443264396,0.26383726022318,5.698368479417582,0.1293928103176807,214.76914845318095,0.0,0.016702073095127768,0.24259680237810127,0.17448558297531191,0.17448558297531191,0.10023377372914212,0,6.040794141415215,4.543280773307537,0.008829333814117692,0,0.6494199604775976,0.4826320098459644,0.0,0,0.0,0.0,0.0,0.0,0.0,0.0,0.0,0.0,0.0,0.0,4.340815143366054,28.084661213081866,53.40393181234673,40.117759884904295
112,-801.3209897926254,0.3309414421446074,0.18682935566630815,0.21842984938889964,0.2637993528001848,5.711090612436521,0.1292523122449388,215.295240759417,0.0,0.016739502157693636,0.24233563118326207,0.17438723220411462,0.17438723220411462,0.10045839591626544,0,6.037389179513369,4.540719901743244,0.00884912020146382,0,0.6490539075759495,0.48235996885803034,0.0,0,0.0,0.0,0.0,0.0,0.0,0.0,0.0,0.0,0.0,0.0,4.351162322927459,28.07728668646573,53.38963044414634,40.10331760279006
112,-801.3210042023359,0.33092752777122814,0.1867969996338161,0.21834745567203573,0.26392801692292006,5.716613964158287,0.129136335334999,216.3561178036154,0.0,0.016754033455539722,0.24236026290437926,0.17449000070547294,0.17449000070547294,0.1005456022655611,0,6.040947085847757,4.543395802802582,0.008856801983162696,0,0.6494364028798733,0.4826442294113303,0.0,0,0.0,0.0,0.0,0.0,0.0,0.0,0.0,0.0,0.0,0.0,4.353844308409101,28.07930796321036,53.395369066994995,40.11342776887103
112,-801.3209796622012,0.3309359999618738,0.18681670193509195,0.2183976220713432,0.263849676031691,5.713250239610595,0.12920693959756513,215.709544333876,0.0,0.016745184198719395,0.24234526804280426,0.1744274192452427,0.1744274192452427,0.10049249542063546,0,6.0387804786595085,4.541766297715793,0.008852123938585326,0,0.6492034802008969,0.4824711273394285,0.0,0,0.0,0.0,0.0,0.0,0.0,0.0,0.0,0.0,0.0,0.0,4.352211164476621,28.078077369960205,53.39187610662792,40.10727276702162
112,-801.3209726166637,0.33098287593410053,0.18677976337471788,0.21839592762410773,0.26384143306707386,5.715568507593108,0.1291791631732083,215.85978997588387,0.0,0.016744246765724335,0.2423626241143851,0.1743663248058662,0.1743663248058662,0.10048686962519211,0,6.0366653530132215,4.540175511892448,0.008851628376819154,0,0.6489760920824705,0.48230213840885955,0.0,0,0.0,0.0,0.0,0.0,0.0,0.0,0.0,0.0,0.0,0.0,4.35282206464411,28.079891053331366,53.38521719308278,40.10141208195811
112,-801.3209715471517,0.33096385213334667,0.1867850898725111,0.21840388826117027,0.26384716973297195,5.715459257390391,0.12916977237370894,215.94902810780417,0.0,0.016736638319678927,0.24238179431150048,0.17435694620538605,0.17435694620538605,0.10044120922992247,0,6.036340660314437,4.5399313105405925,0.008847606270727353,0,0.6489411857581239,0.48227619693723717,0.0,0,0.0,0.0,0.0,0.0,0.0,0.0,0.0,0.0,0.0,0.0,4.351261822140058,28.081094636754997,53.38430216079456,40.10058511376318
