-6.781795691696693718e-01
-1.146485424208200765e+00
-3.840437213165243113e-01
7.026766137597028061e-01
-3.679887425688707747e+00
-2.231435513142097093e-01
-1.672860012420571918e+00
-3.434832515907038530e+00
-9.826480690097273429e-01
-6.016959204226837166e-01
-1.242096349381646592e+00
-3.396135721855187750e+00
-2.122948910164569991e+00
-4.534757679071689807e-01
-1.438760041850048133e+00
-1.953577541052571975e+00
-1.685213865100244846e+00
-3.089965809307580802e+00
-1.471207675394808678e+00
1.826831613248059760e+00
-1.778906751647228557e+00
-1.441539614759886456e+00
-1.040336687002891836e+00
