-6.540110892933675979e-01
-7.961247822404344809e-01
-5.623831842798786562e-01
5.786120387288726796e-01
-2.307546801723675323e+00
-2.231435513142096816e-01
-1.669701329819903268e+00
-1.523980583617136064e+00
-9.894273690229603568e-01
-2.899445169307079406e-01
-1.277963041285733015e+00
-1.268606754398721925e+01
-3.070403622945132582e+00
-9.909274517374977442e-01
7.224381780373019257e-01
-1.542314139188903255e+00
-1.319008444185052253e+00
-2.591997318939522010e+00
-1.180139785529851659e+00
-1.976670026239498723e+00
-1.236808314108156059e+00
-1.271751520824756065e+00
-8.721111907858549728e-01
