-6.599821691700307191e-01
-8.575402104449232343e-01
-5.567883065230802009e-01
6.241420508358597186e-01
-2.818721919303072365e+00
-2.328293537268812052e+00
-1.253324021533711141e+00
-7.744873825897662378e-01
-2.350667943443962571e+00
-1.509733444924244772e+00
-1.303071566516614599e+00
-4.224233159205614818e+00
-2.676851959375520007e+00
-6.063434727252713374e-01
-9.126498722616469550e-01
-1.677333231879041486e+00
-1.580142461659896913e+00
-2.494855823186308719e+00
-1.707821726264450390e+00
-2.038023400765639259e+00
-1.741363631628796815e+00
-8.266119924390964435e-01
-1.398070154001496812e+00
