-6.889894979733657276e-01
-7.255227714396950134e-01
-5.989978260722818026e-01
7.201912020054304087e-01
-2.504665656294193798e+00
-6.375287333817905022e-01
3.364722366212128946e-01
-1.204057246214800259e+00
-8.286994381101494556e-01
-9.974080819448706281e-01
-9.949492729980192740e-01
-2.742697888955537788e+00
-2.819208330176662614e+00
-7.888101977777387530e-01
-1.002055065309850779e+00
-1.372172426319533844e+00
-1.243904406063879753e+00
-1.362041794822019591e+00
-1.101894818651206087e+00
-2.631008416348258994e+00
-1.631299641966593716e+00
