-6.382828279552568151e-01
-7.321436739119987491e-01
-6.550525398330578897e-01
5.831376553089737680e-01
-3.038485339452832168e+00
-1.898214827459137499e+00
-9.812211445231036056e-01
-6.529459693441814760e-01
-8.262762222640472887e-01
-9.195811693676617660e-01
-2.401714389151976992e+00
-3.899956705061590423e+00
-1.420409262746865187e+00
-1.530315873271338889e+00
-3.595742613942367605e+00
-1.502017602504363891e+00
-1.649142379836006977e+00
-1.754995067668326802e+00
-1.151353303847266307e+00
-9.524897201263108348e-01
