-7.100922245486757101e-01
-9.464068248841521758e-01
-4.712902815486850749e-01
6.921039920238973853e-01
-2.466693297693853815e+00
3.364722366212128946e-01
-9.889593486346638374e-01
-1.388267315392648638e-01
-2.572451167201159627e-01
-1.278964554670390941e+00
-1.323510156722518616e+01
-2.377844571222523573e+00
-7.323209105082508774e-01
-7.557248953196907815e-01
-1.428505202944331920e+00
-8.402927880849858644e-01
-2.136853640631798168e+00
-1.566779817753179538e+00
-2.117051252134014572e+00
-7.911679809223934878e-01
-1.091778164335797108e+00
-1.304281516071904790e+00
