-6.510164374078825089e-01
-7.896970685567887838e-01
-5.350318911039610992e-01
4.749256386388125972e-01
-2.220996430633388474e+00
3.803285343743225133e-01
-1.745780984016807924e+00
-8.221081066627150546e-02
-2.800911533386037267e+00
-1.264192251611730544e+00
-1.510315996616514500e+00
-2.266425818309819373e+00
-3.527549633823211739e+00
-6.417338640200059841e-01
-6.509957218393811473e-01
-1.641106010578224916e+00
-1.488634126724698081e+00
-6.816069397495839510e+00
-4.924380554751347505e-01
-1.960363420942909274e+00
-1.286194887434326972e+00
-2.873489728960828549e-01
-9.586231481686426914e-01
