-6.808720351094021961e-01
-8.107021675805415883e-01
-4.449779449258587372e-01
7.389989956589744224e-01
-2.382926078387752611e+00
-2.724352897421165931e+00
-1.343441707049187084e+00
-8.542295539849451558e-01
-5.655044127824300215e-01
-7.776118926327073577e-01
-2.604646370390191201e+00
-3.162383883818079777e+00
-3.152967399346547905e-01
-1.416112112442354312e-02
-1.041729992165497665e+00
-1.275324800117565660e+00
-2.263940016172128811e+00
-1.463414898553840660e+00
-2.143761796733787417e+00
-1.546595766462503407e+00
-4.856422239057867074e-01
-8.000132588834937275e-01
