-6.675547220485020805e-01
-8.873689841691974056e-01
-4.800759473268966793e-01
4.843023788853151879e-01
-4.878293735143637733e+00
-2.231435513142096816e-01
3.364722366212128390e-01
-2.152447496935907090e+00
-8.078792709336390931e-01
-1.946277965701256774e+00
-1.603927635623489723e+00
-4.922801476773897456e+00
-2.498672204273583386e+00
-3.938920045085394506e-01
-8.538110813695805046e-01
-1.193402385871001670e+00
-1.644402833066577418e+00
-3.373210886165713518e+00
-1.249719051377074619e+00
-2.801586077588843260e+00
-3.045093861340850694e+00
-1.690616354294420143e+00
-1.148971362891858083e+00
