-6.092781376757696599e-01
-6.773188540553070069e-01
-6.202834018787715120e-01
6.962907280233956442e-01
-2.520622583318598231e+00
3.364722366212128390e-01
-1.523883718781242624e+00
-2.891898009058015973e-01
-7.799322225999921754e-01
-1.549006713271471547e+00
-2.953431866545052298e+00
-3.837493832933048132e+00
-7.921128401904110605e-01
-1.056468973470730655e+00
-1.401533690002711996e+00
-1.252636473513460746e+00
-2.804007990583121668e+00
-1.323739625231706407e+00
-1.774217123900885706e+00
-1.548689315597103766e+00
-1.031607306441026717e+00
-9.213910579962758529e-01
