-7.123836740371496390e-01
-7.676385957339024735e-01
-4.588954694646789068e-01
5.634494871490604018e-01
-1.577141227189373440e+00
3.364722366212128946e-01
-1.567257886964502189e+00
-1.061603277088795316e+00
-8.262962614731380606e-01
-1.221849602663620304e+00
-3.096345734792370852e+00
-2.553055886629742144e+00
-1.184465057561258361e-01
1.991805255039951206e-01
-1.314559241881502416e+00
-1.315340019752679446e+00
-2.797709544941721749e+00
-1.086527121764530257e+00
-3.447094879152651004e+00
-1.914074543687344976e+00
-9.781385012517936905e-01
-1.345082431532989897e+00
