-6.378685896538205391e-01
-6.290427436259614646e-01
-6.647009793558293911e-01
6.473180051922242662e-01
-3.329009061679258696e+00
3.364722366212128946e-01
-2.381444773478184285e+00
-9.681012245642333092e-01
-9.719137997350210112e-01
-2.689308846038636958e+00
-4.132351020658228791e+00
-3.158252877256058966e+00
-4.828941606487998639e-01
-1.075037017593048372e+00
-1.766354366739353976e+00
-1.414892130623723876e+00
-1.109001845762092486e+01
-1.795293347173488208e+00
-2.399242120801404088e+00
-1.614634655597600332e+00
-1.649642567208905231e+00
-1.258242894654109989e+00
