-7.323993084551729815e-01
-8.176882093191113476e-01
-5.091361262911182628e-01
5.202687275458771632e-01
-2.255313964673523408e+00
1.788587861307059379e-01
-2.447211179518941737e+00
-8.337022850268518415e-01
-1.513298728917634173e-01
-5.860942326522299295e-01
-4.018718210032739435e+00
-1.175069887753767084e+01
-2.817152877381595921e+00
-1.014980127088050077e+00
-1.064190749320685692e+00
-9.177482866380356485e-01
-8.646708677836181245e-01
-2.901797582362124484e+00
-1.455061987977475102e+00
-2.857104549563259877e+00
-1.005446705962744991e+00
-1.630356615534102716e+00
-1.012842626923709854e+00
