-6.369023163894211859e-01
-8.153381434414543882e-01
-5.214413438771527964e-01
4.691282293843097029e-01
-1.747516977311173170e+00
3.364722366212128946e-01
-7.823125103206112207e-01
1.504520807214473066e-01
-6.455044471599217237e-01
-7.256929800903868522e-01
-2.713333828032916895e+00
-3.796878375735321498e+00
-8.184948425735919519e-01
-8.006244978350727237e-01
-1.348506423402046295e+00
-1.210647766030955585e+00
-1.965835054148739491e+00
-1.000048128779834844e+00
-1.847326460517507485e+00
-8.805193459009982293e-01
-1.367565998975379449e+00
-5.579957604555287887e-01
