-6.908015780606947542e-01
-8.734256016048667082e-01
-5.387447562811313873e-01
6.069096894728432945e-01
-2.754611368569812591e+00
-2.088197017739253702e+00
-1.817061836637707595e+00
-1.477417707585775064e+00
-8.364348212256768056e-01
-6.438306063744102525e-01
-1.322697153917023805e+00
-3.229300128355432342e+00
-3.072478347388985398e+00
-8.376031111096041704e-01
-1.033461175763081163e+00
-1.598047188850105327e+00
-1.291956897952390992e+00
-2.728372733267186323e+00
-1.516784034151443361e+00
-2.125709077074640074e+00
-1.595750537796113200e+00
-1.020494201208902663e+00
-8.984038786195597259e-01
