-7.167194512400453243e-01
-7.646877424041350624e-01
-4.587204249968863667e-01
5.475620788678149387e-01
-1.605611888795838160e+00
-2.539959211022563945e+00
-2.539206428804626103e+00
-9.317796718464583794e-01
-1.546270760271566402e+00
-8.229455586216862795e-01
-1.192763894481789988e+00
-4.404292982521302413e+00
-2.316872313717289966e+00
-2.174102155701003736e-01
1.675112600697158394e-01
-1.341148112711276097e+00
-1.403758377625682341e+00
-3.093595437081076760e+00
-1.127291882127627431e+00
-3.457759866503378188e+00
-1.999195335040042432e+00
-1.028203212813909806e+00
-1.409625618066859376e+00
