-7.418140367044928629e-01
-9.559524850336004187e-01
-5.138443536342288676e-01
7.012817404256036502e-01
-2.436087008370293905e+00
-2.231435513142096816e-01
3.364722366212128390e-01
-1.591348585982076624e+00
-1.051794055160817143e+00
-4.038086303442273706e-01
-1.973953942395351602e+00
-3.257173192823773711e+00
-2.332365538399080673e+00
-6.270892763825174354e-01
-8.724826901807084534e-01
-1.312356733172541867e+00
-1.335805831992757042e+00
-2.902260335335013597e+00
-1.207068145032021533e+00
-1.871808135608669321e+00
-1.468108695458272051e+00
-1.120903468652962420e+00
-8.854902036866630910e-01
