-7.433859442877738255e-01
-9.564379159105299566e-01
-5.159547855659216697e-01
7.185497176230397631e-01
-2.552036286992774183e+00
-1.031651948855266010e+00
-1.710880377047388823e+00
-8.068506262887328306e-01
-1.592763758477318436e+00
-3.463164930217678128e-01
-2.287754157888925111e+00
-3.384974589130466338e+00
-2.315632768291906896e+00
-6.322866982828736493e-01
-9.442810659632384640e-01
-1.365506632647996321e+00
-1.446160717052975109e+00
-3.007836424178698564e+00
-1.310159001402829704e+00
-1.934287851291408344e+00
-1.572478132201550860e+00
-1.175531267492161192e+00
-9.510867010927676057e-01
