-6.092775668190428817e-01
-6.773194193434204369e-01
-6.202824873233149239e-01
6.962939071192144613e-01
-2.520622595508211994e+00
3.364722366212128946e-01
-1.523885002369232522e+00
-2.891906553107960187e-01
-7.799282996927744405e-01
-1.549005589986032438e+00
-2.953366588583765662e+00
-3.837553170575277672e+00
-7.921136387203672191e-01
-1.056470414609430142e+00
-1.401538418599242553e+00
-1.252640233880299769e+00
-2.804052157481163654e+00
-1.323741179321390238e+00
-1.774202393459173965e+00
-1.548693333429700392e+00
-1.031614122513597964e+00
-9.213871404956773814e-01
