134,-1078.965916310284,0.2930348258706468,0.19999999999999998,0.22089552238805976,0.28606965174129345,1.2,0.9,1.0,0.0,0.144,0.84,0.21599999999999997,0.21599999999999997,0.6116254291931695,0,7.485573837722491,7.340716497516831,0.04968812238612272,0,0.5945369988315917,0.5803356387153834,0.0,0,0.0,0.0,0.0,0.0,0.0,0.0,0.0,0.0,0.0,0.0,5.257255330779795,27.402978538996063,39.860274214773014,36.319393795998
134,-986.3279273903603,0.23362497797094994,0.24449239482811033,0.17494354609993445,0.3469390811010053,1.515940373215563,0.6376208897216531,1.0093402751661105,0.0,0.05651629158164691,0.3567961107445293,0.08538157418173203,0.08538157418173203,0.2400472298266049,0,2.95893554591822,2.901675602684248,0.01950130842304631,0,0.23501159661816612,0.22939801105222388,0.0,0,0.0,0.0,0.0,0.0,0.0,0.0,0.0,0.0,0.0,0.0,3.8310814496792784,15.987847986917895,38.018909854871595,34.27981923372046
134,-938.3319914668259,0.31009873983383424,0.19993913570740457,0.19843526052348187,0.2915268639352794,1.9995817106499096,0.42837819101643243,1.0122513766723942,0.0,0.02753696004132749,0.22171749544982047,0.08028114389911005,0.08028114389911005,0.11696045141633392,0,2.7821779186741336,2.7283385067579626,0.00950180444913369,0,0.22097273313214835,0.21569448574764652,0.0,0,0.0,0.0,0.0,0.0,0.0,0.0,0.0,0.0,0.0,0.0,3.167529443010955,14.464118382819745,38.06875000848537,34.53693381337007
134,-888.088977496972,0.32079664239939343,0.19182713442773805,0.1866847907560706,0.3006914324167979,3.6630565780833035,0.1801203301656415,1.016196040283452,0.0,3.059023205018258e-07,0.08859073203701447,0.08682924320873647,0.08682924320873647,1.2992891532508034e-06,0,3.0091051449655604,2.950874343005894,1.0555355513398374e-07,0,0.23899628550065072,0.23328751998479377,0.0,0,0.0,0.0,0.0,0.0,0.0,0.0,0.0,0.0,0.0,0.0,0.00015781460414367404,13.67032748359592,40.56367438815285,37.176777540490406
134,-880.9976412705713,0.28688357350829174,0.19391386878814237,0.2028407994359996,0.3163617582675663,5.073357442013546,0.11247705605115946,1.0157530256773921,0.0,0.018296528607476912,0.09274487807794442,0.07444834947046751,0.07444834947046751,0.07771265390481369,0,2.580039893785892,2.5301121628275896,0.0063133343936771415,0,0.2049180475098948,0.2000232890798604,0.0,0,0.0,0.0,0.0,0.0,0.0,0.0,0.0,0.0,0.0,0.0,3.4514417453752158,13.18388341299367,38.98897381836625,35.092012179667265
134,-871.0690094211336,0.295631905536785,0.1913487128851828,0.19826433383495196,0.3147550477430802,6.118218147824673,0.0853832474380095,1.0144246632593301,0.0,0.018064846236202466,0.10714711373929077,0.08908226750308829,0.08908226750308829,0.07672860647587464,0,3.0871846806764545,3.0274429198894803,0.006233390907436921,0,0.2451977035666627,0.23934080837786756,0.0,0,0.0,0.0,0.0,0.0,0.0,0.0,0.0,0.0,0.0,0.0,3.2240762732508674,13.731753398757757,39.73905039569365,35.82632680477847
134,-862.7933780028613,0.2568042362751203,0.19997377816184628,0.25110362916604956,0.29211835639698386,10.229420034624876,0.03882058704880858,1.0113217535934882,0.0,3.059023205018258e-07,0.17084013182036822,0.17084013182036822,0.17084013182036822,1.2992891532508034e-06,0,5.920538986979676,5.805967472646885,1.0555355513398374e-07,0,0.4702350891318298,0.4590028565657116,0.0,0,0.0,0.0,0.0,0.0,0.0,0.0,0.0,0.0,0.0,0.0,5.0706599228147807e-05,17.153630844306768,45.47054801543926,42.3690981234981
134,-858.1591032814706,0.30836831102132634,0.20252357236187069,0.17591299996796833,0.31319511664883454,10.762052035594689,0.03567137916259568,1.011722090622306,0.0,3.059023205018258e-07,0.15976179090022916,0.15976179090022916,0.15976179090022916,1.2992891532508034e-06,0,5.536614269585401,5.429472287658086,1.0555355513398374e-07,0,0.4397421096749192,0.42923824520554643,0.0,0,0.0,0.0,0.0,0.0,0.0,0.0,0.0,0.0,0.0,0.0,5.341283875853193e-05,16.486049506344145,45.43455609205333,41.78847550114975
134,-856.9999151742691,0.2937027092957244,0.19695572160911803,0.2029192577811646,0.306422311313993,10.660166921290015,0.03615158208797446,1.0123045859085325,0.0,3.059023205018258e-07,0.14837691120566202,0.14837691120566202,0.14837691120566202,1.2992891532508034e-06,0,5.1420663177924855,5.042559444157376,1.0555355513398374e-07,0,0.4084053865005364,0.39865004414422966,0.0,0,0.0,0.0,0.0,0.0,0.0,0.0,0.0,0.0,0.0,0.0,5.829084365335913e-05,16.10489186631451,44.52208311859825,40.97611567502324
134,-857.0483097202572,0.2989724906868339,0.19517931835167324,0.19945509926500263,0.3063930916964903,10.883180428267687,0.03488291645375337,1.0124927356736706,0.0,0.0014156749121599637,0.14546694519988937,0.1440512702877294,0.1440512702877294,0.006012935942693336,0,4.992159352576475,4.895553408747182,0.0004884876964886654,0,0.3964991199756717,0.3870281756953324,0.0,0,0.0,0.0,0.0,0.0,0.0,0.0,0.0,0.0,0.0,0.0,0.268848552734373,15.975102768095743,44.19997985012577,40.60865951633414
134,-857.0005899912483,0.2951917263152203,0.19644945473270709,0.20194302976342926,0.3064157891886434,10.723114995923085,0.035786195026054284,1.012358085522271,0.0,0.0004097447739550405,0.1475435463402448,0.14713380156628977,0.14713380156628977,0.0017403494668743742,0,5.098985813191071,5.00031261342607,0.0001413850588566128,0,0.40498374449030033,0.3953101329101633,0.0,0,0.0,0.0,0.0,0.0,0.0,0.0,0.0,0.0,0.0,0.0,0.07799543404289588,16.067793488278213,44.4282682782651,40.86931369694982
134,-856.9989624443263,0.2942113098848337,0.1967824086213337,0.2025860417174028,0.3064202397764298,10.681662089467821,0.03602615171738751,1.0123228897864829,0.0,0.00014083798044593296,0.14809125787237515,0.14795041989192922,0.14795041989192922,0.0005981950710898817,0,5.1272860760327905,5.028065222755682,4.8597047284804696e-05,0,0.40723147508528446,0.39750417326940707,0.0,0,0.0,0.0,0.0,0.0,0.0,0.0,0.0,0.0,0.0,0.0,0.026827325184997225,16.092186890893405,44.489798983637435,40.93938209136403
134,-858.0502296308945,0.32861525389505825,0.18857388597082966,0.1785701648253591,0.304240695308753,12.445873320563424,0.02784081169487443,1.0132817853091476,0.0,3.059023205018258e-07,0.13567543002442473,0.13567543002442473,0.13567543002442473,1.2992891532508034e-06,0,4.7018909695026965,4.610902164296228,1.0555355513398374e-07,0,0.37344473602734773,0.3645244784315224,0.0,0,0.0,0.0,0.0,0.0,0.0,0.0,0.0,0.0,0.0,0.0,6.438068842901437e-05,15.692197292333438,44.24134925377906,40.556892416432206
134,-856.8593413042945,0.3027233854722927,0.19464789454672723,0.19673253181221864,0.3058961881687613,11.111176737079683,0.03370927114091108,1.0125701039722097,0.0,0.00010219432657560043,0.14478443307091465,0.14468223874433905,0.14468223874433905,0.0004340600614785316,0,5.01402583855437,4.916996744667771,3.5262806986498806e-05,0,0.3982358518856259,0.38872342329846116,0.0,0,0.0,0.0,0.0,0.0,0.0,0.0,0.0,0.0,0.0,0.0,0.01996918103880649,15.985803962187724,44.41742881491612,40.829316499922285
134,-856.8171703620154,0.30171250194241894,0.19460796688917217,0.19729303416568045,0.3063864970027284,11.338899133967624,0.03240328695743808,1.0126898351831721,0.0,3.059023205018258e-07,0.14464587896311815,0.14464587896311815,0.14464587896311815,1.2992891532508034e-06,0,5.012765774540238,4.915761064825853,1.0555355513398374e-07,0,0.398135772093009,0.3886257340537464,0.0,0,0.0,0.0,0.0,0.0,0.0,0.0,0.0,0.0,0.0,0.0,5.989376812900381e-05,16.005390980636015,44.453050205454225,40.862159500060976
134,-856.8050662980879,0.3002136178480106,0.19453125834083598,0.19833542564174775,0.3069196981694056,11.661549827963805,0.03075094149839625,1.0128182268362342,0.0,2.0113857667590406e-05,0.14466698261734773,0.14464686875968014,0.14464686875968014,8.543157519909935e-05,0,5.012800076370095,4.915794702862667,6.940415426696424e-06,0,0.39813849649429334,0.38862839337883903,0.0,0,0.0,0.0,0.0,0.0,0.0,0.0,0.0,0.0,0.0,0.0,0.003931571462687746,16.03650508439207,44.48519309440714,40.89120403310807
134,-856.8019822070964,0.300236769729397,0.1945117660552981,0.1982678692518149,0.30698359496349004,11.699041457287333,0.03053735167575545,1.0128422654444282,0.0,3.059023205018258e-07,0.14468773051701173,0.14468773051701173,0.14468773051701173,1.2992891532508034e-06,0,5.014216158322154,4.917183381456007,1.0555355513398374e-07,0,0.3982509679136031,0.3887381782586541,0.0,0,0.0,0.0,0.0,0.0,0.0,0.0,0.0,0.0,0.0,0.0,5.979651551454397e-05,16.04080604196846,44.49548235034678,40.900583482198854
134,-856.8012230044837,0.3004715117996551,0.1945047421622909,0.19808330446819727,0.3069404415698568,11.677919900346003,0.030611050817347416,1.0128422382694566,0.0,4.720743664377131e-07,0.14472549278674562,0.1447250207123792,0.1447250207123792,2.005088104052499e-06,0,5.015508466242738,4.918450681235311,1.628922839924197e-07,0,0.39835360865823094,0.388838367283406,0.0,0,0.0,0.0,0.0,0.0,0.0,0.0,0.0,0.0,0.0,0.0,9.225803979491035e-05,16.040159795012492,44.49701134117947,40.901872473148174
134,-856.7981370235398,0.30129251498518844,0.19451358297863902,0.19740339794628178,0.3067905040898908,11.584027819223094,0.0308442344255831,1.0128754680694811,0.0,3.059023205018258e-07,0.14496020428935147,0.14496020428935147,0.14496020428935147,1.2992891532508034e-06,0,5.023658855274431,4.926443347732651,1.0555355513398374e-07,0,0.3990009481861364,0.38947024418783915,0.0,0,0.0,0.0,0.0,0.0,0.0,0.0,0.0,0.0,0.0,0.0,5.9687945225057296e-05,16.041285134848636,44.507798987688645,40.912098674222904
134,-856.7901664580861,0.30229039326705387,0.19470086904214517,0.19643361856538863,0.3065751191254123,11.336659190094556,0.03092909163834489,1.0131509792784028,0.0,2.980706821220874e-05,0.1459011674172371,0.1458713603490249,0.1458713603490249,0.00012660250616862675,0,5.055235364359494,4.957408802913471,1.0285119814581502e-05,0,0.40150889258051353,0.3919182827705242,0.0,0,0.0,0.0,0.0,0.0,0.0,0.0,0.0,0.0,0.0,0.0,0.005772840658698897,16.063918203012253,44.54918715923101,40.954499168990324
134,-856.7787328436605,0.3020885039860678,0.1946073973610305,0.19682211658071147,0.30648198207219024,11.29407027284923,0.03051570805636188,1.0133631444144147,0.0,4.9761243670557554e-05,0.14594243958847528,0.14589267834480474,0.14589267834480474,0.00021135584734160176,0,5.055974148764505,4.958133290706596,1.717043587214124e-05,0,0.40156757006769894,0.3919755586626401,0.0,0,0.0,0.0,0.0,0.0,0.0,0.0,0.0,0.0,0.0,0.0,0.009631556113956604,16.068678062832426,44.548386148490806,40.95488683721281
134,-856.7252001916614,0.29831251174520085,0.19606794278690132,0.19721806305202844,0.3084014824158694,10.389513479517442,0.02713094243230271,1.016095483784015,0.0,0.0002926028680274857,0.1448231154125769,0.1445305125445494,0.1445305125445494,0.0012428010745865507,0,5.008767701185655,4.911840360325635,0.00010096449386861268,0,0.39781822762883395,0.3883157745898279,0.0,0,0.0,0.0,0.0,0.0,0.0,0.0,0.0,0.0,0.0,0.0,0.05678434686637954,16.027484687765707,44.39601100952872,40.79668760419055
134,-856.7563583049325,0.3030819194332754,0.1926054611535744,0.20141257041194122,0.302900049001209,9.93400971184405,0.02687553640963176,1.0169428043332325,0.0,0.00035467681845815184,0.14421313962353471,0.14385846280507655,0.14385846280507655,0.0015064538980162153,0,4.9854775255030335,4.889000885280726,0.00012238350807687,0,0.3959684200585944,0.38651015229906177,0.0,0,0.0,0.0,0.0,0.0,0.0,0.0,0.0,0.0,0.0,0.0,0.06948943809853486,15.989908474643784,44.311459881386185,40.74798516633484
134,-856.7147514523045,0.2998989408783843,0.19491715510832416,0.19861120791991121,0.3065726960933804,10.234919556783074,0.027045268323761026,1.016378740405908,0.0,0.0003134218391367166,0.14461885924350237,0.14430543740436566,0.14430543740436566,0.0013312275477812975,0,5.000967624422316,4.90419122701671,0.00010814821320492252,0,0.39719871143273927,0.38771105641743214,0.0,0,0.0,0.0,0.0,0.0,0.0,0.0,0.0,0.0,0.0,0.0,0.0610155557314675,16.0150739358223,44.36807073407935,40.78063454727406
134,-856.7130192692948,0.30076337121548147,0.19479599962641192,0.19800785533216608,0.30643277382594053,10.286884018329554,0.02722719819744397,1.01621037840791,0.0,0.00029187211162156045,0.1448282853547621,0.14453641324314054,0.14453641324314054,0.0012396972606948168,0,5.008972192458794,4.912040894378852,0.00010071234168991784,0,0.39783446921971993,0.38833162822726197,0.0,0,0.0,0.0,0.0,0.0,0.0,0.0,0.0,0.0,0.0,0.0,0.056755719841743,16.02133761923462,44.39231415778799,40.80326618459358
134,-856.7126074659603,0.3005668097197623,0.19498370249945596,0.19804649705661895,0.3064029907241628,10.223597132792204,0.02770825779915748,1.016102712528473,0.0,0.0002820532988350676,0.14514367171874645,0.14486161841991138,0.14486161841991138,0.0011979928469121354,0,5.020242319139941,4.923092926814961,9.732429744393392e-05,0,0.398729591950284,0.38920536968084923,0.0,0,0.0,0.0,0.0,0.0,0.0,0.0,0.0,0.0,0.0,0.0,0.054733218094221395,16.02630666520718,44.40014218685516,40.813686752199715
134,-856.7136704135341,0.3017619597891767,0.19509795103033306,0.19685855639574634,0.30628153278474385,10.138840773706322,0.026879012079837002,1.0165167069281469,0.0,0.00025147080188591325,0.1465682840423404,0.14631681324045448,0.14631681324045448,0.0010680967856459874,0,5.070672727831823,4.9725474297143215,8.677161097669221e-05,0,0.40273499547491814,0.3931150984569381,0.0,0,0.0,0.0,0.0,0.0,0.0,0.0,0.0,0.0,0.0,0.0,0.04829359839527539,16.081749694468858,44.50415108579939,40.91701383645065
134,-856.7107217562859,0.3010974233127692,0.19503447340701496,0.19751908776072005,0.3063490155194958,10.185839007461285,0.027336576994530622,1.0162866965930093,0.0,0.00026853834388406887,0.14577514056540716,0.1455066022215231,0.1455066022215231,0.001140589443284143,0,5.042594512987623,4.945012571412749,9.266087566859948e-05,0,0.400504900902623,0.39093827285894833,0.0,0,0.0,0.0,0.0,0.0,0.0,0.0,0.0,0.0,0.0,0.0,0.05186963826312499,16.050829240015116,44.4461413069853,40.85937150717499
134,-856.7065805992993,0.30133975984067,0.1949647615633497,0.19722558116483313,0.3064698974311472,10.154737741861487,0.027150611763362694,1.0164496964961245,0.0,0.00024305597311539737,0.14530928408214366,0.14506622810902828,0.14506622810902828,0.0010323556519074193,0,5.027333156805672,4.930046545891129,8.386802040858346e-05,0,0.39929277727667023,0.3897551025263169,0.0,0,0.0,0.0,0.0,0.0,0.0,0.0,0.0,0.0,0.0,0.0,0.047132343163802035,16.03341999545534,44.424557093824085,40.834899821644456
134,-856.685683163351,0.30151243628758184,0.19498793973957385,0.1964273248676338,0.30707229910521056,9.893646332243813,0.026752671501603625,1.0171924790257498,0.0,5.127918809155277e-05,0.1441205508919065,0.14406927170381495,0.14406927170381495,0.0002178031626748141,0,4.9927831994713445,4.896165183247358,1.7694212317736675e-05,0,0.3965486686233301,0.387076540803211,0.0,0,0.0,0.0,0.0,0.0,0.0,0.0,0.0,0.0,0.0,0.0,0.010069189822879882,15.983265880360559,44.37396981089945,40.777208445312105
134,-856.7862137138682,0.2932753912212713,0.19618113943099202,0.20356904499447953,0.3069744243532572,9.701700605379202,0.023860857551946276,1.0184619005410795,0.0,3.059023205018258e-07,0.1476107045490399,0.1476107045490399,0.1476107045490399,1.2992891532508034e-06,0,5.115513093241099,5.0165200652463895,1.0555355513398374e-07,0,0.40629641332408784,0.39659144678562425,0.0,0,0.0,0.0,0.0,0.0,0.0,0.0,0.0,0.0,0.0,0.0,5.8507461360684425e-05,16.162658511671836,44.54412965093968,40.98823426212357
134,-856.6801857027319,0.2999429684946763,0.19521234149253722,0.1977902338102213,0.3070544562025652,9.857192996931866,0.026182224826672703,1.0174315345899143,0.0,4.180693330057199e-05,0.14477177489985507,0.1447299679665545,0.1447299679665545,0.0001775707189111983,0,5.015679915485438,4.918618812672079,1.4425750127967296e-05,0,0.39836722590660983,0.3888516592644787,0.0,0,0.0,0.0,0.0,0.0,0.0,0.0,0.0,0.0,0.0,0.0,0.00816835770377235,16.01658208180885,44.40542787148049,40.81608340791982
134,-856.6816424231172,0.30096281371337774,0.19422688068240532,0.19849739859090343,0.3063129070133135,10.357023512855037,0.026086101593042015,1.0167243053954267,0.0,3.059023205018258e-07,0.14440905598856765,0.14440905598856765,0.14440905598856765,1.2992891532508034e-06,0,5.004558571473262,4.907712683731993,1.0555355513398374e-07,0,0.3974839201460478,0.3879894525157916,0.0,0,0.0,0.0,0.0,0.0,0.0,0.0,0.0,0.0,0.0,0.0,5.999047833735181e-05,16.02575567263324,44.43586286023121,40.84657994779997
134,-1078.965916310284,0.2930348258706468,0.19999999999999998,0.22089552238805976,0.28606965174129345,1.2,0.9,1.0,0.0,0.14399999999999996,0.84,0.21600000000000003,0.21600000000000003,0.611625429193169,0,7.485573837722488,7.340716497516829,0.0496881223861228,0,0.5945369988315897,0.5803356387153819,0.0,0,0.0,0.0,0.0,0.0,0.0,0.0,0.0,0.0,0.0,0.0,5.257255330779795,27.40297853899606,39.86027421477302,36.319393795997996
134,-986.3279273903604,0.23362497797094997,0.24449239482811028,0.17494354609993448,0.3469390811010052,1.515940373215563,0.6376208897216532,1.0093402751661105,0.0,0.056516291581646935,0.35679611074452944,0.08538157418173202,0.08538157418173202,0.24004722982660487,0,2.9589355459182176,2.901675602684246,0.019501308423046357,0,0.23501159661816526,0.22939801105222316,0.0,0,0.0,0.0,0.0,0.0,0.0,0.0,0.0,0.0,0.0,0.0,3.831081449679285,15.987847986917899,38.01890985487158,34.27981923372045
134,-938.3319914633655,0.3100987397632087,0.19993913557939552,0.19843526063016304,0.29152686402723277,1.999581710626594,0.42837819102434865,1.0122513760999268,0.0,0.027536960043266976,0.22171749547356118,0.08028114391286258,0.08028114391286258,0.11696045142457162,0,2.7821779191507314,2.728338507225338,0.009501804449802939,0,0.22097273317000118,0.21569448578459532,0.0,0,0.0,0.0,0.0,0.0,0.0,0.0,0.0,0.0,0.0,0.0,3.1675294433356074,14.464118382972583,38.068750009559395,34.53693381273543
134,-888.0889774474088,0.320796642419207,0.19182713464042755,0.18668479086214795,0.30069143207821747,3.663056578413348,0.18012032975760786,1.016196038176164,0.0,3.059023205018258e-07,0.08859073190902277,0.08682924321609074,0.08682924321609074,1.2992891532508026e-06,0,3.009105145220424,2.950874343255826,1.0555355513398393e-07,0,0.2389962855208924,0.2332875200045521,0.0,0,0.0,0.0,0.0,0.0,0.0,0.0,0.0,0.0,0.0,0.0,0.00015781460418559025,13.670327482444863,40.56367438651405,37.17677754232929
134,-880.9976458170102,0.2868835907975299,0.19391386902624916,0.2028407824089588,0.31636175776726216,5.073356860398908,0.1124770754683104,1.0157530236307366,0.0,0.018296530078801873,0.09274487498343141,0.07444834490462954,0.07444834490462954,0.07771266015411753,0,2.580039735554792,2.5301120076585044,0.0063133349013672554,0,0.2049180349424885,0.20002327681264453,0.0,0,0.0,0.0,0.0,0.0,0.0,0.0,0.0,0.0,0.0,0.0,3.4514419657039466,13.183883126146004,38.98897357677544,35.09201190839882
134,-871.0690179748968,0.29563191454048116,0.1913487076538437,0.1982643378057808,0.3147550399998943,6.118216660442803,0.08538327886366316,1.0144246618474633,0.0,0.01806485025409266,0.1071471054851209,0.08908225523102827,0.08908225523102827,0.07672862354145663,0,3.087184255382881,3.027442502825991,0.00623339229383568,0,0.24519766978798715,0.23934077540604373,0.0,0,0.0,0.0,0.0,0.0,0.0,0.0,0.0,0.0,0.0,0.0,3.2240768721961723,13.731752795116897,39.739049549298635,35.82632594029409
134,-862.7933645824844,0.25680426575524634,0.19997382012216028,0.25110352057260715,0.29211839354998625,10.2294159592862,0.03882061093899469,1.0113217383181174,0.0,3.059023205018258e-07,0.17084012674307397,0.17084012674307397,0.17084012674307397,1.2992891532508026e-06,0,5.920538811023835,5.805967300096061,1.0555355513398393e-07,0,0.4702350751566463,0.4590028429243454,0.0,0,0.0,0.0,0.0,0.0,0.0,0.0,0.0,0.0,0.0,0.0,5.0706598763359314e-05,17.15362971954189,45.47054720994666,42.36909672019493
134,-858.1591120132546,0.308368383880006,0.20252357782634664,0.1759129036400328,0.31319513465361454,10.762052223144883,0.03567137779477962,1.011722074802695,0.0,3.059023205018258e-07,0.15976181050957472,0.15976181050957472,0.15976181050957472,1.2992891532508026e-06,0,5.536614949155787,5.4294729540777436,1.0555355513398393e-07,0,0.43974216364936886,0.42923829789074003,0.0,0,0.0,0.0,0.0,0.0,0.0,0.0,0.0,0.0,0.0,0.0,5.3412831201418475e-05,16.48605009120359,45.43455831955595,41.788477310045536
134,-856.9999159489814,0.29370268835169927,0.196955728274435,0.20291927176320027,0.30642231161066547,10.660165486517865,0.03615159005070347,1.0123045711143326,0.0,3.059023205018258e-07,0.14837691822147434,0.14837691822147434,0.14837691822147434,1.2992891532508026e-06,0,5.142066560928506,5.042559682588343,1.0555355513398393e-07,0,0.40840540581146095,0.39865006299388556,0.0,0,0.0,0.0,0.0,0.0,0.0,0.0,0.0,0.0,0.0,0.0,5.829084072120972e-05,16.104892055054478,44.52208316404363,40.976115840279334
134,-857.0483088225224,0.2989724804287267,0.19517932518637648,0.1994551006366409,0.3063930937482559,10.88317974288484,0.03488292056273859,1.0124927201456988,0.0,0.0014156665399205773,0.14546695529676087,0.14405128875684028,0.14405128875684028,0.0060129003824536936,0,4.9921599926315325,4.895554036416194,0.0004884848075938379,0,0.3964991708116414,0.387028225317013,0.0,0,0.0,0.0,0.0,0.0,0.0,0.0,0.0,0.0,0.0,0.0,0.26884698144290775,15.975103260827657,44.19998156841944,40.60866137466052
134,-857.0005903239919,0.2951917227464217,0.19644945657438315,0.20194303076512196,0.30641578991407326,10.72311437903578,0.03578619836471189,1.0123580710346554,0.0,0.0004097462537821285,0.14754354624223232,0.1471337999884502,0.1471337999884502,0.0017403557522901914,0,5.098985758510351,5.000312559803508,0.00014138556948042874,0,0.4049837401473174,0.39531012867091886,0.0,0,0.0,0.0,0.0,0.0,0.0,0.0,0.0,0.0,0.0,0.0,0.07799571379675715,16.067793407582684,44.4282679262267,40.869313345557345
134,-856.9989630396817,0.2942113007920138,0.19678241161719254,0.20258604739306213,0.30642024019773156,10.6816611839383,0.036026156629796996,1.0123228753102693,0.0,0.00014084012969905246,0.14809125912288418,0.14795041899318512,0.14795041899318512,0.0005982041998250317,0,5.12728604488642,5.0280651922120425,4.8597788898360614e-05,0,0.40723147261150233,0.397504170854715,0.0,0,0.0,0.0,0.0,0.0,0.0,0.0,0.0,0.0,0.0,0.0,0.026827733350361267,16.092186839275456,44.48979851626257,40.939381651065574
134,-858.0502562843978,0.32861553234460383,0.18857382812219403,0.17856993757324968,0.30424070195995245,12.445889221318327,0.02784075340144579,1.0132817725128143,0.0,3.059023205018258e-07,0.13567535836147374,0.13567535836147374,0.13567535836147374,1.2992891532508026e-06,0,4.701888485991994,4.610899728845268,1.0555355513398393e-07,0,0.37344453877606953,0.3645242858918712,0.0,0,0.0,0.0,0.0,0.0,0.0,0.0,0.0,0.0,0.0,0.0,6.438072438745511e-05,15.692195042762137,44.24134915426037,40.55689109909001
134,-856.8593415639616,0.3027233823190757,0.19464789688890138,0.19673252616431186,0.30589619462771106,11.111176535132156,0.0337092725340572,1.0125700881430704,0.0,0.00010219614527125056,0.14478443787218587,0.14468224172691463,0.14468224172691463,0.0004340677862042784,0,5.014025941916819,4.91699684603,3.526343453908253e-05,0,0.3982358600951223,0.3887234313118623,0.0,0,0.0,0.0,0.0,0.0,0.0,0.0,0.0,0.0,0.0,0.0,0.019969534894088654,15.985804068738176,44.417428827912566,40.82931643237907
134,-856.8171704151816,0.3017125028013508,0.1946079660513903,0.1972930312857662,0.30638649986149263,11.338898657842785,0.03240328976119736,1.0126898188835523,0.0,3.059023205018258e-07,0.14464587900075615,0.14464587900075615,0.14464587900075615,1.2992891532508026e-06,0,5.012765775844596,4.915761066104971,1.0555355513398393e-07,0,0.3981357721966056,0.38862573415486873,0.0,0,0.0,0.0,0.0,0.0,0.0,0.0,0.0,0.0,0.0,0.0,5.989376808047581e-05,16.005390922924754,44.453050194766355,40.862159439935326
134,-856.8050663465124,0.3002136201925244,0.194531255820949,0.19833542539533994,0.3069196985911868,11.661549386231432,0.030750945324405594,1.0128182095336453,0.0,2.0113930310972462e-05,0.14466697946945561,0.14464686553914463,0.14464686553914463,8.543188374451407e-05,0,5.012799964761035,4.915794593413414,6.940440492760729e-06,0,0.3981384876298127,0.3886283847260993,0.0,0,0.0,0.0,0.0,0.0,0.0,0.0,0.0,0.0,0.0,0.0,0.003931585761083415,16.036504901321088,44.485192857960584,40.89120376260159
134,-856.8019822494805,0.30023676928834836,0.19451176399361741,0.19826787051361153,0.30698359620442267,11.699041564559968,0.030537353153177734,1.012842247983304,0.0,3.059023205018258e-07,0.14468772970119578,0.14468772970119578,0.14468772970119578,1.2992891532508026e-06,0,5.014216130049695,4.917183353730665,1.0555355513398393e-07,0,0.3982509656680796,0.38873817606676836,0.0,0,0.0,0.0,0.0,0.0,0.0,0.0,0.0,0.0,0.0,0.0,5.979651590830667e-05,16.040805995559197,44.495482317449856,40.900583417903434
134,-856.8012230529528,0.30047151073632317,0.19450474083493036,0.1980833051903628,0.3069404432383837,11.677920054815825,0.030611052306302153,1.0128422206287904,0.0,4.7209767741389465e-07,0.14472549407796645,0.14472502198028903,0.14472502198028903,2.0051871150650808e-06,0,5.015508510182701,4.918450724324969,1.6290032759406892e-07,0,0.3983536121481337,0.3888383706899477,0.0,0,0.0,0.0,0.0,0.0,0.0,0.0,0.0,0.0,0.0,0.0,9.226259447389942e-05,16.040159828765137,44.497011434915834,40.90187253711363
134,-856.7981371210358,0.3012925144465667,0.19451358416079134,0.19740339419816713,0.30679050719447487,11.584028520989337,0.03084423545083441,1.0128754492475014,0.0,3.059023205018258e-07,0.1449602141160887,0.1449602141160887,0.1449602141160887,1.2992891532508026e-06,0,5.023659195824275,4.9264436816923345,1.0555355513398393e-07,0,0.39900097523409267,0.38947027058971684,0.0,0,0.0,0.0,0.0,0.0,0.0,0.0,0.0,0.0,0.0,0.0,5.968794047463316e-05,16.041285504706433,44.507799665078636,40.9120993199993
134,-856.7901668282107,0.3022903395525804,0.19470086406948786,0.19643365989817374,0.306575136479758,11.336675695261565,0.03092907736422628,1.0131509435488926,0.0,2.9805720959672137e-05,0.1459011483931349,0.14587134267217522,0.14587134267217522,0.00012659678384980075,0,5.055234751760587,4.957408202169293,1.0284654936463993e-05,0,0.40150884392522895,0.3919182352774404,0.0,0,0.0,0.0,0.0,0.0,0.0,0.0,0.0,0.0,0.0,0.0,0.005772580533709996,16.06391836490873,44.5491872526564,40.954499167884556
134,-856.7787334186178,0.3020884650501541,0.19460739797840482,0.19682214231797582,0.3064819946534654,11.29408292757684,0.0305157056525795,1.0133631080786334,0.0,4.976007037305286e-05,0.14594244177102894,0.1458926817006559,0.1458926817006559,0.00021135086387917193,0,5.055974265062981,4.95813340475452,1.7170031018321768e-05,0,0.40156757930463116,0.3919755676789353,0.0,0,0.0,0.0,0.0,0.0,0.0,0.0,0.0,0.0,0.0,0.0,0.009631328838092038,16.06867872850033,44.548387189153004,40.95488784555132
134,-856.7252016524282,0.29831235043324617,0.1960680809071015,0.19721793763297218,0.3084016310266801,10.389472130153809,0.027130869647526878,1.0160955447004631,0.0,0.00029261317810009776,0.14482316475379534,0.14453055157569525,0.14453055157569525,0.001242844865576733,0,5.008769053826967,4.911841686791264,0.0001009680514252084,0,0.39781833506151915,0.38831587945633117,0.0,0,0.0,0.0,0.0,0.0,0.0,0.0,0.0,0.0,0.0,0.0,0.0567863088373408,16.02748536938761,44.39600967068318,40.796685645155094
134,-856.7563591290774,0.30308194341017475,0.19260546945623366,0.20141252875780163,0.30290005837579,9.933983973886297,0.026875521227133155,1.0169428180782514,0.0,0.0003546832259594631,0.14421308417706077,0.1438584009511013,0.1438584009511013,0.0015064811132296835,0,4.985475381926647,4.8889987831858335,0.00012238571902624065,0,0.3959682498063855,0.3865099861135688,0.0,0,0.0,0.0,0.0,0.0,0.0,0.0,0.0,0.0,0.0,0.0,0.06949071661962616,15.989905221811023,44.31145376592575,40.74797881778294
134,-856.7147517379981,0.29989889377626044,0.19491721174840357,0.1986111565826176,0.30657273789271833,10.234878473406269,0.027045212077143367,1.01637879497931,0.0,0.00031343154182162227,0.1446188666564254,0.14430543511460375,0.14430543511460375,0.001331268758953656,0,5.000967545069619,4.904191149199611,0.00010815156117849957,0,0.39719870513020006,0.38771105026543823,0.0,0,0.0,0.0,0.0,0.0,0.0,0.0,0.0,0.0,0.0,0.0,0.061017429761142605,16.01507287842779,44.36806685609491,40.780630571040234
134,-856.7130194697896,0.30076340155737574,0.19479599896553132,0.19800781828153946,0.3064327811955535,10.286883496500273,0.027227202193720816,1.016210344938041,0.0,0.0002918734368788301,0.1448282752223809,0.14453640178550206,0.14453640178550206,0.001239702889590971,0,5.0089717953893516,4.912040504993314,0.00010071279897842779,0,0.39783443768272786,0.38833159744357587,0.0,0,0.0,0.0,0.0,0.0,0.0,0.0,0.0,0.0,0.0,0.0,0.0567559802863231,16.021337034878155,44.39231355097317,40.80326534958377
134,-856.7126078141745,0.30056676593077414,0.19498369799246948,0.19804655402673876,0.30640298205001765,10.223609763862486,0.027708328093390255,1.0161026315244617,0.0,0.00028205127910614777,0.14514367203092177,0.1448616207518156,0.1448616207518156,0.0011979842683179165,0,5.020242399953092,4.923093006064255,9.732360052353302e-05,0,0.39872959836881655,0.3892053759460663,0.0,0,0.0,0.0,0.0,0.0,0.0,0.0,0.0,0.0,0.0,0.0,0.054732828704916484,16.026306689370273,44.40014231117546,40.81368712469225
134,-856.7136651536889,0.3017609998077667,0.19509798343184986,0.19685950959963852,0.3062815071607449,10.138889737427519,0.026879255582491456,1.0165164966973745,0.0,0.0002514757483556284,0.14656815840023385,0.14631668265187825,0.14631668265187825,0.0010681177952755877,0,5.07066820222798,4.972542991687857,8.6773317787752e-05,0,0.4027346360316751,0.3931147475995073,0.0,0,0.0,0.0,0.0,0.0,0.0,0.0,0.0,0.0,0.0,0.0,0.048294592674726716,16.08174746369717,44.50413539848961,40.917001871123645
134,-856.7107212757305,0.30109727705190026,0.19503451438178016,0.19751924016151373,0.30634896840480574,10.185846292320184,0.02733651425994551,1.0162866634846686,0.0,0.00026853162419230686,0.1457754475079797,0.1455069158837874,0.1455069158837874,0.0011405609020733228,0,5.042605383089655,4.945023231161628,9.265855699591444e-05,0,0.4005057642536459,0.3909391155876069,0.0,0,0.0,0.0,0.0,0.0,0.0,0.0,0.0,0.0,0.0,0.0,0.05186822557755234,16.050842381046078,44.446160917397606,40.85939273767413
134,-856.7065781416537,0.3013399121797265,0.19496477456066932,0.1972253709569416,0.30646994230266267,10.154702186074442,0.027150425913510967,1.0164498090221818,0.0,0.00024303701900716036,0.1453092766388988,0.14506623961989165,0.14506623961989165,0.0010322751462505755,0,5.02733355571964,4.9300469370855,8.386148017212667e-05,0,0.39929280896016034,0.38975513345300206,0.0,0,0.0,0.0,0.0,0.0,0.0,0.0,0.0,0.0,0.0,0.0,0.04712868420756343,16.033419863071984,44.424560611394554,40.83490249653286
134,-856.6856915531686,0.3015128519203527,0.19498796188821213,0.1964272662450653,0.3070719199463699,9.893749036311288,0.02675284427733607,1.0171921265821182,0.0,5.1363877042276175e-05,0.1441214146540543,0.14407005077701202,0.14407005077701202,0.00021816287042366204,0,4.9928101985914415,4.896191659893052,1.7723434782655435e-05,0,0.39655081301147893,0.38707863396960535,0.0,0,0.0,0.0,0.0,0.0,0.0,0.0,0.0,0.0,0.0,0.0,0.010085736516405657,15.98329881704732,44.374014106616,40.777256050978906
134,-856.7861413879385,0.29327627281619956,0.19618123531939852,0.20356792019894956,0.3069745716654525,9.701494747152944,0.0238625356895431,1.0184614878566165,0.0,3.059023205018258e-07,0.14760819438362838,0.14760819438362838,0.14760819438362838,1.2992891532508026e-06,0,5.115426102368259,5.0164347577804245,1.0555355513398393e-07,0,0.40628950412866816,0.3965847026261445,0.0,0,0.0,0.0,0.0,0.0,0.0,0.0,0.0,0.0,0.0,0.0,5.8508599897217916e-05,16.16253230557762,44.543942825995195,40.9880411786132
134,-856.6801918671842,0.29994269029228604,0.1952124900229233,0.1977906522850156,0.30705416739977504,9.857218388171754,0.026182426626530402,1.017431290497493,0.0,4.18710274453661e-05,0.1447723416784381,0.14473047065099273,0.14473047065099273,0.00017784295230577088,0,5.015697336233025,4.9186358963014705,1.4447866223180959e-05,0,0.3983686095385402,0.3888530098463967,0.0,0,0.0,0.0,0.0,0.0,0.0,0.0,0.0,0.0,0.0,0.0,0.008180836518812577,16.016602746073133,44.40544561766691,40.81610669189942
134,-856.6816320455141,0.3009619828536307,0.19422750703934258,0.19849717556351842,0.30631333454350834,10.356692025122316,0.02608600128292779,1.0167247998845388,0.0,3.059023205018258e-07,0.14440903571515215,0.14440903571515215,0.14440903571515215,1.2992891532508026e-06,0,5.004557868889237,4.907711994744048,1.0555355513398393e-07,0,0.3974838643437519,0.38798939804641297,0.0,0,0.0,0.0,0.0,0.0,0.0,0.0,0.0,0.0,0.0,0.0,5.999048325985904e-05,16.02574348003405,44.435831998187666,40.84655050221206
134,-856.6779519101246,0.30042301358272555,0.1947478738307226,0.19812357387690263,0.30670553870964923,10.089722939066979,0.026136902829013445,1.017098009727306,0.0,2.209766576723811e-05,0.14460087296690807,0.14457877530114083,0.14457877530114083,9.385759936843202e-05,0,5.010440267982305,4.913480560388255,7.624941118681693e-06,0,0.39795107019577325,0.3884454440234964,0.0,0,0.0,0.0,0.0,0.0,0.0,0.0,0.0,0.0,0.0,0.0,0.004325053222988262,16.021018951480997,44.41995969636626,40.8306373637202
134,-856.6734546504401,0.300252643187889,0.1950278619591039,0.19811797558749875,0.30660151926550827,9.97968467877376,0.026682100923331894,1.0170186394081764,0.0,3.059023205018258e-07,0.14489436900060074,0.14489436900060074,0.14489436900060074,1.2992891532508026e-06,0,5.02137730474169,4.924205948703707,1.0555355513398393e-07,0,0.39881973746858373,0.38929336194549,0.0,0,0.0,0.0,0.0,0.0,0.0,0.0,0.0,0.0,0.0,0.0,5.977843901533138e-05,16.022789342393544,44.42227344868026,40.83727741745113
134,-856.6933665196698,0.2998123080420615,0.19577713001479025,0.19813693376587865,0.3062736281772697,9.732090787404378,0.028143839395665008,1.0167144140378035,0.0,6.615274771526499e-05,0.14581350634622256,0.14574735359850732,0.14574735359850732,0.00028097710217816937,0,5.050937856547568,4.953194458472137,2.282642933787773e-05,0,0.40116756572269924,0.3915851089891961,0.0,0,0.0,0.0,0.0,0.0,0.0,0.0,0.0,0.0,0.0,0.0,0.012830515063971277,16.031774990998912,44.41896528339743,40.84496646758416
134,-856.6737152744633,0.3002372038795007,0.19505407080216583,0.1981186447417258,0.3065900805766077,9.970903967128832,0.02673200998526071,1.017007978477424,0.0,2.304251887994749e-06,0.14492647540591455,0.14492417115402656,0.14492417115402656,9.787076735860824e-06,0,5.022410111315728,4.925218768885719,7.950968737440114e-07,0,0.3989017674818083,0.3893734325554135,0.0,0,0.0,0.0,0.0,0.0,0.0,0.0,0.0,0.0,0.0,0.0,0.0004501738661684688,16.023128725475978,44.42220466924201,40.837596851362065
134,-856.6734452305286,0.3002516610274757,0.195029529080736,0.19811801816484326,0.3066007917269451,9.979125883385835,0.026685272998642325,1.0170179612337924,0.0,1.4655046850841573e-07,0.14489641116527818,0.14489626461480967,0.14489626461480967,6.224582861105541e-07,0,5.02144299807562,4.92427037077082,5.0568177881873596e-08,0,0.3988249551203556,0.38929845496624327,0.0,0,0.0,0.0,0.0,0.0,0.0,0.0,0.0,0.0,0.0,0.0,2.8638156753544165e-05,16.022818737912512,44.42229633811746,40.837328197683895
134,-856.6734316268023,0.3002524280118953,0.19502822719782548,0.19811798491564073,0.3066013598746385,9.97956225291891,0.02668279584230313,1.017018490830921,0.0,3.210653510770232e-08,0.1448948164039255,0.14489478429739042,0.14489478429739042,1.363692591330138e-07,0,5.021391697032355,4.924220062481464,1.1078565596012928e-08,0,0.39882088056722703,0.38929447773959974,0.0,0,0.0,0.0,0.0,0.0,0.0,0.0,0.0,0.0,0.0,0.0,6.27418029733456e-06,16.022802263877722,44.42230116784336,40.837313912717214
134,-856.6734291158995,0.30025257002803385,0.1950279861401999,0.19811797875907478,0.30660146507269154,9.9796430538146,0.02668233719375146,1.0170185888919072,0.0,1.0916200481836815e-08,0.14489452111757614,0.14489451020137567,0.14489451020137567,4.636545697820918e-08,0,5.021382198115887,4.924210747383605,3.766704899534448e-09,0,0.3988201261217548,0.3892937413151285,0.0,0,0.0,0.0,0.0,0.0,0.0,0.0,0.0,0.0,0.0,0.0,2.133222300340356e-06,16.022799213202646,44.422302061753285,40.83731126733183
134,-856.6734282627608,0.30025261831353633,0.1950279041806685,0.1981179766658355,0.30660150083995974,9.979670526268166,0.02668218125503981,1.0170186222326447,0.0,3.7115056728797103e-09,0.14489442072035444,0.14489441700884875,0.14489441700884875,1.5764244792555103e-08,0,5.021378968488381,4.924207580254348,1.280678806325251e-09,0,0.3988198696106193,0.38929349093112553,0.0,0,0.0,0.0,0.0,0.0,0.0,0.0,0.0,0.0,0.0,0.0,7.252956971452864e-07,16.02279817595038,44.42230236565641,40.83731036787515
134,-856.6734279727592,0.3002526347306089,0.19502787631443497,0.1981179759541333,0.3066015130008229,9.979679866919607,0.026682128236085453,1.0170186335684956,0.0,1.2619116379254258e-09,0.14489438658531492,0.1448943853234033,0.1448943853234033,5.359841994097178e-09,0,5.021377870415503,4.924206503430865,4.354306937896615e-10,0,0.39881978239687094,0.38929340580060134,0.0,0,0.0,0.0,0.0,0.0,0.0,0.0,0.0,0.0,0.0,0.0,2.4660054890128633e-07,16.022797823281984,44.42230246898042,40.837310062056886
134,-856.6734278741662,0.3002526403124138,0.19502786683991638,0.19811797571215448,0.3066015171355154,9.979683042743089,0.02668211020966496,1.017018637422685,0.0,4.2904992349331363e-10,0.1448943749794033,0.14489437455035337,0.14489437455035337,1.8223461361242663e-09,0,5.0213774970707785,4.924206137310933,1.4804642436314165e-10,0,0.39881975274420073,0.3892933768562272,0.0,0,0.0,0.0,0.0,0.0,0.0,0.0,0.0,0.0,0.0,0.0,8.3844189127274e-08,16.022797703374422,44.42230250411025,40.83730995807835
134,-856.6734278406454,0.30025264221022746,0.19502786361858016,0.19811797562988165,0.3066015185413108,9.9796841225233,0.02668210408068478,1.0170186387331093,0.0,1.458769629368944e-10,0.1448943710333936,0.14489437088751664,0.14489437088751664,6.195976393449588e-10,0,5.02137737013358,4.924206012830164,5.033578047030771e-11,0,0.39881974266229353,0.38929336701514067,0.0,0,0.0,0.0,0.0,0.0,0.0,0.0,0.0,0.0,0.0,0.0,2.8507022175549768e-08,16.022797662605818,44.42230251605436,40.83730992272561
134,-856.6734278292483,0.3002526428554841,0.1950278625233258,0.1981179756019089,0.3066015190192811,9.9796844896486,0.02668210199683183,1.0170186391786538,0.0,4.959815825257844e-11,0.1448943696917503,0.14489436964215213,0.14489436964215213,2.106631585307223e-10,0,5.021377326974933,4.924205970506702,1.7114162204030588e-11,0,0.398819739234445,0.3892933636691712,0.0,0,0.0,0.0,0.0,0.0,0.0,0.0,0.0,0.0,0.0,0.0,9.692386876837723e-09,16.022797648744486,44.42230252011532,40.837309910705656
134,-856.6734278253737,0.3002526430748714,0.19502786215093934,0.19811797559239816,0.30660151918179107,9.979684614471205,0.026682101288321866,1.0170186393301388,0.0,1.6863372144136463e-11,0.14489436923559157,0.1448943692187282,0.1448943692187282,7.162546684237221e-11,0,5.0213773123009915,4.924205956116725,5.8188145759762974e-12,0,0.3988197380689765,0.38929336253154156,0.0,0,0.0,0.0,0.0,0.0,0.0,0.0,0.0,0.0,0.0,0.0,3.2954119971557222e-09,16.02279764403164,44.42230252149606,40.83730990661887
134,-856.6734278240561,0.30025264314946304,0.19502786202432792,0.19811797558916458,0.30660151923704443,9.979684656910893,0.026682101047428484,1.0170186393816436,0.0,5.733536549235245e-12,0.1448943690804976,0.14489436907476408,0.14489436907476408,2.4352616338338393e-11,0,5.021377307311853,4.924205951224134,1.97839351224798e-12,0,0.3988197376727173,0.3892933621447476,0.0,0,0.0,0.0,0.0,0.0,0.0,0.0,0.0,0.0,0.0,0.0,1.1204351925266379e-09,16.022797642429264,44.42230252196551,40.837309905229375
134,-856.6734278236082,0.30025264317482425,0.19502786198128005,0.19811797558806507,0.30660151925583057,9.979684671340383,0.026682100965524737,1.0170186393991554,0.0,1.949395026237555e-12,0.14489436902776565,0.14489436902581626,0.14489436902581626,8.279858122149817e-12,0,5.021377305615545,4.924205949560652,6.726512405735467e-13,0,0.3988197375379891,0.38929336201323755,0.0,0,0.0,0.0,0.0,0.0,0.0,0.0,0.0,0.0,0.0,0.0,3.8094667814498845e-10,16.022797641884466,44.42230252212511,40.83730990475694
134,-856.673427823456,0.300252643183447,0.1950278619666438,0.1981179755876913,0.3066015192622179,9.97968467624641,0.026682100937677464,1.0170186394051093,0.0,6.627962392195321e-13,0.1448943690098368,0.144894369009174,0.144894369009174,2.815159960279616e-12,0,5.0213773050388,4.924205948995068,2.2870208785695864e-13,0,0.39881973749218147,0.3892933619685241,0.0,0,0.0,0.0,0.0,0.0,0.0,0.0,0.0,0.0,0.0,0.0,1.2952379374182234e-10,16.022797641699228,44.42230252217939,40.83730990459631
134,-856.673427823404,0.3002526431863788,0.19502786196166746,0.19811797558756417,0.3066015192643896,9.979684677914461,0.02668210092820938,1.0170186394071337,0.0,2.2533978250076679e-13,0.144894369003741,0.14489436900351566,0.14489436900351566,9.571079249050477e-13,0,5.021377304842708,4.92420594880277,7.775493535666942e-14,0,0.398819737476607,0.38929336195332165,0.0,0,0.0,0.0,0.0,0.0,0.0,0.0,0.0,0.0,0.0,0.0,4.403319486907736e-11,16.022797641636252,44.42230252219785,40.83730990454171
134,-856.6734278233866,0.30025264318737555,0.1950278619599755,0.19811797558752095,0.306601519265128,9.979684678481599,0.02668210092499024,1.017018639407822,0.0,7.660394376451344e-14,0.1448943690016684,0.1448943690015918,0.1448943690015918,3.253674998809717e-13,0,5.021377304776036,4.924205948737389,2.6432681479380647e-14,0,0.3988197374713116,0.3892933619481528,0.0,0,0.0,0.0,0.0,0.0,0.0,0.0,0.0,0.0,0.0,0.0,1.4968298961836983e-11,16.022797641614837,44.422302522204106,40.837309904523124
134,-856.6734278233866,0.30025264318737555,0.1950278619599755,0.19811797558752095,0.306601519265128,9.979684678481599,0.02668210092499024,1.017018639407822,0.0,7.660394376451344e-14,0.1448943690016684,0.1448943690015918,0.1448943690015918,3.253674998809717e-13,0,5.021377304776036,4.924205948737389,2.6432681479380647e-14,0,0.3988197374713116,0.3892933619481528,0.0,0,0.0,0.0,0.0,0.0,0.0,0.0,0.0,0.0,0.0,0.0,1.4968298961836983e-11,16.022797641614837,44.422302522204106,40.837309904523124
134,-856.6734278233866,0.30025264318737555,0.1950278619599755,0.19811797558752095,0.306601519265128,9.979684678481599,0.02668210092499024,1.017018639407822,0.0,7.660394376451344e-14,0.1448943690016684,0.1448943690015918,0.1448943690015918,3.253674998809717e-13,0,5.021377304776036,4.924205948737389,2.6432681479380647e-14,0,0.3988197374713116,0.3892933619481528,0.0,0,0.0,0.0,0.0,0.0,0.0,0.0,0.0,0.0,0.0,0.0,1.4968298961836983e-11,16.022797641614837,44.422302522204106,40.837309904523124
134,-856.673427823382,0.30025264318763234,0.1950278619595397,0.19811797558750982,0.3066015192653181,9.979684678627681,0.026682100924161067,1.0170186394079992,0.0,3.830197188211554e-14,0.14489436900113456,0.14489436900109626,0.14489436900109626,1.626837499398862e-13,0,5.021377304758863,4.924205948720547,1.3216340739641608e-14,0,0.39881973746994764,0.38929336194682135,0.0,0,0.0,0.0,0.0,0.0,0.0,0.0,0.0,0.0,0.0,0.0,7.485057997890349e-12,16.02279764160932,44.422302522205726,40.83730990451835
134,-856.6734278233789,0.30025264318780176,0.19502786195925206,0.1981179755875025,0.30660151926544366,9.979684678724093,0.02668210092361381,1.0170186394081162,0.0,1.3013983726399074e-14,0.14489436900078226,0.14489436900076924,0.14489436900076924,5.5275579042859393e-14,0,5.02137730474753,4.924205948709434,4.49055844533561e-15,0,0.39881973746904753,0.3892933619459428,0.0,0,0.0,0.0,0.0,0.0,0.0,0.0,0.0,0.0,0.0,0.0,2.5445227853358925e-12,16.022797641605685,44.42230252220679,40.83730990451518
134,-1134.577297389536,0.29606187757633545,0.19197842294033526,0.20022559309149407,0.31173410639183524,9.977275349929242,0.026737683542253487,1.0193926900764805,0.0,0.14405133580183802,0.14544849555473352,0.001397159752895503,0.001397159752895503,0.6118434728170036,0,0.04841917821015459,0.04748219281364145,0.0497058361333764,0,0.0038456628072906377,0.0037538036925186882,0.0,0,0.0,0.0,0.0,0.0,0.0,0.0,0.0,0.0,0.0,0.0,17.480306516477533,13.951647694011257,37.7044181549345,33.301871362809536
134,-858.6199686173413,0.3001686622081902,0.19496676751468078,0.19816041231009726,0.30670415796703177,9.979636722307418,0.02668320600850286,1.0170658341233119,0.0,0.012796295484371896,0.1449053766868047,0.13210908120243278,0.13210908120243278,0.05435097026188593,0,4.578297601733733,4.489700517844855,0.004415443723030982,0,0.3636284104467276,0.35494262972090773,0.0,0,0.0,0.0,0.0,0.0,0.0,0.0,0.0,0.0,0.0,0.0,2.091915583315168,15.781397515030168,42.78094990529942,39.077165812614034
134,-856.7544770014102,0.30024845268961486,0.19502481347235268,0.19812009329621144,0.306606640541821,9.979682286145751,0.026682156056661768,1.01702099397387,0.0,0.0006668066905722891,0.1448949181713335,0.1442281114807612,0.1442281114807612,0.0028321939465982848,0,4.998287860946798,4.901563321076482,0.0002300859197850099,0,0.39698587290240606,0.38750330183750387,0.0,0,0.0,0.0,0.0,0.0,0.0,0.0,0.0,0.0,0.0,0.0,0.12873546672937192,16.009985942131635,44.31564124489647,40.72403411410806
134,-856.6778163878979,0.30025241358061433,0.19502769492537236,0.19811809162227503,0.30660179987173825,9.979684547676884,0.026682103944194076,1.0170187684193868,0.0,3.661523787651314e-05,0.14489439909070684,0.14485778385283032,0.14485778385283032,0.00015551951792522453,0,5.020109430551877,4.922962609824992,1.263432236670267e-05,0,0.3987190373576706,0.38919506719966207,0.0,0,0.0,0.0,0.0,0.0,0.0,0.0,0.0,0.0,0.0,0.0,0.007150446255348873,16.022093906027955,44.416360766777814,40.8310036535607
134,-856.6736710817047,0.3002526304523433,0.19502785269430295,0.19811798202356035,0.30660153482979335,9.979684671502257,0.026682101090888925,1.0170186465639928,0.0,2.031165770603319e-06,0.14489437066959726,0.14489233950382666,0.14489233950382666,8.627171084775897e-06,0,5.021306971649302,4.924136976664582,7.008667596961193e-07,0,0.3988141513069115,0.38928790921721845,0.0,0,0.0,0.0,0.0,0.0,0.0,0.0,0.0,0.0,0.0,0.0,0.000396911981164252,16.022758602527716,44.421972649882946,40.8369598085219
134,-856.6734432939334,0.30025264237791416,0.19502786136986686,0.1981179759968293,0.3066015202553898,9.979684678311294,0.026682100933988442,1.017018639863283,0.0,1.291820548231578e-07,0.14489436910674816,0.14489423992469333,0.14489423992469333,5.486877064254819e-07,0,5.021372831560043,4.92420156208499,4.457509548711036e-08,0,0.398819382188942,0.3892930151522068,0.0,0,0.0,0.0,0.0,0.0,0.0,0.0,0.0,0.0,0.0,0.0,2.524447285631625e-05,16.022795158718232,44.42228154141763,40.83728763748577
134,-856.6734310904495,0.30025264301683824,0.19502786183466855,0.19811797567394132,0.3066015194745519,9.979684678676096,0.026682100925582347,1.0170186395042862,0.0,2.7280729966424806e-08,0.14489436902301697,0.14489434174228702,0.14489434174228702,1.1587214010012169e-07,0,5.021376360092986,4.924205022335405,9.413390620517249e-09,0,0.3988196624404539,0.38929328870951363,0.0,0,0.0,0.0,0.0,0.0,0.0,0.0,0.0,0.0,0.0,0.0,5.3311502580883215e-06,16.022797117266787,44.42229809146339,40.83730520214105
134,-856.6734289341817,0.30025264312973177,0.19502786191679586,0.19811797561688918,0.30660151933658314,9.979684678740556,0.026682100924097046,1.0170186394408538,0.0,9.275448755491015e-09,0.14489436900822225,0.14489435973277354,0.14489435973277354,3.9396530041919715e-08,0,5.021376983561112,4.924205633738467,3.2005530065906118e-09,0,0.3988197119590181,0.3892933370452566,0.0,0,0.0,0.0,0.0,0.0,0.0,0.0,0.0,0.0,0.0,0.0,1.8125918051545291e-06,16.02279746332921,44.42230101575366,40.83730830570616
134,-856.6734282010509,0.30025264316811556,0.19502786194471916,0.19811797559749153,0.3066015192896738,9.979684678762473,0.026682100923592043,1.0170186394192868,0.0,3.1536526324167766e-09,0.14489436900319203,0.14489436584953938,0.14489436584953938,1.3394820450194991e-08,0,5.02137719554029,4.924205841615522,1.088188041408633e-09,0,0.3988197287953311,0.38929335347941035,0.0,0,0.0,0.0,0.0,0.0,0.0,0.0,0.0,0.0,0.0,0.0,6.162812922581503e-07,16.02279758099045,44.42230201001303,40.83730936091897
134,-856.6734279517864,0.30025264318116607,0.19502786195421312,0.1981179755908962,0.3066015192737246,9.979684678769923,0.026682100923420347,1.017018639411954,0.0,1.0722419056261388e-09,0.14489436900148178,0.14489436792923988,0.14489436792923988,4.55423899810756e-09,0,5.021377267613214,4.924205912293725,3.699839377380634e-10,0,0.39881973451967784,0.38929335906702295,0.0,0,0.0,0.0,0.0,0.0,0.0,0.0,0.0,0.0,0.0,0.0,2.0953565099828466e-07,16.022797620995263,44.42230234806126,40.8373097196914
134,-856.6734278670365,0.3002526431856032,0.195027861957441,0.1981179755886539,0.3066015192683018,9.979684678772458,0.026682100923361967,1.017018639409461,0.0,3.645622382595213e-10,0.14489436900090033,0.14489436863633806,0.14489436863633806,1.5484412183548756e-09,0,5.021377292118009,4.924205936324314,1.2579453549998583e-10,0,0.39881973646595575,0.3892933609668113,0.0,0,0.0,0.0,0.0,0.0,0.0,0.0,0.0,0.0,0.0,0.0,7.124211976427278e-08,16.022797634596913,44.42230246299766,40.83730984167402
134,-856.6734278382214,0.30025264318711187,0.19502786195853855,0.19811797558789146,0.3066015192664581,9.979684678773317,0.02668210092334212,1.0170186394086131,0.0,1.2395116519055953e-10,0.1448943690007026,0.14489436887675144,0.14489436887675144,5.264700320046485e-10,0,5.021377300449639,4.924205944494714,4.2770143513132274e-11,0,0.39881973712769025,0.3892933616127393,0.0,0,0.0,0.0,0.0,0.0,0.0,0.0,0.0,0.0,0.0,0.0,2.4222323481812752e-08,16.022797639221466,44.422302502076064,40.83730988314812
134,-856.6734278284245,0.30025264318762485,0.19502786195891167,0.19811797558763225,0.3066015192658313,9.979684678773609,0.026682100923335363,1.017018639408325,0.0,4.214338136518475e-11,0.14489436900063535,0.14489436895849198,0.14489436895849198,1.789997480217537e-10,0,5.021377303282392,4.924205947272649,1.4541843687766303e-11,0,0.39881973735267995,0.38929336183235475,0.0,0,0.0,0.0,0.0,0.0,0.0,0.0,0.0,0.0,0.0,0.0,8.235583312021905e-09,16.022797640793808,44.4223025153627,40.83730989724931
134,-856.6734278250934,0.30025264318779926,0.1950278619590385,0.1981179755875441,0.30660151926561807,9.979684678773706,0.026682100923333077,1.017018639408227,0.0,1.4328749985890717e-11,0.1448943690006125,0.14489436898628374,0.14489436898628374,6.085991569390296e-11,0,5.0213773042455285,4.924205948217147,4.944226964854816e-12,0,0.39881973742917637,0.389293361907024,0.0,0,0.0,0.0,0.0,0.0,0.0,0.0,0.0,0.0,0.0,0.0,2.8000989205711277e-09,16.022797641328403,44.42230251988017,40.83730990204373
134,-856.6734278239609,0.3002526431878585,0.19502786195908164,0.19811797558751415,0.3066015192655457,9.979684678773742,0.026682100923332296,1.0170186394081937,0.0,4.871766308489077e-12,0.1448943690006047,0.14489436899573294,0.14489436899573294,2.0692334439989257e-11,0,5.021377304572995,4.924205948538276,1.6810341706444097e-12,0,0.3988197374551852,0.3892933619324115,0.0,0,0.0,0.0,0.0,0.0,0.0,0.0,0.0,0.0,0.0,0.0,9.520305124557608e-10,16.022797641510174,44.42230252141612,40.83730990367383
134,-856.6734278235759,0.30025264318787864,0.19502786195909633,0.198117975587504,0.306601519265521,9.979684678773756,0.026682100923332036,1.0170186394081824,0.0,1.6563953972041904e-12,0.14489436900060207,0.14489436899894567,0.14489436899894567,7.035371845337519e-12,0,5.021377304684333,4.924205948647461,5.715498417784189e-13,0,0.39881973746402816,0.3892933619410433,0.0,0,0.0,0.0,0.0,0.0,0.0,0.0,0.0,0.0,0.0,0.0,3.2369214336047337e-10,16.02279764157197,44.42230252193833,40.83730990422806
134,-856.6734278234451,0.3002526431878855,0.19502786195910132,0.19811797558750047,0.30660151926551266,9.97968467877376,0.02668210092333194,1.0170186394081784,0.0,5.631725046686464e-13,0.14489436900060118,0.14489436900003802,0.14489436900003802,2.3920182283177285e-12,0,5.021377304722189,4.924205948684584,1.9432628011440988e-13,0,0.39881973746703486,0.3892933619439781,0.0,0,0.0,0.0,0.0,0.0,0.0,0.0,0.0,0.0,0.0,0.0,1.1005545631585709e-10,16.022797641592984,44.422302522115885,40.8373099044165
134,-856.6734278234004,0.30025264318788786,0.19502786195910304,0.19811797558749933,0.3066015192655098,9.97968467877376,0.026682100923331904,1.017018639408177,0.0,1.9147768639695158e-13,0.14489436900060088,0.1448943690004094,0.1448943690004094,8.132820980795178e-13,0,5.021377304735059,4.924205948697204,6.607060219377343e-14,0,0.39881973746805705,0.38929336194497594,0.0,0,0.0,0.0,0.0,0.0,0.0,0.0,0.0,0.0,0.0,0.0,3.7418399955234264e-11,16.022797641600125,44.422302522176246,40.83730990448056
134,-856.6734278233853,0.30025264318788863,0.19502786195910363,0.19811797558749894,0.3066015192655088,9.97968467877376,0.026682100923331894,1.0170186394081766,0.0,6.51020916448344e-14,0.1448943690006008,0.14489436900053568,0.14489436900053568,2.7651454683086716e-13,0,5.021377304739436,4.924205948701497,2.2463893730841075e-14,0,0.39881973746840466,0.3892933619453152,0.0,0,0.0,0.0,0.0,0.0,0.0,0.0,0.0,0.0,0.0,0.0,1.2719555521481243e-11,16.02279764160255,44.42230252219677,40.83730990450235
134,-856.6734278233802,0.30025264318788897,0.19502786195910377,0.19811797558749877,0.30660151926550844,9.97968467877376,0.026682100923331894,1.0170186394081766,0.0,2.2118946382912552e-14,0.14489436900060076,0.14489436900057864,0.14489436900057864,9.394798663020546e-14,0,5.021377304740924,4.924205948702957,7.632284131432273e-15,0,0.3988197374685229,0.3892933619454307,0.0,0,0.0,0.0,0.0,0.0,0.0,0.0,0.0,0.0,0.0,0.0,4.3227577796141726e-12,16.022797641603383,44.422302522203765,40.83730990450975
