-7.268737518333618919e-01
-7.386072584675447139e-01
-4.979135623600620120e-01
6.533285404857497314e-01
-4.540824036261796870e+00
3.364722366212128946e-01
-3.203927358140191917e+00
-5.120990091630486241e-01
-1.042808369831666360e+00
-3.650560938553973678e+00
-5.024207802640894727e+00
-3.073431537880225051e+00
-6.314074871279219403e-01
-1.137885649487066164e+00
-1.868235214991727844e+00
-1.760862229365152798e+00
-2.913491805025880677e+00
-1.766835726236315685e+00
-2.097178282907150138e+00
-2.651207429296651874e+00
-1.212341639933078197e+00
-1.801191036622641128e+00
