-7.414478795470592631e-01
-9.599322474922035164e-01
-5.173288849928139310e-01
7.179872014924569834e-01
-2.506618729466762119e+00
-6.266990302719493977e-01
-1.759881331168392515e+00
-9.394124991171802774e-01
-1.460154584289903523e+00
-3.594229548599363611e-01
-2.189221362858414732e+00
-3.339765034107331498e+00
-2.348341786005250675e+00
-6.434067106232256306e-01
-9.374129535908416466e-01
-1.366267451052516568e+00
-1.442155232265711629e+00
-3.007791023740677083e+00
-1.312977269774337596e+00
-1.937383696217176210e+00
-1.569230989314060798e+00
-1.181404148761401762e+00
-9.532573706432552196e-01
