-6.561624867835460506e-01
-8.179621016206272133e-01
-6.757110883751895614e-01
5.927879179402132381e-01
-2.198924742586133796e+00
-8.156672519271429556e-01
-1.040623421866590181e+00
-4.754005807844203790e-01
-8.109515413737985456e-01
-2.247320049390954200e+00
-3.261060329830240079e+00
-3.243185410997975193e+00
-8.863783456109286529e-01
-8.841086428491631288e-01
-1.614803927312167042e+00
-1.465744644518052864e+00
-2.846698339105838471e+00
-1.685148062004298231e+00
-1.810887177251826907e+00
-2.353186665267410493e+00
-1.034985476051711206e+00
-1.103999925366003110e+00
