-6.063996222219630861e-01
-6.826427605896587814e-01
-6.245270897858634651e-01
7.073126163488625551e-01
-2.601396510350455049e+00
8.661229920680320049e-01
-2.765681131243168611e+00
-1.045153729575616586e+00
-4.456132314247004955e-01
-7.621140943352225916e-01
-1.588330025087115516e+00
-3.062051171642317993e+00
-4.150060325632749958e+00
-7.860725245515010062e-01
-1.147374860693759935e+00
-1.433318132247750620e+00
-1.308172433284660485e+00
-2.796636698360539963e+00
-1.360751381993944964e+00
-1.825428644871525341e+00
-1.618750933179249563e+00
-1.078817115042737695e+00
-9.672423836532606511e-01
