-6.971161226854618587e-01
-7.199263125916361972e-01
-5.377957950282677979e-01
4.324120165251139625e-01
-1.541519059869181030e+00
-8.571788290934094778e-01
-1.144996752941322526e+00
-6.212011435349108490e-01
-1.101162822782895345e+00
-4.579361001333389636e-01
-6.786589599394981853e+00
-2.148522474190144749e+00
-1.455768223725097288e+00
-7.064791844115608788e-01
-2.429471767229876011e+00
-7.354968976222725496e-01
-2.166457505449702392e+00
-1.481580376976890934e+00
-8.421774606525863627e-01
-8.823944642891957679e-01
