-6.524906571105453246e-01
-7.970831108094934558e-01
-5.592383969831132839e-01
5.984449139735452672e-01
-2.339879203218804715e+00
-3.030336648903567465e+00
-1.745705087637993813e+00
-1.374209541071067298e+00
-1.085135288600101999e+00
-2.827568077079878339e-01
-1.173468536295599440e+00
-1.033410064388536220e+01
-3.061236485337775814e+00
-1.067524541990083620e+00
7.274105429049939620e-01
-1.515453599923047623e+00
-1.343333967795959039e+00
-2.640503149845487396e+00
-1.198744013891779092e+00
-1.982117421918655698e+00
-1.237120367344607841e+00
-1.291297734035746103e+00
-8.710863225277815092e-01
