-6.417438011172300616e-01
-8.111407408471631442e-01
-6.174787685610685362e-01
7.121229269410034313e-01
-3.360172749694246619e+00
-1.592452070417568200e+00
-1.449695894434428034e+00
-5.451585326835909351e-01
-9.788864292468144601e-01
-1.011628092077658581e+00
-3.114702778252676385e+00
-2.932639269068651799e+00
-7.390831807642395113e-01
1.259254486797794392e+00
-1.120684875935288982e+00
-1.239667533164263702e+00
-3.747457413824145434e+00
-1.494034214467893307e+00
-1.043619610570014622e+00
-1.071863740380158303e+00
