-7.063464426835814880e-01
-7.662259383045845196e-01
-5.148817859631500404e-01
7.818193648547088204e-01
-4.044036915054619818e+00
3.364722366212128390e-01
-2.899460997715185950e+00
-7.495520181093799916e-01
-1.164305944269717674e+00
-2.582197885449425412e-01
-3.490445974001019636e+00
-2.424395883159450982e+00
-1.642512500570792566e+00
-1.433901729552019999e+00
-3.790889322708884901e+00
-1.608785231386779202e+00
-1.840374506369491181e+00
-1.916357667738596282e+00
-1.549592191181653922e+00
-7.882429851183965219e-01
