-6.424396172111919157e-01
-7.545895282089760681e-01
-5.629472179390243580e-01
5.203788344156572432e-01
-2.853608917888638352e+00
3.129442017674438081e-01
-1.589459284744098255e+00
5.446168907577355472e-02
-8.679814309094364688e+00
-1.102265474471919138e+00
-1.143825331668780310e+00
-1.855914196774945735e+00
-1.066414438827780486e+01
-1.182650456037932951e+00
-8.131323440214197618e-01
-1.060786780472595892e+00
-8.081789746136409658e-01
-3.178841540030965085e+00
-1.792548532233235070e+00
-2.840225809973369042e+00
-2.303606936470311783e+00
-9.713361004320207881e-01
-1.131379737228754623e+00
