-6.526951341632249992e-01
-7.888478876935320905e-01
-6.062324079724742409e-01
6.488722153167162388e-01
-3.015459801777209847e+00
-1.677080081827925895e+00
-1.597274537476266687e+00
-2.153467128018190735e+00
-8.124216881480073038e-01
-1.585281749755530711e+00
-1.499830722926009496e+00
-3.360957433537025807e+00
-3.278894840537509570e+00
-8.540570814400784139e-01
-5.905035126583516591e-01
-1.692109594270359896e+00
-1.374082035152339287e+00
-3.925002937291903304e+00
-1.604652990693425263e+00
-2.173891373282008654e+00
-1.461574098676216460e+00
-1.500213596451777098e+00
-1.279872043298820206e+00
