-6.878048296700858266e-01
-8.225254139974548240e-01
-4.848479215533933462e-01
7.157258729528033214e-01
-2.141430761205504574e+00
-9.369002353303569341e-01
-2.212035183125715676e+00
-1.181813321015517948e+00
-8.606776939141067562e-01
-6.137498675872917753e-01
-1.332650349770799325e+00
-3.586265495415033477e+00
-3.548912410847811394e+00
-9.514284428458427145e-01
-6.730474553022510742e-01
-1.435059493284962961e+00
-1.264975127563240376e+00
-3.155531865331598684e+00
-1.166409931291529256e+00
-1.851970193364234074e+00
-1.886302841673481723e+00
-1.061737208108984865e+00
-1.198557527528838040e+00
