-6.640412398758586132e-01
-8.200655907111983334e-01
-6.572387517457298767e-01
5.725484212530245198e-01
-2.252566169935594331e+00
-1.381551055796427363e+01
-2.287056936557251063e+00
-1.585357432052801052e-01
-9.263693402532360288e-01
-1.530507383333257199e+00
-2.639393390660775829e+00
-4.062141313817929422e+00
-8.124889256658327508e-01
-7.993422079172546324e-01
-1.505888673651570198e+00
-1.376875740000672588e+00
-2.850364788130878679e+00
-1.533967230768322976e+00
-1.684970214928118937e+00
-2.194258018435639279e+00
-8.838164183246359773e-01
-9.973684707567697094e-01
