-7.125155234067566123e-01
-9.491084228287928193e-01
-4.740845814601941655e-01
6.849812821315361955e-01
-2.521222802973167365e+00
-2.969333032402196704e+00
-2.604789464625014261e+00
-6.426141241572324025e-01
-2.725579395107728953e-01
-2.395676502746946213e-01
-1.265782701375113062e+00
-4.229576054132789587e+00
-2.520059704956031155e+00
-7.406538189434243025e-01
-7.839182941448156194e-01
-1.457844536067761654e+00
-8.941025055293262414e-01
-2.144436461669938065e+00
-1.602312512351547369e+00
-2.193398124813570771e+00
-8.395564309581601270e-01
-1.134224789873539807e+00
-1.367234081943117685e+00
