-7.249064852369213607e-01
-1.102370977644311356e+00
-4.689272844256858197e-01
3.781303285264310809e-01
-1.942141247587560793e+00
3.364722366212128946e-01
-1.114341853339416266e+00
-1.026537995387338587e+00
-1.061017172469445491e+00
-9.817686404642989029e-01
-3.119230360849293060e+00
-3.526818820926636011e+00
-3.939358090875343388e-01
-8.771539437544682016e-01
-1.057060804239678964e+00
-8.727755826753612611e-01
-3.210749577137225419e+00
-8.817015942890042979e-01
-1.203416150549637909e+00
-9.097526204746106959e-01
-1.018713057911992070e+00
-6.452321239486962234e-01
