-6.822006355492818974e-01
-7.795229699948194035e-01
-4.905046192314562736e-01
7.168328323681617542e-01
-2.112203601064700287e+00
-2.231435513142096816e-01
3.364722366212128390e-01
-1.561983438418162118e+00
-5.372479439795635470e-01
-9.873535592804034977e-02
-1.158258124463046546e+00
-3.001491047809626611e+00
-2.827247018431067183e+00
-5.345414194067122926e-01
-2.015920582688396079e-01
-1.426712418890100142e+00
-7.310098863528177171e-01
-2.680407254968358632e+00
-1.012239027352817233e+00
-1.595116060154520898e+00
-1.431502193952770563e+00
-9.248766844282441113e-01
-6.198537818177397574e-01
