-6.764312319506686766e-01
-8.410880599724984696e-01
-5.356271531217117188e-01
6.412508300633451563e-01
-2.500668555373515289e+00
-1.456481078496082882e+00
-1.895544975281817424e+00
-1.621526656492308760e+00
-1.356226500205744756e+00
-9.926748975622537996e-01
-1.892596312125417901e+00
-4.947982472407723264e+00
-2.942622779214524087e+00
-6.529722713829172465e-01
-1.802437936822082420e+00
-1.869016514219765890e+00
-1.090167473347814386e+00
-3.654262669608979497e+00
-9.066052534480403269e-01
-1.687538942851041446e+00
-1.687122990548533652e+00
-1.484815178798827295e-01
-1.006968712240964514e+00
