-6.571344591394283619e-01
-8.547020993319041082e-01
-6.243348625028061205e-01
6.594193188285640828e-01
-3.364681103190355849e+00
-1.577796868151154053e+00
-1.628704238704094864e+00
-3.024627756348987062e-01
-2.396026224931405935e+00
-6.204963028861920638e-01
-1.503849305725362795e+00
-3.853920999879030251e+00
-3.093764975477367507e+00
-9.383997973925645164e-01
-7.926193381511208447e-01
-1.033493030720584738e+00
-1.325259278911500527e+00
-4.108613572900168265e+00
-1.499198200732203334e+00
-2.014073217351937561e+00
-1.714437945179230871e+00
-1.261613856131213574e+00
-1.318361579267798733e+00
