-7.110519786153124411e-01
-7.470239072863200658e-01
-4.894029499379323744e-01
4.931342900566877407e-01
-2.384951133226098197e+00
-1.031370948673408838e+00
-1.348261893791947719e+00
-1.745329741231244514e+00
-9.187947898168201677e-01
-9.558891532120926682e-01
-6.381730249629909979e-01
-4.235990918532600347e+00
-2.547586012992685944e+00
-1.497828511967777443e+00
5.467011664723264719e-01
-1.908902518381356384e+00
-1.959656454677737525e+00
-3.108299236150766642e+00
-1.806518766603830262e+00
-4.499292884984989471e-01
-1.216513618222471393e+00
-1.474209778137597793e+00
-1.433356736681516974e+00
