-6.511655451120990090e-01
-8.358727584690301970e-01
-5.218587581343085979e-01
7.009443548735402318e-01
-2.402117007552603933e+00
3.364722366212128946e-01
-1.375231210484880950e+00
-9.659409377473304747e-02
-9.453007230467747046e-01
-1.731095916002270418e-01
-2.549198714262026044e+00
-2.658593029341485003e+00
-1.130068901136335624e+00
-1.059605442724150581e+00
-2.193724186890093630e+00
-1.362935346662600633e+00
-1.752538767610695158e+00
-1.699503740678733221e+00
-9.756396106525879741e-01
-8.802904661853307999e-01
