-6.751822145080137449e-01
-6.921572411454857132e-01
-5.393580356827906153e-01
6.326454717476237555e-01
-1.753477030901494427e+00
-1.838361961267239497e+00
-8.660060204575397158e-01
5.602845934133859201e-02
-5.015135600760962653e-01
-1.285442345891247840e+00
-2.320787927670850515e+00
-2.959857423865102533e+00
-7.132674130439861093e-01
-7.507233917580596883e-01
-1.071218094807566912e+00
-8.356586934643398523e-01
-2.354000564939615181e+00
-1.053399300913703707e+00
-1.652993793541466250e+00
-6.751330557691966883e-01
-8.055619830884790389e-01
-4.585925943663753945e-01
