-6.419724020778100337e-01
-8.246472891660475701e-01
-5.705567514990498301e-01
7.970985273889635847e-01
-2.706311324137039787e+00
-1.766029891480263014e+00
-2.010520105125383150e+00
-2.911640472353372866e-01
-2.541364207797196517e+00
-5.028197518958283929e-01
3.085892740797522432e-02
-1.076330622625762601e+01
-1.195597867008754100e+01
-1.260164961736363720e+00
-1.384967501004622292e+00
-2.990497138056117166e+00
-1.579364178525279216e+00
-2.000162110350228506e+00
-1.658320193006365129e+00
-1.015313898036538598e+00
-9.616556467060030089e-01
