-6.963679149937476165e-01
-8.797741298516479347e-01
-4.917613322962999245e-01
4.939523852067908560e-01
-2.085102816429879269e+00
-2.231435513142097093e-01
3.364722366212128946e-01
-1.006377416499295352e+00
-4.264135697367112954e-01
-9.334584352413529684e-01
-3.313114715779268415e+00
-3.372946793418354794e+00
-3.746017182712114924e+00
-2.902631546572980725e-01
-7.384659713668696446e-01
-1.781162362644085562e+00
-1.573848185198988281e+00
-2.558819855653121866e+00
-1.525638714527031592e+00
-2.315341061780013199e+00
-1.698749229365751123e+00
1.632595335016361338e-01
-2.079500355134397349e+00
