140,-1162.198851778031,0.31952380952380954,0.19952380952380952,0.2228571428571429,0.25809523809523804,1.2,0.9,0.9,0.0,0.144,0.84,0.21599999999999997,0.21599999999999997,0.7306748930829903,0,6.359018054338663,5.841867653399741,0.08991603936513559,0,0.8134869483637505,0.8087983722235721,0.0,0,0.0,0.0,0.0,0.0,0.0,0.0,0.0,0.0,0.0,0.0,6.450024759113828,43.19158275242199,36.44330345813916,42.97547409905373
140,-1086.9077685278212,0.23892978883773738,0.2557783263612055,0.1655235326181065,0.3397683521829506,1.4591917985850944,0.6212973348314745,0.9519046574052243,0.0,0.05768389981595794,0.3652196055085594,0.08716851956755611,0.08716851956755611,0.2926956759071874,0,2.566232359722511,2.357532198409484,0.03601880421240425,0,0.3282891341499866,0.3263970219230462,0.0,0,0.0,0.0,0.0,0.0,0.0,0.0,0.0,0.0,0.0,0.0,4.996719284884529,30.66538656517132,34.084441353588176,41.50081440739537
140,-1048.8113607447333,0.31528914130969166,0.20387535314056252,0.20053930780323093,0.2802961977465149,1.7237826405531291,0.45472851254056973,0.9956675361443599,0.0,0.034442420193145286,0.26884246387171906,0.08414166049534207,0.08414166049534207,0.1747653589732351,0,2.477121936166271,2.2756687256994526,0.021506430624426337,0,0.3168895491972897,0.31506313909639405,0.0,0,0.0,0.0,0.0,0.0,0.0,0.0,0.0,0.0,0.0,0.0,4.399849933029483,29.535970066455235,33.99587274712352,41.95938502046936
140,-1018.1585937228366,0.3496404959924406,0.180219249780499,0.20827649322143127,0.26186376100562914,2.2643044603840754,0.26866167846223676,1.0798238438035221,0.0,0.000906235747426667,0.18354950585396848,0.10780789827557488,0.10780789827557488,0.004598359082353914,0,3.173853571919846,2.9157383042457905,0.0005658689523590922,0,0.40601999156345864,0.40367987332467326,0.0,0,0.0,0.0,0.0,0.0,0.0,0.0,0.0,0.0,0.0,0.0,0.4971193472159926,29.83083450302137,36.80981461970174,45.07044658296154
140,-998.8768688491125,0.30735587536832004,0.2032530301230939,0.18993416887478004,0.29945692563380605,2.910697697645063,0.16003638992475971,1.1855938577520495,0.0,3.059023205018258e-07,0.1473668176305461,0.12778519518191708,0.12778519518191708,1.5521885092118763e-06,0,3.761983163143522,3.456037955169509,1.9101059091755896e-07,0,0.4812573540490925,0.4784836011916944,0.0,0,0.0,0.0,0.0,0.0,0.0,0.0,0.0,0.0,0.0,0.0,0.00011575080855826865,29.40283895273081,38.39925437638061,46.68200756185195
140,-991.9685747395298,0.2988841737169011,0.2042034661941617,0.1964191328158567,0.3004932272730804,3.4579202207317237,0.10689804223179876,1.2985354934966107,0.0,0.010222755729670772,0.14910897197594916,0.1388862162462784,0.1388862162462784,0.051871603817991094,0,4.088796095411427,3.7562726582972936,0.006383261851453073,0,0.5230653899258008,0.5200506741864862,0.0,0,0.0,0.0,0.0,0.0,0.0,0.0,0.0,0.0,0.0,0.0,2.1414590114420227,29.143667646059512,38.23469807288818,46.252510230797924
140,-986.5747353247662,0.3139556160190498,0.20082641539869306,0.195206588479452,0.2900113801028052,4.122566936818785,0.06372275839142674,1.5145146969862733,0.0,3.059023205018258e-07,0.1694334848332736,0.1694334848332736,0.1694334848332736,1.5521885092118763e-06,0,4.988104579001403,4.582444418751375,1.9101059091755896e-07,0,0.6381107802206276,0.6344329941357362,0.0,0,0.0,0.0,0.0,0.0,0.0,0.0,0.0,0.0,0.0,0.0,6.772687220058494e-05,30.591900174213926,41.798527287842674,49.66886725217081
140,-984.7188350127113,0.3017177067201757,0.1983899202588973,0.21629768870988408,0.2835946843110429,4.009068687367671,0.05526716694432395,1.6992640184975212,0.0,3.059023205018258e-07,0.2083167788629102,0.16816273979165738,0.16816273979165738,1.5521885092118763e-06,0,4.950693974084278,4.548076250444264,1.9101059091755896e-07,0,0.6333249723222353,0.629674769500688,0.0,0,0.0,0.0,0.0,0.0,0.0,0.0,0.0,0.0,0.0,0.0,6.590567583665041e-05,32.37206512426457,41.6278773843289,49.258252782530654
140,-982.8579366853146,0.31048266008654946,0.1996327684388804,0.20872695470762312,0.281157616766947,3.749349217057296,0.048819561227683106,1.9650567492489652,0.0,3.059023205018258e-07,0.2612928734766871,0.16534133384816177,0.16534133384816177,1.5521885092118763e-06,0,4.867632069763412,4.471769398044185,1.9101059091755896e-07,0,0.6226991532895056,0.6191101929521642,0.0,0,0.0,0.0,0.0,0.0,0.0,0.0,0.0,0.0,0.0,0.0,6.496239315016751e-05,34.96370583438896,41.52589791923312,48.80115894785058
140,-981.0996320115929,0.3097504645762237,0.2015447569671765,0.20404207037205,0.2846627080845498,3.2877368049935147,0.04495698259702438,2.4351809077163513,0.0,3.059023205018258e-07,0.2986414076938069,0.15879148546195818,0.15879148546195818,1.5521885092118763e-06,0,4.674805198740034,4.294624271090319,1.9101059091755896e-07,0,0.5980314858083112,0.5945846989101611,0.0,0,0.0,0.0,0.0,0.0,0.0,0.0,0.0,0.0,0.0,0.0,6.774340616068857e-05,36.80772266177384,41.12355003589075,48.14468507340857
140,-977.9563084481592,0.30768657884299,0.20766759862941686,0.1983781041235765,0.28626771840401666,2.402269316705123,0.03786758282948503,4.403721571952902,0.0,0.0030178552896754176,0.3416437526935298,0.1464445857067773,0.1464445857067773,0.015312993688357795,0,4.3113137243960304,3.9606939271108725,0.0018843999654495661,0,0.5515312922731481,0.5483525117620226,0.0,0,0.0,0.0,0.0,0.0,0.0,0.0,0.0,0.0,0.0,0.0,0.6854233121026783,38.591111926899,40.08353716734514,46.78651329736665
140,-974.323853285228,0.3004612243859105,0.2076835245497051,0.19352620275975815,0.29832904830462625,1.6757913469202619,0.02905306806720493,10.806010814686639,0.0,3.059023205018258e-07,0.35157127895742524,0.14540127165363192,0.14540127165363192,1.5521885092118763e-06,0,4.280598664672435,3.932476785354357,1.9101059091755896e-07,0,0.5476020220635266,0.5444458881143284,0.0,0,0.0,0.0,0.0,0.0,0.0,0.0,0.0,0.0,0.0,0.0,8.865558294151255e-05,38.7661380237083,40.741094542528344,47.51920793468088
140,-971.6108991527909,0.2963960133032832,0.20775731939086478,0.19129598102582013,0.30455068628003185,1.4079486006302488,0.027438641502495826,20.284114534667655,0.0,0.005569422364837442,0.30805763084966253,0.14769605617137205,0.14769605617137205,0.02825997979834453,0,4.348156887723945,3.9945408013067114,0.003477641670817986,0,0.5562445093528265,0.5530385639594768,0.0,0,0.0,0.0,0.0,0.0,0.0,0.0,0.0,0.0,0.0,0.0,1.3828207458170831,36.08042926987214,40.602084100935215,47.59827715574727
140,-967.8850169473883,0.293744898909818,0.21219200998736845,0.19346064731881082,0.3006024437840028,1.525131468047939,0.030992291327032667,30.31423088022896,0.0,0.005776217349425406,0.20820475092419952,0.16611962373748418,0.16611962373748418,0.02930928468205224,0,4.890544845030591,4.492818780124744,0.003606767962309125,0,0.6256303045256504,0.6220244503392106,0.0,0,0.0,0.0,0.0,0.0,0.0,0.0,0.0,0.0,0.0,0.0,1.4104829967896932,31.481412454772936,42.204037697194366,49.79628327865099
140,-965.0389215894875,0.3093801898640988,0.1917383148173695,0.20035517865767768,0.29852631666085405,1.8266462150556404,0.03757738715978062,40.41326969982862,0.0,0.007072168243673298,0.17915584403417822,0.16506381788825378,0.16506381788825378,0.03588510955077018,0,4.859462028099421,4.464263789203961,0.004415981654131876,0,0.6216539884221548,0.6180710519492029,0.0,0,0.0,0.0,0.0,0.0,0.0,0.0,0.0,0.0,0.0,0.0,1.7839109223790657,30.20686752966509,42.927270378426826,50.88962433794356
140,-960.7503190504294,0.30733174476189973,0.1836222744887478,0.20660689046932015,0.30243909028003235,2.6828978920839774,0.05225782863349825,65.94679211031942,0.0,0.007983394475043426,0.16677746792683842,0.15738253012595302,0.15738253012595302,0.04050879100341452,0,4.633325696798305,4.256518110893589,0.004984966749204241,0,0.5927251581385535,0.5893089545476764,0.0,0,0.0,0.0,0.0,0.0,0.0,0.0,0.0,0.0,0.0,0.0,2.1078735326254647,29.712772737334674,43.53300320928959,51.79295397733124
140,-971.2037528546086,0.3820972646032683,0.17745260294509585,0.23644497934225325,0.20400515310938258,4.14451871642594,0.17908294772848465,596.0330311066988,0.0,0.0024298365557750526,0.18512741574227184,0.1368737557034003,0.1368737557034003,0.012329309483333875,0,4.029549461495658,3.7018442872362622,0.001517231106943855,0,0.5154861751770584,0.5125151426529493,0.0,0,0.0,0.0,0.0,0.0,0.0,0.0,0.0,0.0,0.0,0.0,0.9923809453329024,30.2862339863199,48.53312522336428,56.98605458327417
140,-957.9605113961214,0.32976049702959614,0.18358593782006943,0.21592016328753003,0.2707334018628044,3.0881718828522917,0.07783706618923063,134.42306089800792,0.0,0.006008899358150969,0.17318738272695378,0.15043238651768123,0.15043238651768123,0.030489943722662557,0,4.4287141751073476,4.0685467260248585,0.0037520585501988925,0,0.5665499214969664,0.5632845803018881,0.0,0,0.0,0.0,0.0,0.0,0.0,0.0,0.0,0.0,0.0,0.0,1.7624199620823697,30.011693623850086,44.71479826626795,53.17447132283756
140,-954.262265547671,0.31233258009599196,0.1957648409039194,0.2092396952865083,0.28266288371358034,3.8911524447318557,0.10608631722754504,353.4533636368912,0.0,0.004892477325471245,0.19501719684476576,0.14530957902558586,0.14530957902558586,0.024825071852080945,0,4.277899243018756,3.9299968955495537,0.003054945720764623,0,0.5472566944886348,0.5441025508536406,0.0,0,0.0,0.0,0.0,0.0,0.0,0.0,0.0,0.0,0.0,0.0,1.5026601920406355,30.88855383184903,45.813932789001605,54.25907457011381
140,-953.2970874145736,0.3067351732344543,0.2013461685274633,0.20289855857692288,0.28902009966115955,3.8888965145134953,0.10966753412057018,660.4714549996494,0.0,0.0036272513457894485,0.22311963042546262,0.1476054480874722,0.1476054480874722,0.01840514923104054,0,4.345489394939741,3.9920902437397157,0.002264917186078091,0,0.5559032663265823,0.5526992877059189,0.0,0,0.0,0.0,0.0,0.0,0.0,0.0,0.0,0.0,0.0,0.0,1.1090778268080412,31.99948853619165,46.35283704383822,54.70571091018505
140,-953.056545086677,0.306527407161107,0.20349797876913342,0.2004148445567059,0.2895597695130537,3.861825213055827,0.11172226419571739,1047.4472664379641,0.0,0.0025201127560900986,0.23098230731313016,0.15032777794038202,0.15032777794038202,0.012787382768147311,0,4.42563450921992,4.065717515543412,0.0015736010957026227,0,0.5661559506065968,0.5628928800841092,0.0,0,0.0,0.0,0.0,0.0,0.0,0.0,0.0,0.0,0.0,0.0,0.7802327285697709,32.32761157186037,46.8793072803668,55.20029750288059
140,-952.9131839746292,0.30191827568418755,0.2038524364285758,0.20480018557058527,0.28942910231665137,3.811905724551467,0.10904029383833042,1958.9916805410114,0.0,0.0017265552927766474,0.23763653600075338,0.15104273761863662,0.15104273761863662,0.008760768082996166,0,4.44668284950763,4.085054088774341,0.0010780903727179738,0,0.5688485911939416,0.5655700014914139,0.0,0,0.0,0.0,0.0,0.0,0.0,0.0,0.0,0.0,0.0,0.0,0.5450581672151387,32.64942561961088,46.93408338661594,55.23014599733686
140,-952.7414948426964,0.30936800532392783,0.20309511950627493,0.19809364104448865,0.2894432341253086,3.8742186852077896,0.1082999466859764,4828.230114987568,0.0,0.0011732076541201223,0.231112570732146,0.1517227763174565,0.1517227763174565,0.005953009564155321,0,4.466703119708762,4.1034462002451555,0.0007325707334121063,0,0.571409714369276,0.5681163634944443,0.0,0,0.0,0.0,0.0,0.0,0.0,0.0,0.0,0.0,0.0,0.0,0.3850941053190786,32.452379623579255,47.1087943529164,55.44095656926302
140,-952.6870908825953,0.3083772709188033,0.20274500790261657,0.20051633779321196,0.2883613833853682,3.9293235374976074,0.10845721306776357,7225.359232985456,0.0,0.0012053335078378784,0.22860031643196094,0.1511286164949305,0.1511286164949305,0.006116020360894357,0,4.449211114900403,4.087376741688839,0.0007526306606865809,0,0.5691720233467435,0.5658915695254644,0.0,0,0.0,0.0,0.0,0.0,0.0,0.0,0.0,0.0,0.0,0.0,0.40163508334096043,32.36963281900522,47.061073324755576,55.401136721432785
140,-952.6572826535628,0.30798067753328634,0.20211760982587737,0.20205617875189738,0.28784553388893896,3.97441377026242,0.10693917621120266,13296.817127234892,0.0,0.0013061618526226731,0.22689363910330296,0.15047579706163688,0.15047579706163688,0.0066276366112093905,0,4.429992177110878,4.069720793860743,0.0008155895872059632,0,0.5667134118253427,0.5634471283448912,0.0,0,0.0,0.0,0.0,0.0,0.0,0.0,0.0,0.0,0.0,0.0,0.4392940889592667,32.331589529773375,46.91601935785732,55.26287969756774
140,-952.647591809688,0.30812761277790446,0.20212520105445714,0.2021371424991587,0.28761004366847975,3.988962111379605,0.10612154670260336,20860.8479090081,0.0,0.001420513980301311,0.22664798722340315,0.15008523231048213,0.15008523231048213,0.007207874310274676,0,4.418493990518372,4.059157703183293,0.0008869929928576259,0,0.5652424890125866,0.5619846832755306,0.0,0,0.0,0.0,0.0,0.0,0.0,0.0,0.0,0.0,0.0,0.0,0.47833801755373984,32.33193949147551,46.82359592136582,55.16952964740363
140,-952.6463609444556,0.3081686423099046,0.20103314020455537,0.20263179081618185,0.28816642666935816,3.983591631022489,0.10712219734505957,52045.51008309162,0.0,0.000296194489118893,0.2254789511428257,0.15153816566008785,0.15153816566008785,0.00150292969908832,0,4.461268200712324,4.098453278820364,0.0001849488565510459,0,0.57071444418271,0.5674251005353013,0.0,0,0.0,0.0,0.0,0.0,0.0,0.0,0.0,0.0,0.0,0.0,0.10248656912966211,32.33429125283212,47.196922192302694,55.55847050845599
140,-952.6341916541069,0.30811871248225126,0.2020075715005108,0.20199321794215347,0.2878804980750845,3.9777941712790974,0.106511477477797,70227.14150044868,0.0,0.0011922042785860313,0.22668574451373844,0.15044406912879832,0.15044406912879832,0.006049400929089805,0,4.429058109991678,4.068862690228526,0.0007444325475321157,0,0.5665939198843115,0.5633283251021419,0.0,0,0.0,0.0,0.0,0.0,0.0,0.0,0.0,0.0,0.0,0.0,0.4053028514846092,32.336727646369965,46.9132869563273,55.26276570495086
140,-952.6315699675966,0.3080631085803568,0.20235553899768932,0.2017094658012505,0.2878718866207034,3.9722452182159267,0.10649775526077578,109396.39874500988,0.0,0.0013985427022062992,0.2274497801289077,0.1502527220217909,0.1502527220217909,0.007096389162545722,0,4.4234248706023,4.063687576918349,0.0008732737546208659,0,0.5658732792632111,0.5626118379323396,0.0,0,0.0,0.0,0.0,0.0,0.0,0.0,0.0,0.0,0.0,0.0,0.4727422881327079,32.35364950648443,46.86085469031934,55.205273128234225
140,-952.6300234578621,0.30804872094981406,0.20245263467631439,0.20161206444244648,0.2878865799314251,3.9673072602206783,0.10668815915971944,192747.39690145713,0.0,0.0014360055612540194,0.22802873936634246,0.15031780051744512,0.15031780051744512,0.007286480624554584,0,4.4253407749023665,4.0654476693197115,0.0008966661984324308,0,0.5661183742022566,0.5628555202534131,0.0,0,0.0,0.0,0.0,0.0,0.0,0.0,0.0,0.0,0.0,0.0,0.4847153260136141,32.36974881608515,46.870360418930055,55.21233157620266
140,-952.6309273850965,0.30711691945394326,0.20292297963550918,0.20135301360775495,0.2886070873027926,3.9694256063096844,0.10713377054987563,394692.1290693976,0.0,0.0012218217881709717,0.22720600961761453,0.15047001636223498,0.15047001636223498,0.006199684058599255,0,4.429821993907807,4.069564450893845,0.0007629262222386212,0,0.5666916408831396,0.563425482880694,0.0,0,0.0,0.0,0.0,0.0,0.0,0.0,0.0,0.0,0.0,0.0,0.4152857155742863,32.34613363291045,46.92946712785631,55.27445229667083
