-6.390688884859402341e-01
-8.246612815686283904e-01
-5.995985423741956311e-01
5.450711004546062721e-01
-2.267979869547603222e+00
-2.231435513142097093e-01
-1.985010708031281768e+00
-5.639581106073832117e-01
-7.380305727460509946e-01
-7.037254036462999851e-01
-1.158194631592007307e+00
-3.163080310946301932e+00
-3.593078173439244516e+00
-7.857085742583757026e-01
-5.219493246547008969e-01
-1.653104419177626960e+00
-1.442990301648809481e+00
-3.740162461005681838e+00
-1.398741481649173668e+00
-2.275547186488262597e+00
-1.326035973438340010e+00
-1.183810125437238847e+00
-9.558019600508544933e-01
