-7.118778807973563660e-01
-7.917192585627560453e-01
-5.197525569870640183e-01
7.835040778442368126e-01
-2.789505661195032626e+00
-7.150149562369820799e-01
-1.233071908114702797e+00
-8.006152015967302749e-01
-7.123482862053448494e-01
-1.044226820022399194e+00
-1.004075470007368187e+00
-2.444591721711367960e+00
-5.708750853657460489e+00
-6.932235727969291439e-01
-9.064856140928825301e-01
-1.338238323900055926e+00
-1.583894987641019103e+00
-2.906414133012000800e+00
-1.200314958764707063e+00
-1.976430780592883130e+00
-2.058198076373472851e+00
-4.869835621198597697e-01
-1.222117844139906540e+00
