-7.116602372851227321e-01
-7.917645964111958978e-01
-5.195364520277173659e-01
7.836132938693530781e-01
-2.789766340944573653e+00
-7.133073343147661172e-01
-1.234984361291055377e+00
-8.020976778565716003e-01
-7.102816756159544553e-01
-1.044303048540545120e+00
-1.003305255814379349e+00
-2.447877283056004938e+00
-5.703707194206209863e+00
-6.931522183229927858e-01
-9.061548018051976960e-01
-1.337775641401636406e+00
-1.583624205509577276e+00
-2.907290124880112181e+00
-1.200375879609886232e+00
-1.976630171006228398e+00
-2.058006277266774653e+00
-4.870503280147733816e-01
-1.221744077289130370e+00
