-6.507062985094074214e-01
-7.697364570557099217e-01
-5.911031100092096757e-01
5.655232679777668636e-01
-2.188880237940608708e+00
9.049424495950747493e-02
-1.814788604868028177e+00
-6.747571335003557103e-01
-1.139330999340703254e+00
-6.308130709247991019e-01
-1.569445824729960082e+00
-2.835242486386759353e+00
-2.907557663036643980e+00
-6.754878721442533207e-01
-1.021381001217924078e+00
-1.387865572180427387e+00
-1.256811771003919942e+00
-3.380572678799937059e+00
-1.546144610053686641e+00
-2.058114380766650431e+00
-1.898017723756433073e+00
-5.003685420351658975e-01
-1.180108150063517991e+00
