-6.819955059462495806e-01
-7.219766886878290491e-01
-5.311783087051534791e-01
6.344148469345469721e-01
-2.724344330365278566e+00
-2.231435513142097093e-01
3.364722366212128946e-01
-1.499492468742045004e+00
-5.904128334304948877e-01
-9.036127621292446843e-01
-1.702066883026703836e+00
-3.051334858574375364e+00
-4.165925019758403458e+00
-7.059073241696162127e-01
-8.176079339130862822e-01
-1.435328106577483886e+00
-1.639413780909684260e+00
-2.589470099682446680e+00
-1.544055133365791033e+00
-2.275679132514239367e+00
-7.618507889680908862e-01
-1.038475726956943124e+00
-1.187894019992175698e+00
