-5.762634937920015910e-01
-8.484522386771604641e-01
-5.499784715201297969e-01
5.138177610847820542e-01
-1.816019860324138424e+00
-1.437328458381984087e+00
-1.743568796768459661e+00
-9.558365572903996243e-01
-1.147692140581989095e+00
-1.186108897938596973e+00
-3.191419129983839920e+00
-2.785068469610136876e+00
-5.980077100321815609e-01
-3.275751051928716406e-01
-1.372127848219916402e+00
-1.108311962393955907e+00
-2.461730118012745550e+00
-1.151357942939759127e+00
-1.490582179781455352e+00
-1.624584087707799718e+00
-1.118912800612062330e+00
-9.972028024938111024e-01
