-6.411144789820137913e-01
-8.317424243464152100e-01
-5.947480619828372506e-01
5.428233488249410987e-01
-2.297824541803514364e+00
3.364722366212128946e-01
-6.977169924314507998e-01
-6.071013967124567756e-01
-6.591987707195399171e-01
-1.191006432138465687e+00
-3.126943631390643574e+00
-3.438049258787611251e+00
-7.489430306682205440e-01
-4.922485731478780657e-01
-1.602096048047535914e+00
-1.392993722120204003e+00
-3.699777308142279786e+00
-1.346648078644427482e+00
-2.219920929110496211e+00
-1.276318131778646059e+00
-1.122780892003951703e+00
-9.079427645390087953e-01
