136,-1174.7458793823419,0.2607843137254902,0.19019607843137254,0.26323529411764707,0.2857843137254902,1.2,0.9,1.0,0.0,0.144,0.84,0.21599999999999997,0.21599999999999997,0.7110049495416447,0,7.035475654328992,6.548022440180473,0.08756766979028156,0,0.870819790042171,0.5242531727871683,0.0,0,0.0,0.0,0.0,0.0,0.0,0.0,0.0,0.0,0.0,0.0,6.359776907275755,40.75969646740882,49.22724612514647,42.643016210852075
136,-1097.110244672957,0.19720325318192616,0.24313774438558922,0.19750778366223928,0.3621512187702454,1.5703323529114512,0.5809725251134837,1.0483866504315984,0.0,0.06042746399844284,0.3840069438322819,0.09134532574895458,0.09134532574895458,0.2983626804940445,0,2.975267664090376,2.769126124119212,0.03674647370610952,0,0.36826535828721463,0.22170405945910587,0.0,0,0.0,0.0,0.0,0.0,0.0,0.0,0.0,0.0,0.0,0.0,4.824659833205839,29.146968761504745,47.53699894236303,40.30902642425818
136,-1044.4079687470064,0.2544295206353687,0.20108546467098584,0.2344794383074796,0.31000557638616577,2.0359485306401606,0.38213965262750776,1.093547170477944,0.0,0.03115527579764425,0.26700238592368447,0.09562529301895638,0.09562529301895638,0.15383024511430607,0,3.1146732452451102,2.8988729839674057,0.01894579793939766,0,0.3855203592105958,0.2320919595550488,0.0,0,0.0,0.0,0.0,0.0,0.0,0.0,0.0,0.0,0.0,0.0,3.8880677515101416,27.469368063775413,47.96066297227686,40.78016138606791
136,-995.484609508574,0.27495234510168015,0.185376065316611,0.2301743407898132,0.30949724879189566,3.2490572160961295,0.1792796722210071,1.1908972137295157,0.0,3.059023205018258e-07,0.1629483074356991,0.13748696097716084,0.13748696097716084,1.510403221896338e-06,0,4.478176697881923,4.167906044956789,1.8602189854017197e-07,0,0.5542887337577194,0.3336943310608434,0.0,0,0.0,0.0,0.0,0.0,0.0,0.0,0.0,0.0,0.0,0.0,0.0001495361044858214,26.742254478349043,52.15945158189335,44.850145454939394
136,-982.9762901828838,0.2662621641892957,0.18275968431496145,0.2342230355529428,0.3167551159428001,4.51531428112281,0.10224355186508396,1.302066598640362,0.0,0.021656974147873945,0.16006973619160184,0.13841276204372788,0.13841276204372788,0.1069320542446793,0,4.508331562995739,4.195971629026344,0.013169796950261738,0,0.5580211684355375,0.3359413409984245,0.0,0,0.0,0.0,0.0,0.0,0.0,0.0,0.0,0.0,0.0,0.0,3.8395907930286723,26.274864320597093,50.69450687014047,44.45809501036865
136,-974.4186689968254,0.2649231972163039,0.181405922023011,0.23434196799782178,0.3193289127628632,5.698671873447088,0.06724338659992216,1.4317669159052586,0.0,0.013059925050025714,0.18495630003977978,0.17189637498975405,0.17189637498975405,0.06448382882785553,0,5.5989479690176935,5.211024633419385,0.007941855585183876,0,0.6930128017480923,0.4172093517545899,0.0,0,0.0,0.0,0.0,0.0,0.0,0.0,0.0,0.0,0.0,0.0,2.5352339756527424,27.8316508034914,53.471309825146555,47.36660460302143
136,-971.4879084089876,0.28213507383202835,0.1838906097588379,0.22795337486747988,0.30602094154165393,6.515193073756358,0.04885896575206832,1.690223621009381,0.0,3.059023205018258e-07,0.208715024111499,0.208715024111499,0.208715024111499,1.510403221896338e-06,0,6.798191994579352,6.327178988356038,1.8602189854017197e-07,0,0.8414498772010289,0.5065718222166837,0.0,0,0.0,0.0,0.0,0.0,0.0,0.0,0.0,0.0,0.0,0.0,8.496807614353468e-05,29.285029714068912,57.92045839939526,51.53244968778786
136,-970.934067357618,0.2700544459549945,0.1814753437854716,0.23900256266629338,0.3094676475932405,6.570191620952028,0.046206676326237726,1.8078236859193166,0.0,3.059023205018258e-07,0.22082886891402495,0.21104187939296762,0.21104187939296762,1.510403221896338e-06,0,6.873981502375274,6.397717417050987,1.8602189854017197e-07,0,0.850830764366154,0.5122193280681954,0.0,0,0.0,0.0,0.0,0.0,0.0,0.0,0.0,0.0,0.0,0.0,8.475615564978887e-05,29.97872191326001,58.0567575469771,51.78402619084595
136,-970.2644296551414,0.2663920981052031,0.18103025573721881,0.23924784205857855,0.3133298040989996,6.544350826103881,0.04321860854249569,2.0316691121660644,0.0,3.059023205018258e-07,0.23521542733443487,0.21212725827849763,0.21212725827849763,1.510403221896338e-06,0,6.909334079805224,6.430620589729452,1.8602189854017197e-07,0,0.8552065486865866,0.5148536490145625,0.0,0,0.0,0.0,0.0,0.0,0.0,0.0,0.0,0.0,0.0,0.0,8.400902891641114e-05,30.808514233510436,58.15907214212204,51.957671249859885
136,-966.8705553510154,0.2587961089110764,0.17856886237576214,0.2431588721358705,0.31947615657729095,6.036742993750085,0.03091927418789292,4.429390976951267,0.0,3.059023205018258e-07,0.3018797802924358,0.20931622803587102,0.20931622803587102,1.510403221896338e-06,0,6.817774196307159,6.345404436448225,1.8602189854017197e-07,0,0.8438736747713723,0.5080310030724436,0.0,0,0.0,0.0,0.0,0.0,0.0,0.0,0.0,0.0,0.0,0.0,8.280171907875799e-05,34.9613131692156,58.14737254666551,52.061360358086
136,-962.7342883871167,0.24348941573616317,0.1882322862299623,0.23862249798514457,0.32965580004873,5.106307896070414,0.02277640343584096,16.481537863325787,0.0,3.059023205018258e-07,0.3418786660138142,0.21345166704596344,0.21345166704596344,1.510403221896338e-06,0,6.952472254063954,6.470769933846757,1.8602189854017197e-07,0,0.8605459994496172,0.5180681189146139,0.0,0,0.0,0.0,0.0,0.0,0.0,0.0,0.0,0.0,0.0,0.0,8.023727559181792e-05,37.53541110161757,58.94762229383261,52.63570269705805
136,-958.832322582284,0.2544776937196093,0.17620083536746678,0.23640825494914097,0.33291321596378304,4.5380122397385705,0.022331447817111487,41.480601239781414,0.0,3.059023205018258e-07,0.311445897092879,0.1987782514941722,0.1987782514941722,1.510403221896338e-06,0,6.4745349490617325,6.025946534276284,1.8602189854017197e-07,0,0.8013890519958562,0.48245430105048825,0.0,0,0.0,0.0,0.0,0.0,0.0,0.0,0.0,0.0,0.0,0.0,8.466010508610868e-05,35.58422646700037,58.1094241030886,52.015722477904134
136,-953.967170284527,0.26194672538629615,0.1930349153175038,0.23027256328853846,0.31474579600766156,4.08405424532471,0.031641606316697685,104.62020002216013,0.0,3.059023205018258e-07,0.21971539119254205,0.17529850586767706,0.17529850586767706,1.510403221896338e-06,0,5.709760973482824,5.314159954405824,1.8602189854017197e-07,0,0.7067287410851706,0.4254666568795359,0.0,0,0.0,0.0,0.0,0.0,0.0,0.0,0.0,0.0,0.0,0.0,0.00010129251781592536,30.066963433919447,57.4624840009037,50.55761557027404
136,-953.4543855314273,0.2919922468296903,0.1760820289850081,0.24167161960755773,0.29025410457774387,3.8074004309452505,0.05277420403399841,166.48554923623786,0.0,0.012603940200658218,0.18175487517935116,0.1691509349786929,0.1691509349786929,0.062232387961075726,0,5.509524467359169,5.127796842675877,0.007664567177414543,0,0.6819443596462144,0.4105458997337767,0.0,0,0.0,0.0,0.0,0.0,0.0,0.0,0.0,0.0,0.0,0.0,3.0603674292387524,27.189665244411422,57.56491925202081,50.92938741713842
136,-951.5572059311677,0.2753504810900869,0.186955742853357,0.23064794417934403,0.307045831877212,3.9760679082276478,0.050434643261886326,141.12115637609486,0.0,0.0073828300977146636,0.188297238934872,0.18091440883715731,0.18091440883715731,0.03645297736875105,0,5.892680180051585,5.484405596378198,0.0044895640841279855,0,0.7293696644406336,0.4390970038694197,0.0,0,0.0,0.0,0.0,0.0,0.0,0.0,0.0,0.0,0.0,0.0,1.8729686942926231,27.796980264620736,58.563352776918705,51.89409096812852
136,-950.8499053987963,0.26925483186652394,0.1881614946177592,0.23027075764601854,0.31231291586969834,4.208552119564953,0.051214469657213456,132.39261448560578,0.0,0.0027303015835741054,0.1965080111936946,0.19377770961012053,0.19377770961012053,0.01348095791432347,0,6.311659066266835,5.874355513582614,0.0016603204687381952,0,0.7812290018404536,0.47031749573396414,0.0,0,0.0,0.0,0.0,0.0,0.0,0.0,0.0,0.0,0.0,0.0,0.7432093620375978,28.349590263318046,60.0660753836639,53.411604796913
136,-949.8898089918059,0.2647241742421535,0.18904733952476052,0.22920108063182568,0.3170274056012603,4.495263657786241,0.06246804178421226,158.62883075407407,0.0,0.0006333999098506347,0.19885789078039065,0.19822449087054,0.19822449087054,0.003127433825993284,0,6.456498053756685,6.009159325989099,0.00038517607049301733,0,0.7991565255606478,0.4811102697361189,0.0,0,0.0,0.0,0.0,0.0,0.0,0.0,0.0,0.0,0.0,0.0,0.18870193582680372,28.448170609384526,61.52220548162403,54.87494624878697
136,-948.7961655110721,0.2580850506621374,0.18953466234425692,0.23363084574197282,0.3187494412516329,5.179627760494037,0.08060541746399824,265.5670472416168,0.0,0.0035560876893825613,0.22158998607205535,0.19831050894255575,0.19831050894255575,0.017558305195521613,0,6.459299803995107,6.011766956849378,0.002162488281452344,0,0.7995033137060764,0.4813190440285786,0.0,0,0.0,0.0,0.0,0.0,0.0,0.0,0.0,0.0,0.0,0.0,0.9893404055697167,29.239395808443128,62.37602507400591,55.84842496706966
136,-948.4667732367014,0.27604638712778234,0.18638326153148235,0.23098462556895188,0.30658572577178345,5.969597539702622,0.0861960989051289,450.978650659521,0.0,3.059023205018258e-07,0.24182339382863804,0.2039488901209075,0.2039488901209075,1.510403221896338e-06,0,6.642951162838258,6.182694023896315,1.8602189854017197e-07,0,0.8222348596038079,0.49500394783475615,0.0,0,0.0,0.0,0.0,0.0,0.0,0.0,0.0,0.0,0.0,0.0,9.819634197936805e-05,30.242895746951007,63.999660626309414,57.426623291869966
136,-948.1161918923946,0.2702608700951508,0.18553559935788688,0.23590647595062939,0.30829705459633294,5.982317734298198,0.08124908979343039,569.2054280362677,0.0,3.059023205018258e-07,0.23672459628896453,0.19725164592790456,0.19725164592790456,1.510403221896338e-06,0,6.424810892139329,5.979667610640984,1.8602189854017197e-07,0,0.7952344300574562,0.4787490796999773,0.0,0,0.0,0.0,0.0,0.0,0.0,0.0,0.0,0.0,0.0,0.0,0.00010316412203682085,30.16561979992276,63.07681808099193,56.50096302524461
136,-947.8851405555224,0.2690111412088853,0.1842352331110848,0.2353133282534096,0.31144029742662027,6.100945632913514,0.076976678852373,892.8282898213637,0.0,3.059023205018258e-07,0.2261082891531892,0.19187190625203496,0.19187190625203496,1.510403221896338e-06,0,6.2495839128976245,5.816581239715412,1.8602189854017197e-07,0,0.7735456162842048,0.4656919241729234,0.0,0,0.0,0.0,0.0,0.0,0.0,0.0,0.0,0.0,0.0,0.0,0.00010814693689650622,29.818980090472863,62.39358693454562,55.85727177455688
136,-947.6439993033197,0.2677145926416285,0.18393804554357288,0.23640795910746,0.3119394027073386,6.293915599816399,0.07548788627998321,1538.8002631051527,0.0,0.0017606734889544836,0.21554042275749707,0.19268829060374715,0.19268829060374715,0.008693385869259683,0,6.276174895448764,5.841329864969225,0.001070681074231036,0,0.7768369294774998,0.4676733690182887,0.0,0,0.0,0.0,0.0,0.0,0.0,0.0,0.0,0.0,0.0,0.0,0.5887895994774528,29.27600834498617,62.145931105900026,55.668188435350245
