-6.565509607257818958e-01
-7.817439237181622591e-01
-5.058405688761374863e-01
3.407762652015585703e-01
-3.415407673586844162e+00
-1.158879803303950240e+01
-1.313534728844338195e+00
-2.537922888565320001e+00
-9.394059017874940576e-01
-1.501215062965654878e+00
-1.604711100741481156e+00
-7.085021071882214194e+00
-2.283758788334330436e+00
-1.338051728044828970e+00
-5.932429254813299524e-01
-2.075718926560563116e+00
-1.696967372416258391e+00
-1.053194364347145751e+01
-1.720983287424165287e+00
-2.056901334003454096e+00
-2.567688134898805874e+00
-8.204140796331310659e-01
1.038441092543289646e+00
