-6.567751597747644166e-01
-7.818592757755419287e-01
-5.054927709634500221e-01
3.420136247601957002e-01
-3.424025890533647587e+00
-8.179592196701751305e+00
-1.316058494330886175e+00
-2.548090808868523904e+00
-9.380976931190017076e-01
-1.497661078622476216e+00
-1.605153780543062014e+00
-6.916700562185846834e+00
-2.287110657794596769e+00
-1.334047941069117282e+00
-5.901405098274782324e-01
-2.076021590551282436e+00
-1.695572780472306418e+00
-9.620260193732796949e+00
-1.717950061387536920e+00
-2.056902837544129614e+00
-2.565695988506586644e+00
-8.190017078339717482e-01
1.054811907953107974e+00
