-6.566175601661101702e-01
-7.817797361546062751e-01
-5.058565939406255429e-01
3.414897710572115663e-01
-3.420498889209508064e+00
-1.065380933398535923e+01
-1.313379302332337017e+00
-2.530385743076658311e+00
-9.399684551446724212e-01
-1.502644438403438309e+00
-1.601962882207719430e+00
-8.239765561954929041e+00
-2.280400283028182873e+00
-1.337475195029986574e+00
-5.916253843576739779e-01
-2.075081736778601194e+00
-1.695863401515599556e+00
-1.196331413539558852e+01
-1.719918580366061045e+00
-2.056548842735272054e+00
-2.568382094344773048e+00
-8.198574664922674282e-01
1.048802934114927643e+00
