-6.938959918502036750e-01
-7.173162255866829540e-01
-5.958950410407891640e-01
6.001591743837618731e-01
-3.435593472178189334e+00
-1.579791304847836919e+00
-1.413679393136317630e+00
-1.119134109905050023e+00
-1.258732868658570148e+00
-1.677014153813248143e+00
-3.647577859643677201e+00
-3.539491050020151075e+00
-1.068673268381997943e+00
-3.056459916563829537e-01
-9.837356898162881169e-01
-1.526699519845283071e+00
-3.414655641643555839e+00
-2.054925568228607613e+00
-1.425174729051245093e+00
-1.231482634644309071e+00
