-6.741487148183676892e-01
-7.252412520465508772e-01
-6.461110110604781909e-01
7.274095212379658726e-01
-3.890705282343223104e+00
6.549009725520602565e-01
-1.742867485350030332e+00
-1.382681066102228407e+00
-4.251596272324291714e-01
-1.479676987348750528e+00
-1.768789249043728251e+00
-2.886770629305798419e+00
-3.148117456055439689e+00
-8.803480851796779971e-01
-1.092098761551293373e+00
-1.569931673034168806e+00
-1.697504024469697725e+00
-2.724370472329626480e+00
-1.387019312678026584e+00
-1.898820055420114006e+00
-2.079923954803515329e+00
-1.167908498151339458e+00
-8.937849259811966318e-01
