-6.593689612603984562e-01
-1.022496001502142260e+00
-3.664363105393200759e-01
5.891598718704547100e-01
-2.576460974399390480e+00
-1.730613650556413585e+00
-2.312816017671335711e+00
-8.739045267808746020e-01
-1.321232907378450339e+00
-9.735797168563736781e-01
-6.961267804916227986e-01
-4.115555907854694162e+00
-3.594874193068919421e+00
-8.367914221146744991e-01
3.007589537036338689e-01
-1.348613125203468099e+00
-1.464258002294545724e+00
-4.112324472160678646e+00
-1.508201165018241863e+00
-1.222858980666210460e+00
-2.147624270622950693e+00
-1.339203087131929593e+00
-1.266355257790524602e+00
