-7.533878250284807843e-01
-8.547311422013709192e-01
-5.501797064940511239e-01
5.982681279300707811e-01
-2.085797073166236082e+00
-2.231435513142096816e-01
3.364722366212128390e-01
-1.337894155869897794e+00
-2.958938979538831004e-01
-1.200439651976794808e+00
-1.760253326392191786e+00
-3.388319412470290892e+00
-3.333090709869428014e+00
-5.413928217525851849e-01
-1.070991896208782546e+00
-1.004204549291188409e+00
-9.127166721270169036e-01
-3.328629842125423899e+00
-8.737222237368795774e-01
-1.717974330447453735e+00
-1.367205095189157893e+00
-6.094053701111743493e-01
-1.199484666732020699e+00
