-7.232955223523146460e-01
-8.437974673733417141e-01
-5.590290741299608346e-01
5.926525264766530077e-01
-1.983761697956958336e+00
3.364722366212128390e-01
-1.835474040238016968e+00
-6.866099117586602629e-01
-5.462219276614393992e-01
-1.662407131336267829e+00
-2.519131303456370485e+00
-2.010384623165735629e+00
-3.198018290193009872e-01
-6.827568436337776436e-01
-1.493477522958611914e+00
-1.113337504538854716e+00
-2.468212715621911357e+00
-9.922385035212213378e-01
-2.255454895951588323e+00
-1.780951498112474995e+00
-4.756036785927901245e-01
-5.865851163965721815e-01
