-6.840176922375701407e-01
-8.222229865112816727e-01
-5.099299072805432154e-01
4.285807648282007332e-01
-2.664222585299900192e+00
3.364722366212128946e-01
-2.980144258111437683e+00
-5.439581389151988411e-01
2.766694895349376682e-02
-2.875533505952642344e+00
-4.023845909425251222e+00
-2.914979388844062047e+00
-1.098013991231234332e+00
-2.378850690706222626e-01
-1.705652783641817605e+00
-1.452368357157876044e+00
-3.090144090919870745e+00
-1.452554403299117558e+00
-4.841997518928931044e+00
-7.812673432102852367e-01
-1.362200882324798634e+00
-1.651873269470780059e+00
