-6.507680555220077823e-01
-7.697563594633853867e-01
-5.910794115394376602e-01
5.655892124906379825e-01
-2.188884978363458522e+00
-1.724855058660889728e+00
-1.815582142336853444e+00
-6.756174948802321500e-01
-1.136708099463502375e+00
-6.303018659112046285e-01
-1.571610261052562185e+00
-2.834260485011083741e+00
-2.907393561139525406e+00
-6.752782562984557257e-01
-1.020992261787848188e+00
-1.387843348873353699e+00
-1.256822577209681047e+00
-3.380402280188103958e+00
-1.546362429926058324e+00
-2.057861090740294774e+00
-1.897625409198411717e+00
-5.000320403699995975e-01
-1.179616532824996566e+00
