-6.952572632723493795e-01
-8.142925137628417298e-01
-5.403381065274212025e-01
3.462508690980668491e-01
-2.412931718481027499e+00
-2.231435513142097093e-01
3.364722366212128946e-01
-2.394853826943220021e+00
-8.835481480050472181e-01
-1.487522242108427539e+00
-1.880707990373647442e+00
-3.099242731659623384e+00
-2.876901254541501807e+00
-4.354539047571300281e-01
1.969628998755583726e-01
-2.057199011391689591e+00
-1.671464106387991366e+00
-3.679797484737333590e+00
-1.180217357395135114e+00
-2.257985582329115726e+00
-1.379619295161467418e+00
-1.526087748247847653e+00
-9.028509322579160168e-01
