-7.258552884353920431e-01
-6.936472899898942224e-01
-5.771505973959485392e-01
7.720823612403615588e-01
-2.810931968509727596e+00
-2.737248632201416676e-01
3.364722366212128390e-01
-2.691970981217442382e+00
-1.379558902311985857e+00
-1.030819179376335715e+00
-9.457833859991526815e-01
-3.024375329389640932e+00
-3.682083282793560564e+00
-1.303478869607753721e+00
-1.092183782433024053e+00
-3.627328270641887453e+00
-1.962625913392457511e+00
-2.185421771623784704e+00
-1.920014092691104235e+00
-2.108948895571650439e+00
-1.093834983469698319e+00
