-7.101154995499052713e-01
-9.464844715997374758e-01
-4.712492222983338253e-01
6.920603003087829608e-01
-2.467035941665367993e+00
3.364722366212128946e-01
-9.883201565999432114e-01
-1.385470134950370080e-01
-2.565599223625700254e-01
-1.279244786557763636e+00
-1.155179770485731616e+01
-2.379935696301002768e+00
-7.321237976409276094e-01
-7.557308099149437908e-01
-1.428471732228242308e+00
-8.400434253214186242e-01
-2.136381183548149654e+00
-1.566507130054921815e+00
-2.115824687796784342e+00
-7.911599621837334118e-01
-1.091941808011328119e+00
-1.304426314527582731e+00
