-6.628095254163427485e-01
-8.361938605071962405e-01
-6.507084128691823510e-01
5.449974402839925514e-01
-2.383482394560592521e+00
-1.471842159012223261e+00
3.364722366212128390e-01
-2.230459924566180696e+00
-1.208547938541716937e-01
-9.140496346961265450e-01
-1.572976443687368775e+00
-2.714072393102408665e+00
-3.581834990833924870e+00
-7.629195700609930908e-01
-7.425312722602022131e-01
-1.449813079774104230e+00
-1.327521417449677221e+00
-2.796766771885540237e+00
-1.461576610391843722e+00
-1.611946379308831334e+00
-2.150092905763981932e+00
-8.166758714594761770e-01
-9.439111299868604421e-01
