-6.721254829515833640e-01
-8.561464238956781880e-01
-4.625145778826104115e-01
8.499776128145312137e-01
-2.720311376832659001e+00
-6.269436866458139024e-01
-1.859070622607643664e+00
-9.228325660740339664e-01
-6.549155784598977847e-01
-3.084038348038244393e-01
-8.000611278137874649e-01
-4.472471179284707610e+00
-2.390695494818068756e+00
-1.065326862986541112e+00
-7.415157670560040826e-01
-1.144245510606886063e+00
-1.221543841994943147e+00
-3.422631563572388735e+00
-1.420374146670287718e+00
-1.841261173411973262e+00
-1.568197568586305213e+00
-1.062950386898043220e+00
-1.046932537937091068e+00
