-6.872048836012764061e-01
-7.937816417537270075e-01
-5.333911335081428229e-01
6.009014144391757739e-01
-3.028428338888526472e+00
-9.110567229687870083e-02
3.364722366212128390e-01
-2.012604793144356918e+00
-5.083453154469418367e-01
-1.100848834608149973e+00
-1.939144336100834254e+00
-3.218543578137009753e+00
-3.782824409550011424e+00
-8.017263448888019006e-01
-8.716125841515458550e-01
-1.466327494535973441e+00
-1.420421178517542016e+00
-2.586910102601225780e+00
-1.625849777041279864e+00
-2.187700753968521372e+00
-1.618671461745157414e+00
-1.033777110088736739e+00
-1.216289032331798303e+00
