-7.136604418975732722e-01
-7.836507916652510897e-01
-5.216575412031445591e-01
7.617244047747097069e-01
-2.734456597475381834e+00
-2.231435513142097093e-01
3.364722366212128946e-01
-1.959108861992569839e+00
-2.515396339482554033e-01
-1.372532750583570049e+00
-7.934178420695640055e-01
-2.667268436857978653e+00
-3.548195217796482837e+00
-5.749884186869622660e-01
-8.012182832370334795e-01
-1.280843540930935109e+00
-1.491978640517437338e+00
-2.929563373110454005e+00
-1.117863328012980828e+00
-1.848256194958490584e+00
-1.983669177139535833e+00
-4.080842250465040455e-01
-1.122394079684752022e+00
