-6.566003235611947986e-01
-7.816489774145235492e-01
-5.059218523470179196e-01
3.408825212533637683e-01
-3.411397003768808389e+00
-2.231435513142097093e-01
-1.313554988501349774e+00
-2.541760217093526730e+00
-9.393576161938795854e-01
-1.500004775314496053e+00
-1.606194769907235864e+00
-6.898396548255315786e+00
-2.288058389681367544e+00
-1.338456619827759653e+00
-5.940904890145570771e-01
-2.075323980468183116e+00
-1.697511035514994049e+00
-1.013424099594856465e+01
-1.719963905346057809e+00
-2.056852079758713980e+00
-2.568428287021049083e+00
-8.208600926651594687e-01
1.031729098499457820e+00
