-7.400098087783129053e-01
-8.515595925476324712e-01
-5.525240719704082037e-01
6.105946209364067068e-01
-2.252263296048882868e+00
-1.242407373854140795e+00
-1.226505670187723052e+00
-3.934295527238159673e-01
-4.433596717736268400e-01
-7.997776016692835777e-01
-1.482770438306318717e+00
-2.534307574727951540e+00
-5.271950837225957365e+00
-1.026118409607006843e+00
-5.717829592221174151e-01
-1.154054455504880172e+00
-1.086061223055016844e+00
-9.948969026373102320e-01
-1.424526173144142316e+00
-1.119064187156450840e+00
-1.838179199031439115e+00
