-7.067123588958735825e-01
-8.085756285283083322e-01
-5.057376485580128422e-01
4.322073011404178322e-01
-2.051640400344518333e+00
-2.231435513142097093e-01
3.364722366212128946e-01
-1.727926896333951801e+00
-5.586615508306889133e-01
-1.007145031502440613e+00
-1.474579585066126075e+00
-3.046638473565591809e+00
-4.459773021158165207e+00
-7.091056343417666552e-01
-2.850385039376440721e-01
-1.227923068574896304e+00
-1.118309188206176197e+00
-3.029247086778267484e+00
-8.433301981727426844e-01
-1.640254924248765622e+00
-1.362182386206605811e+00
-1.084612386671020001e+00
-5.430740240609720493e-01
