-6.671730356103195980e-01
-8.206826262841788733e-01
-5.725319573316366428e-01
4.370687237933300051e-01
-2.057463832791213143e+00
-2.231435513142097093e-01
-2.120795236714054344e+00
-1.414431234383292546e+00
1.043168985931915670e-02
-5.041317396275634133e-01
-2.106976987653975453e+00
-2.615746494899366947e+00
-3.113958766500532160e+00
-6.559833090934836797e-01
-3.002207863753388883e-01
-1.192511748535706850e+00
-1.064842933645321343e+00
-2.845148520183677032e+00
-1.092022321639718241e+00
-1.776626242135885159e+00
-1.887871196408799079e+00
-9.187301288195175442e-01
-1.072735111012488307e+00
