-6.043745273554447239e-01
-6.028974257062209574e-01
-6.323317702700447240e-01
6.796420138900938213e-01
-2.376335894934018977e+00
-5.033357886044863561e-01
-2.945258591262182701e+00
-8.219501599276528570e-01
-7.676636349626888567e-01
-1.100281233731873698e+00
-1.544154836917684293e+00
-3.118820395630704123e+00
-2.842039973295520383e+00
-6.021862525408542277e-01
-6.605359782847518568e-01
-1.308195236366272329e+00
-1.190929982905621021e+00
-3.163573717740521207e+00
-1.450684876941924939e+00
-1.524736292968752238e+00
-1.177615593564887542e+00
-1.125831620109908338e+00
-9.568271169592543757e-01
