-5.770545091768299883e-01
-8.518330263582697404e-01
-5.475247634056737978e-01
5.147767215096408222e-01
-1.816512281692440611e+00
-2.231435513142097093e-01
-1.652730046686590404e+00
-1.947704645689172454e+00
-8.759790695551512574e-01
-1.141434310229126448e+00
-1.218299693873804435e+00
-3.269697977068600991e+00
-2.724301109181682445e+00
-5.668390471721813650e-01
-3.106213845780757543e-01
-1.356017542076708660e+00
-1.080427495850359687e+00
-2.456954912870696894e+00
-1.127050855687745212e+00
-1.467647421422576759e+00
-1.593700688792623277e+00
-1.091606234568846867e+00
-9.724178932721180280e-01
