-7.262939240140107167e-01
-7.297705510544651997e-01
-5.065063902204089974e-01
6.770969630116808746e-01
-4.552556675739817038e+00
-1.993541795197087962e+00
-1.412832543688805176e+00
-1.993477417105870675e+00
-7.376530932800806628e-01
-1.004945835338870941e+00
-8.610449437354546376e+00
-6.170266557200155155e+00
-3.118242003599231982e+00
-5.507297015273541207e-01
-1.392525892756967254e+00
-1.906558287149633157e+00
-1.884031919876963279e+00
-2.853887875953680986e+00
-1.929361745972544062e+00
-2.229061031163546147e+00
-2.710194078375749882e+00
-1.309914350114956827e+00
-1.893331936946067939e+00
