-6.818440226420564576e-01
-8.948484153270686026e-01
-5.389441040034192998e-01
5.801698166145551339e-01
-2.058332550449212928e+00
3.364722366212128946e-01
-1.591317522333338452e+00
-5.730173934715988571e-01
-5.494492355364637426e-01
-7.430984065881529599e-01
-3.312838059014124870e+00
-3.090683016327436583e+00
-4.974654233205205167e-01
-6.664935804977449862e-01
-1.120053034340798392e+00
-1.230959133283977325e+00
-2.468537956307283565e+00
-1.264452212275357201e+00
-1.955293323416124718e+00
-1.708561373445915521e+00
-1.034582013479701246e+00
-1.112262136425880898e+00
