-7.544820592244864121e-01
-8.159485422059499227e-01
-5.438029010027906063e-01
6.275808435371041938e-01
-2.605050800244193887e+00
-2.231435513142097093e-01
3.364722366212128946e-01
-1.626125700654576844e+00
-8.925325547455202901e-01
-1.341813056721480546e+00
-1.283601582160288412e+00
-3.177957157545163724e+00
-2.962531711186318972e+00
-5.886287958106093399e-01
5.769065650465122763e-01
-1.703729996579148587e+00
-1.288321644454461179e+00
-2.901152172507532434e+00
-1.235066056379647836e+00
-1.691562904674327017e+00
-1.449908358804489206e+00
-1.188892014669962194e+00
-1.126513209936790716e+00
