-6.754471551346363789e-01
-6.937136035093469655e-01
-5.394386770453899471e-01
6.120335076586035372e-01
-1.782747013421692728e+00
3.364722366212128946e-01
-1.171683572173324306e+00
1.499868916648887940e-01
-4.881516717788401127e-01
-1.246646767671486300e+00
-2.283447263948492623e+00
-2.798762213879868899e+00
-6.679136477846248088e-01
-6.724149662398670735e-01
-1.001568611600157421e+00
-7.792396072803361440e-01
-2.312145756003430197e+00
-9.781334241851180611e-01
-1.603477473177255197e+00
-5.902757561685403331e-01
-7.328327432356880333e-01
-3.890688775313742021e-01
