-6.703322113746252864e-01
-7.615850106121547780e-01
-5.999403603051467471e-01
5.387428232381313853e-01
-1.636438990177487618e+00
-2.231435513142097093e-01
3.364722366212128946e-01
-1.009301133681558937e+00
-3.404420371086069319e-01
-1.129120886073244207e-01
-6.271676084962508613e-01
-4.787542728392018887e+00
-2.485965206904912517e+00
-3.653806654143312294e-01
-3.775593302038128263e-01
-7.021409605123771769e-01
-5.391187779561756876e-01
-1.451673646466554057e+00
-7.115651916959085943e-01
-1.535602471723994222e+00
-9.936857726290793114e-01
-9.783245158856787027e-01
-1.068529085963576764e+00
