-6.446283451793740626e-01
-8.938581734973909398e-01
-5.235861512198271006e-01
5.098801868421025674e-01
-2.509212425567291849e+00
-1.167716064115123631e+00
3.364722366212128946e-01
-1.157671149934797805e+00
-4.886414341451800758e-01
-7.181547435377855226e-01
-1.668821528997065817e+00
-2.963537946676369828e+00
-1.484184046777319033e+01
-9.218669386990363535e-01
-6.543177505339726752e-01
-9.030963223960195574e-01
-1.352370129337373328e+00
-2.326299837862006115e+00
-1.937023196117356072e+00
-1.437134876620788315e+00
-1.196911741541195839e+00
