-6.411145254178979291e-01
-8.317526316057779479e-01
-5.947456720954755749e-01
5.428262596590458511e-01
-2.297808273164419379e+00
3.364722366212128390e-01
-6.977208083307813169e-01
-6.070966499430140439e-01
-6.592058702061572850e-01
-1.191009936833063998e+00
-3.126882718191374533e+00
-3.438127817028074684e+00
-7.489562935873628202e-01
-4.922528051294524087e-01
-1.602118058614928398e+00
-1.393000645002357318e+00
-3.699824851549516236e+00
-1.346645318306789019e+00
-2.219932175402106189e+00
-1.276315532100018135e+00
-1.122775582721363241e+00
-9.079420078263875649e-01
