-6.651203712106406041e-01
-7.686870892817065926e-01
-6.433544945313325325e-01
5.732266213380869946e-01
-2.169614836316160478e+00
-1.682058514570201169e+00
-1.345778020469322600e+00
-8.473453523885797756e-01
-7.166856629635205422e-01
-1.081931291958152297e+00
-3.138349230430168557e+00
-3.985438606186602506e+00
-9.666121472890534250e-01
-7.957561681804401488e-01
-1.308298402761972179e+00
-1.364322321605025534e+00
-2.575722782134124866e+00
-1.351393942834623996e+00
-2.184164768390725708e+00
-1.605072723272769508e+00
-6.272793730042048876e-01
-8.739120279930948643e-01
