-6.836125099280523365e-01
-7.810811722789984257e-01
-4.930259423799733254e-01
7.300465968539616712e-01
-2.168884975621657496e+00
1.470182771812926503e-01
-2.750551917272579860e+00
-1.018479221938739521e+00
-7.458687578964435794e-01
-3.913696247947969636e-02
-1.159300574034495046e+00
-3.066112178142482048e+00
-2.878155058832132962e+00
-5.527283130553078960e-01
-2.387002067740982281e-01
-1.457006639944314452e+00
-7.621520341311064373e-01
-2.677302478418067011e+00
-1.089597093184980769e+00
-1.706397925398065452e+00
-1.440712307633005285e+00
-9.705702475619367720e-01
-6.743315498329979230e-01
