-6.756173351081263823e-01
-7.713326343497628468e-01
-4.869399849691716242e-01
6.544325019274919164e-01
-3.378377681346332206e+00
-2.231435513142097093e-01
3.364722366212128946e-01
-2.086232763133016643e+00
-6.942816086185463753e-01
-7.760198656766249536e-01
-2.499984971557276392e+00
-4.292774079354918726e+00
-2.655442168777966572e+00
-1.165836106301588071e+00
1.518710505456591253e+00
-1.359849305847947054e+00
-1.673583411045502123e+00
-3.123833176023230962e+00
-1.741860718716431888e+00
-1.744566024916105462e+00
-1.703965813706052046e+00
-1.250921889245213192e+00
-1.284119168869167549e+00
