-6.821587848567790546e-01
-9.151758208575880849e-01
-5.223209834952613484e-01
8.610855302191599003e-01
-3.229278858358072490e+00
-1.842803347364266431e+00
-1.831729613070189222e+00
-1.577871877184323424e+00
-4.576084676704767484e-01
-4.767764806886200524e-01
-1.169393970442942798e+00
-3.912457889065680483e+00
-8.315546190033321849e+00
-8.828600119799935309e-01
-2.201381511675282621e+00
-6.900941432409157805e-01
-1.328389148827304522e+00
-2.599761321740055031e+00
-1.673933135815837581e+00
-1.115119562875221515e+00
-1.937220011514365847e+00
-1.062737707686287392e+00
-9.792073792415507683e-01
