-6.775207574106735242e-01
-9.968917380499847658e-01
-3.575465238486719710e-01
7.816201262413248196e-01
-3.319803868030783534e+00
-1.053605156578262814e-01
3.364722366212128946e-01
-7.812900801498243730e-01
-5.223349081660425552e-01
-8.971275280876261915e-01
-1.168754555494672331e+00
-1.251431194179938622e+01
-1.338904869910675366e+01
-4.614797487910710649e-01
-5.137331186383178872e-02
-1.584004142120343461e+00
-1.561378827267575709e+00
-2.330104680441041687e+00
-1.286952725285274601e+00
-2.067719385687365463e+00
-2.074906835691240126e+00
-1.261071036335366546e+00
-1.316428916472300870e+00
