-6.009039264166263772e-01
-7.101504883886644581e-01
-6.004355117899390359e-01
5.849424280994481862e-01
-2.172181968624659287e+00
3.364722366212128946e-01
-5.748094746706080116e+00
-2.178714460955115950e-01
-3.959789898218509796e-01
-9.282394691435689182e-01
-2.739511427707177038e+00
-2.752837059421244348e+00
-3.809987897008749180e-01
-7.699105536616134282e-01
-1.430373865307247083e+00
-1.014363318727357521e+00
-2.762362350341657002e+00
-1.248905568774514085e+00
-1.924494481638027388e+00
-1.669788786916844625e+00
-9.274930831498710004e-01
-7.408239881278412264e-01
