-7.212815047843907923e-01
-8.316149843210930426e-01
-4.344588384176946150e-01
7.734223762489996767e-01
-2.548221656314554551e+00
-2.252218533412662094e+00
-1.636750534512230404e+00
-1.860263509407184823e-01
-1.260596571680055566e+00
-6.616704311353485135e-01
-1.003880622858593252e+00
-2.969869520340124858e+00
-2.981831322010711105e+00
-4.713820687796551057e-01
-6.402669846330883985e-01
-2.234466290640004349e+00
-1.237772062782473537e+00
-2.913216988235558080e+00
-1.516640421667644123e+00
-1.646971299734010463e+00
-1.749950203684699446e+00
-1.352460648080283434e+00
-8.625358660636979202e-01
