-6.689732663777621102e-01
-7.164293952095865947e-01
-5.914149145851824718e-01
5.012873884420809834e-01
-2.095476362110507473e+00
-2.231435513142097093e-01
3.364722366212128946e-01
-1.746128076315691668e+00
-3.380508097361240583e-01
-3.433529534976597075e-01
-1.343701794082503786e+00
-2.948214988084467691e+00
-2.864158524588239274e+00
-5.466468332919738327e-01
-2.935462555966601994e-01
-9.545311227174813062e-01
-1.214335322987541987e+00
-2.777433723144410394e+00
-9.591794491471964390e-01
-1.914144292200534059e+00
-1.597935153192231894e+00
-9.895109615517914126e-01
-6.193771526672667838e-01
