-6.772685047372168921e-01
-7.979756241658894078e-01
-5.145564970176261799e-01
6.435859495372576733e-01
-2.053531229515219270e+00
-1.693573099975484109e+00
-1.798660412547317788e+00
-7.035465708181759537e-01
-5.401711641072326486e-01
-1.376139939819524427e+00
-3.595059096498268492e+00
-3.061405428911568194e+00
-6.105740013223919238e-01
-9.157835503369086139e-01
-1.416587896150200754e+00
-1.258178258506650771e+00
-2.476309319120063801e+00
-1.170930595239404459e+00
-1.598995380312766779e+00
-1.440719105224038898e+00
-3.760230743825481725e-01
-8.152680733994873696e-01
