140,-1160.964766226194,0.31952380952380954,0.19952380952380952,0.2228571428571429,0.25809523809523804,1.2,0.9,0.9,0.0,0.144,0.84,0.21599999999999997,0.21599999999999997,0.774136376431959,0,6.427964310120202,5.914265093583009,0.0909426444351334,0,0.8113804148760868,0.806691910684113,0.0,0,0.0,0.0,0.0,0.0,0.0,0.0,0.0,0.0,0.0,0.0,6.7516642900878665,43.55497776720518,36.13722332641139,42.38759227423343
140,-1086.0554086766526,0.23679186727978865,0.2573022639782731,0.16404623223908935,0.34185963650284884,1.456708588970408,0.62254995235841,0.9517020503983613,0.0,0.057802238360638,0.3658676097840333,0.08734513546819545,0.08734513546819545,0.31074177329278246,0,2.599312099315623,2.3915846564529057,0.03650478063046063,0,0.328102464137002,0.3262065473138948,0.0,0,0.0,0.0,0.0,0.0,0.0,0.0,0.0,0.0,0.0,0.0,5.3010252193436855,31.098558457386844,33.811401033836816,40.85227605426597
140,-1048.357614898628,0.31109768060224935,0.20608403791832397,0.19984578345193596,0.28297249802749064,1.7152235282696984,0.4581588799215329,0.9947180142203539,0.0,0.03512799058782665,0.2712576227238387,0.0837819907058004,0.0837819907058004,0.18884621767358395,0,2.493276139294942,2.2940226995472752,0.022184946928815504,0,0.3147178998982259,0.31289932483046634,0.0,0,0.0,0.0,0.0,0.0,0.0,0.0,0.0,0.0,0.0,0.0,4.677841645446379,29.984585726716073,33.74545432320006,41.32850930871783
140,-1018.0079196446644,0.34755760147191805,0.18088066480390833,0.20933359442968982,0.2622281392944838,2.251786150985082,0.27055795245688025,1.0791251299706677,0.0,0.002380406482529055,0.18661483199294213,0.10675932175549514,0.10675932175549514,0.012796939227917973,0,3.1770606945229725,2.9231617133014915,0.0015033365302203228,0,0.40102973508270046,0.3987124131957425,0.0,0,0.0,0.0,0.0,0.0,0.0,0.0,0.0,0.0,0.0,0.0,1.188580542414972,29.86623280811328,36.19866460785491,44.381269282550946
140,-998.5870822056627,0.3075005787078104,0.2033613039551836,0.18968647712843323,0.29945164020857273,2.9269773506180976,0.15728791321035251,1.1902413503409461,0.0,3.059023205018258e-07,0.1473249778938757,0.12730618823848935,0.12730618823848935,1.6445146801070222e-06,0,3.7885168261780273,3.485752524518544,1.9319143031444282e-07,0,0.4782117955057348,0.4754484825556405,0.0,0,0.0,0.0,0.0,0.0,0.0,0.0,0.0,0.0,0.0,0.0,0.00013078160810495783,29.420782980336355,38.39854640568112,46.67820806796098
140,-991.5973196769374,0.29882454397441094,0.2044857180403069,0.19574966409230904,0.30094007389297317,3.4824875282130745,0.10441850765964705,1.3066132009096723,0.0,0.010947472716401311,0.14888434971701142,0.13793687700061008,0.13793687700061008,0.05885303374835171,0,4.104876492635935,3.7768298924192654,0.006913834157715338,0,0.5181448170716054,0.5151507539880632,0.0,0,0.0,0.0,0.0,0.0,0.0,0.0,0.0,0.0,0.0,0.0,2.443278279017921,29.232917809049077,37.98848463014389,45.907772827433355
140,-986.4339837271943,0.31444151213613686,0.20092249009125338,0.1949815633034451,0.2896544344691646,4.055879683678286,0.06441430433945126,1.5232521119750582,0.0,3.059023205018258e-07,0.17068507507923478,0.17068507507923478,0.17068507507923478,1.6445146801070222e-06,0,5.079433198516242,4.673503618225525,1.9319143031444282e-07,0,0.6411598473654887,0.63745495065245,0.0,0,0.0,0.0,0.0,0.0,0.0,0.0,0.0,0.0,0.0,0.0,7.335488367770049e-05,30.613334033500276,41.84974747466167,49.7076077964507
140,-984.6174614939716,0.30143649291346897,0.19858179087796451,0.2164696733433428,0.28351204286522375,3.9541142719747784,0.05570176830865423,1.7102156378449864,0.0,3.059023205018258e-07,0.20905788648008158,0.16978110753541428,0.16978110753541428,1.6445146801070222e-06,0,5.052531943381126,4.648752212252611,1.9319143031444282e-07,0,0.6377641919916943,0.6340789168324454,0.0,0,0.0,0.0,0.0,0.0,0.0,0.0,0.0,0.0,0.0,0.0,7.218362075413995e-05,32.3702716123914,41.70769259741076,49.326025742203
140,-982.7909715726172,0.3097463141593358,0.19982697719138195,0.20920475950258705,0.2812219491466952,3.719377421729392,0.04902119639978476,1.9741899643269907,0.0,3.059023205018258e-07,0.2597678113363791,0.1668747446812992,0.1668747446812992,1.6445146801070222e-06,0,4.966041217925057,4.569173506801782,1.9319143031444282e-07,0,0.6268467572771002,0.6232245677401889,0.0,0,0.0,0.0,0.0,0.0,0.0,0.0,0.0,0.0,0.0,0.0,7.199151062241327e-05,34.856238230137066,41.606174352229985,48.88419499794591
140,-980.9687216530825,0.3099204918302915,0.20149203169947263,0.20380469807098162,0.28478277839925425,3.278742109370096,0.044271920731577714,2.4736697781612453,0.0,3.059023205018258e-07,0.2977540576093726,0.15933104956440697,0.15933104956440697,1.6445146801070222e-06,0,4.741547685620375,4.362620670197762,1.9319143031444282e-07,0,0.5985096902694949,0.5950512444648915,0.0,0,0.0,0.0,0.0,0.0,0.0,0.0,0.0,0.0,0.0,0.0,7.674400608474348e-05,36.77332142489645,41.16434045627341,48.1899977396657
140,-977.9461551059328,0.3075465895161067,0.20748243377618933,0.1977489137862245,0.28722206292147945,2.4581131494712216,0.03682643245166317,4.362200419295229,0.0,0.0030162575949137065,0.34030230659818894,0.14562969144561938,0.14562969144561938,0.016215241145221337,0,4.333807681047494,3.9874657440096803,0.0019049058470764436,0,0.5470420345528851,0.5438809909472432,0.0,0,0.0,0.0,0.0,0.0,0.0,0.0,0.0,0.0,0.0,0.0,0.7858738302976274,38.66087981311927,39.95087800229979,46.63315935908143
140,-974.3421850092653,0.3002709664499206,0.20471835111481781,0.1936603959888562,0.30135028644640544,1.7637219939072384,0.028238939778397008,10.57292477850235,0.0,3.059023205018258e-07,0.3532893992909237,0.14471590088661918,0.14471590088661918,1.6445146801070222e-06,0,4.306614101880003,3.962445375463659,1.9319143031444282e-07,0,0.543609480095147,0.540468271262035,0.0,0,0.0,0.0,0.0,0.0,0.0,0.0,0.0,0.0,0.0,0.0,0.00010300652823524611,39.024491793410725,40.70248832355333,47.49376650437587
140,-971.0934651366598,0.297199933850856,0.2100287160506243,0.1909718447948437,0.301799505303676,1.4312686730765902,0.02646797964467622,22.672854479799064,0.0,0.005668535948855495,0.3158574998138894,0.1450748501891315,0.1450748501891315,0.030473749160564507,0,4.317296107924872,3.972273714955393,0.003579942008781506,0,0.5449578339562207,0.5418088337559349,0.0,0,0.0,0.0,0.0,0.0,0.0,0.0,0.0,0.0,0.0,0.0,1.599005131365257,36.57167470856122,40.28577643359812,47.178489020607685
140,-966.4277907384517,0.2905317486534876,0.2125840366780455,0.19234414389372356,0.30454007077474327,1.5359144423236104,0.031505699274966374,40.28595163061461,0.0,0.00592956531232035,0.22161504420141132,0.16211065223824453,0.16211065223824453,0.03187702919927995,0,4.824266142952516,4.438728573289926,0.0037447940962031276,0,0.6089509642078699,0.6054321842422096,0.0,0,0.0,0.0,0.0,0.0,0.0,0.0,0.0,0.0,0.0,0.0,1.594268561832338,32.07344976883758,41.96902656314832,49.4769369524939
140,-963.0056013452291,0.31893009875600237,0.19018785546505237,0.20423782924321027,0.28664421653573496,1.900355551429605,0.044548178681762474,63.04459784722482,0.0,0.008779765050908482,0.16575955462454275,0.15697978957363432,0.15697978957363432,0.047199552100237824,0,4.671576318469912,4.298241156821072,0.005544826744783202,0,0.5896774388491492,0.586270029583079,0.0,0,0.0,0.0,0.0,0.0,0.0,0.0,0.0,0.0,0.0,0.0,2.4532972158247097,29.630740169135475,42.76511096416407,50.8594096581356
140,-959.8155890042018,0.30926110542834995,0.19345185492170033,0.20755858078318945,0.2897284588667603,2.48725322679186,0.05712639965990838,78.80934109988938,0.0,0.010369853493621595,0.15811059048264323,0.14774073698902163,0.14774073698902163,0.05574778338668411,0,4.396630483871697,4.045267979974069,0.00654904096607538,0,0.5549719466307926,0.5517650805905225,0.0,0,0.0,0.0,0.0,0.0,0.0,0.0,0.0,0.0,0.0,0.0,2.972932031728253,29.318548973947017,42.63506325284054,50.8474758008028
140,-955.3426911520727,0.3064647611435559,0.1986047508520478,0.2096293817518974,0.28530110625249894,3.5868956612563254,0.08447362619750969,210.35046005756476,0.0,0.012147871253352864,0.1845965254149539,0.1361000292147004,0.1361000292147004,0.06530631273217045,0,4.050213566659311,3.726535426019123,0.007671941222482278,0,0.5112448989299591,0.5082907065341217,0.0,0,0.0,0.0,0.0,0.0,0.0,0.0,0.0,0.0,0.0,0.0,3.5736460386031697,30.344106700772457,43.062258444295935,51.320332224909414
140,-954.284719475615,0.3040788479050823,0.2049633652606898,0.20038772141847785,0.2905700654157501,4.342946051564708,0.11564583025941057,523.2918298847209,0.0,0.0076218692061443966,0.23388474462072817,0.17321465052625398,0.17321465052625398,0.040974765339464966,0,5.154711072095853,4.742765561595388,0.004813562091288073,0,0.6506619213268906,0.6469021175532627,0.0,0,0.0,0.0,0.0,0.0,0.0,0.0,0.0,0.0,0.0,0.0,2.094095002354425,32.17170292898335,48.79944908171241,56.90884350153349
140,-953.2037859292112,0.308013069590492,0.20333700952005787,0.20227785431988288,0.2863720665695672,4.151470695029773,0.11382003317376956,694.2628779481522,0.0,0.0076091252762859485,0.22355010075094794,0.14936284303590103,0.14936284303590103,0.04090625464722801,0,4.444902890244712,4.089682633544202,0.00480551371155319,0,0.5610652108775057,0.5578231353418623,0.0,0,0.0,0.0,0.0,0.0,0.0,0.0,0.0,0.0,0.0,0.0,2.3394187510851125,31.876926434669407,46.21374716291686,54.437815001137686
140,-952.9821372258803,0.3056281394255251,0.20231468276657594,0.20416521068633392,0.287891967121565,3.8936429646812294,0.10965170250537243,941.3894605435694,0.0,0.0063598575299726925,0.22779351566091455,0.14615886590302832,0.14615886590302832,0.03419025738108729,0,4.349555433482919,4.001954994110927,0.004016543486155642,0,0.5490298206213772,0.5458572907348934,0.0,0,0.0,0.0,0.0,0.0,0.0,0.0,0.0,0.0,0.0,0.0,2.036054654894682,32.09504369062246,45.81011922054974,54.071266716183615
140,-953.1495944484902,0.31578120377752883,0.20416099787527928,0.18889911325393782,0.29115868509325404,3.6802489070116153,0.10872306325477674,1769.8812031199539,0.0,0.0033168012018968763,0.22036546881486685,0.1427334766576868,0.1427334766576868,0.017830947665150098,0,4.247618952847156,3.908164901306955,0.002094713002542575,0,0.5361627199408342,0.5330645416832205,0.0,0,0.0,0.0,0.0,0.0,0.0,0.0,0.0,0.0,0.0,0.0,1.1924808196844152,31.933560813562753,45.85000294018258,54.209945039656475
140,-952.9023958899803,0.30927615717116913,0.20298808417674383,0.1986548156370282,0.2890809430150588,3.8147706598231244,0.1093136231095488,1183.900971949571,0.0,0.005231927112870148,0.22506914042216952,0.14490578953202018,0.14490578953202018,0.028126563173009843,0,4.312265015933405,3.967644689293117,0.0033042033828908613,0,0.5443227760575808,0.5411774454943302,0.0,0,0.0,0.0,0.0,0.0,0.0,0.0,0.0,0.0,0.0,0.0,1.7442961222232576,32.03201618569501,45.8120860945587,54.110581897945195
140,-952.7966430095235,0.30785537988584344,0.2022388087868289,0.2009093669574001,0.28899644436992755,3.7700806534381046,0.11157624554367787,1737.2208109797643,0.0,0.004164607067409125,0.22798794703296862,0.14640569092470987,0.14640569092470987,0.02238870711407658,0,4.3569007225116865,4.008713274712567,0.002630141525996054,0,0.5499569918644039,0.5467791043846385,0.0,0,0.0,0.0,0.0,0.0,0.0,0.0,0.0,0.0,0.0,0.0,1.4283714538473147,32.144222477373546,46.21572475869088,54.53209434181374
140,-952.7152532336753,0.3070132537753641,0.2027384465514665,0.20185617528104602,0.2883921243921234,3.732794386117524,0.11266699209005739,2756.0428657769844,0.0,0.004668303031844554,0.22915320386691582,0.14767001026821164,0.14767001026821164,0.025096549952489385,0,4.394525720736797,4.043331421751522,0.0029482487690312125,0,0.554706269426748,0.5515009385833622,0.0,0,0.0,0.0,0.0,0.0,0.0,0.0,0.0,0.0,0.0,0.0,1.584224704700052,32.12593136047268,46.34469604256594,54.65075891745802
140,-952.6327638333628,0.3077881092074156,0.20101836762663652,0.20238190218443505,0.28881162098151275,3.7975450530113437,0.11101552584134615,5154.84925898857,0.0,0.003985928412684983,0.22908528291393715,0.14935331835124252,0.14935331835124252,0.021428140125785713,0,4.444619444258368,4.089421839516409,0.002517297710963237,0,0.56102943243959,0.5577875636471131,0.0,0,0.0,0.0,0.0,0.0,0.0,0.0,0.0,0.0,0.0,0.0,1.3708326075511554,32.182794548103,46.5503380595146,54.87335046711772
140,-952.5670793769713,0.30813664725964296,0.20323858643941958,0.20216268006894278,0.28646208623199465,3.8681101402340006,0.10777001421685281,11259.13707580908,0.0,0.004940571067689471,0.227292503060189,0.14863704256723387,0.14863704256723387,0.026560248498928483,0,4.423303725851836,4.069809594762978,0.00312019859663466,0,0.5583388206673926,0.5551124993842488,0.0,0,0.0,0.0,0.0,0.0,0.0,0.0,0.0,0.0,0.0,0.0,1.6593981131257949,32.138420793723,46.20519919697979,54.48971837525329
140,-952.558182174858,0.30570519023766424,0.2026467600894849,0.20097632659969739,0.2906717230731535,3.9529081376325363,0.10657466390875839,21602.080264371114,0.0,0.005457253412561878,0.22644034344870723,0.14784056684913402,0.14784056684913402,0.029337905431052743,0,4.399601330065618,4.048001407089624,0.003446507338132176,0,0.5553469465998436,0.5521379136488439,0.0,0,0.0,0.0,0.0,0.0,0.0,0.0,0.0,0.0,0.0,0.0,1.8115030060355937,32.11843689393564,45.99158329784045,54.29135041841365
140,-952.5427341246929,0.30820690487443325,0.20209621482969445,0.20150401339644128,0.288192866899431,3.9769036124682495,0.10663032212028392,25743.30822754206,0.0,0.00519425805876974,0.2261958822587443,0.14755500506835742,0.14755500506835742,0.027924056332420195,0,4.391103270180588,4.040182480829863,0.0032804136371043253,0,0.5542742649509581,0.551071430414802,0.0,0,0.0,0.0,0.0,0.0,0.0,0.0,0.0,0.0,0.0,0.0,1.7395951458438783,32.132789556900995,46.01801212863208,54.31585641490429
140,-952.5395719500867,0.3082723631558891,0.20222765551730146,0.20168951196903165,0.2878104693577778,3.976614957848891,0.10671426752002856,30992.453524322667,0.0,0.005028056377038365,0.22618560790371958,0.1474947323239593,0.1474947323239593,0.02703056489038947,0,4.389309607912699,4.0385321614396394,0.003175449606227814,0,0.5540478569678309,0.5508463307141507,0.0,0,0.0,0.0,0.0,0.0,0.0,0.0,0.0,0.0,0.0,0.0,1.6925542919184382,32.141270677455665,46.035487209302985,54.33311731569823
140,-952.5332138725975,0.3082281154555099,0.2022793239426179,0.2019362534237675,0.2875563071781047,3.9691639309777234,0.10696474611848053,60746.646339371786,0.0,0.0047600493363042585,0.22630128010249465,0.14743369556582744,0.14743369556582744,0.025589773228082847,0,4.387493209288269,4.036860922698692,0.0030061907936472987,0,0.553818579050536,0.5506183776630426,0.0,0,0.0,0.0,0.0,0.0,0.0,0.0,0.0,0.0,0.0,0.0,1.6161583027311726,32.15531738420528,46.07307883779301,54.37334730769456
