-6.511090657457254682e-01
-7.896475228398015522e-01
-5.350274851626029005e-01
4.747443366641478368e-01
-2.220778877060197498e+00
-1.367149664847534529e+00
-1.746641153577170202e+00
-8.937181657556446390e-02
-2.707084520658825433e+00
-1.262196892884328348e+00
-1.512483337845623499e+00
-2.269626178118067994e+00
-3.517168132588506246e+00
-6.415635400262291732e-01
-6.507886413900609845e-01
-1.640762578377338521e+00
-1.488576693522817740e+00
-6.448275628775017587e+00
-4.923648096985015488e-01
-1.960683608482108653e+00
-1.285954832327333541e+00
-2.874518462450338929e-01
-9.593891556350453431e-01
