112,-958.3596105224733,0.32559523809523816,0.1857142857142857,0.24345238095238098,0.24523809523809517,1.2,0.9,0.0,0.14399999999999996,0.84,0.21600000000000003,0.21600000000000003,0.8653488490088264,0,6.563637787535078,6.598535699028208,0.06919440554411918,0,1.2089660064839585,1.2446256050270013,0.0,0,0.0,0.0,0.0,0.0,0.0,0.0,0.0,0.0,0.0,0.0,7.125822248077097,37.12552167259071,37.252471324751156,32.31326977634214
112,-905.9989655199431,0.2563749590779146,0.23375176864618255,0.1899088429362245,0.3199644293396784,1.5621711615048812,0.621088363041018,0.0,0.05660405233370746,0.36894155383540184,0.0857651927816289,0.0857651927816289,0.3401545245570079,0,2.6061650935033804,2.6200216958500677,0.02719919272652153,0,0.4800333454283921,0.49419238405598276,0.0,0,0.0,0.0,0.0,0.0,0.0,0.0,0.0,0.0,0.0,0.0,5.757338396069577,27.08696388781926,35.76473199613139,30.43900204306975
112,-876.8364728208595,0.3533777971650411,0.17350853075706446,0.2278134834825975,0.24530018859529695,1.9291961916682765,0.46387748038677007,0.0,0.03466218120427575,0.277284946265619,0.08636406401055696,0.08636406401055696,0.20829776811982917,0,2.6243631204851385,2.6383164791056357,0.016655757106197235,0,0.48338526653040736,0.49764317324875057,0.0,0,0.0,0.0,0.0,0.0,0.0,0.0,0.0,0.0,0.0,0.0,5.250896132561235,26.1750677083559,36.00722536409893,30.532751167028188
112,-859.3629121510257,0.36588932391842865,0.16894440780765943,0.2201025944867262,0.24506367378718572,2.38368934947276,0.3449144291928322,0.0,0.01486028936773815,0.2247214797402722,0.10516896196383056,0.10516896196383056,0.08930093264104383,0,3.1957915408409145,3.212783101611461,0.007140617284821084,0,0.5886374997753497,0.6059999208995106,0.0,0,0.0,0.0,0.0,0.0,0.0,0.0,0.0,0.0,0.0,0.0,4.015637243652716,26.08598448871472,36.865336248272165,31.548536865148613
112,-843.3084465748655,0.27295496426507726,0.19269125633525866,0.2576451541420586,0.2767086252576055,4.062957586158139,0.15886757028453152,0.0,3.059023205018258e-07,0.16130340634273657,0.16130340634273657,0.16130340634273657,1.8382793121901675e-06,0,4.901560801524588,4.927621690404631,1.469911751506282e-07,0,0.9028256249927658,0.9294553227418737,0.0,0,0.0,0.0,0.0,0.0,0.0,0.0,0.0,0.0,0.0,0.0,0.00011018900526910923,26.102492397401303,42.2897136081194,37.15712895856501
112,-838.0979891377146,0.33147218403889783,0.1975437128238957,0.1900155793537965,0.28096852378341,4.392217034329929,0.14028911033598782,0.0,0.003650098301231566,0.1772269286356803,0.1735768303344487,0.1735768303344487,0.02193478030374867,0,5.274515938072928,5.30255977539825,0.0017539332092452605,0,0.9715207749425094,1.000176701267048,0.0,0,0.0,0.0,0.0,0.0,0.0,0.0,0.0,0.0,0.0,0.0,0.9414777339737599,26.186655603798357,42.69094657364349,37.08489739640788
112,-836.7225593774157,0.32701587699153484,0.18930670385676995,0.21521155303346456,0.26846586611823064,4.4075072231552435,0.1387741441103244,0.0,0.00828133061983487,0.18744226394173255,0.17563410885575248,0.17563410885575248,0.049765555000942055,0,5.337030896600306,5.365407116905967,0.003979317703845736,0,0.9830354962301291,1.012031060175783,0.0,0,0.0,0.0,0.0,0.0,0.0,0.0,0.0,0.0,0.0,0.0,1.86468970532282,26.40906723372079,42.05669679426313,36.509106543820515
112,-836.4061225394439,0.33392631151576235,0.18617752024540593,0.2166999756256759,0.2631961926131558,4.494401678897488,0.13390535168771886,0.0,0.011214642433591224,0.19820179177289646,0.17626340324328904,0.17626340324328904,0.06739290223578967,0,5.356153398551782,5.3846312904307725,0.005388823031820826,0,0.9865576977236608,1.0156571523416524,0.0,0,0.0,0.0,0.0,0.0,0.0,0.0,0.0,0.0,0.0,0.0,2.3288759453804895,26.70011864512425,41.8635322025093,36.307607163278846
112,-836.0841799736637,0.3352897958893229,0.1856004554249578,0.2173670083933922,0.2617427402923271,4.634575801246809,0.12657737257951512,0.0,0.012538186814060645,0.21292623511283656,0.1746822188420814,0.1746822188420814,0.07534656616809045,0,5.308105612973877,5.336328041735795,0.006024808216666945,0,0.9777077060984629,1.006546121823077,0.0,0,0.0,0.0,0.0,0.0,0.0,0.0,0.0,0.0,0.0,0.0,2.5146521705429596,27.237225694107387,41.7289368448955,36.2358415566208
112,-835.7060169356835,0.3332700742005409,0.18541799366017586,0.21818599921867118,0.263125932920612,4.728046008736571,0.11929364368016332,0.0,0.00523789270811227,0.24622615759382793,0.17345589370477732,0.17345589370477732,0.031476419626365826,0,5.270841011071038,5.298865309341736,0.0025168949461229525,0,0.9708438847841231,0.9994798455917022,0.0,0,0.0,0.0,0.0,0.0,0.0,0.0,0.0,0.0,0.0,0.0,1.2517642368973845,28.671169002438972,42.29645325717504,37.09801940077561
112,-835.6836367920522,0.32912594836021325,0.18854574130965168,0.21591714196057088,0.2664111683695642,4.774891402979601,0.11613293402738323,0.0,0.007752155682251722,0.2508199267822078,0.17133398646944714,0.17133398646944714,0.046585548590095574,0,5.206362166110588,5.234043639701216,0.003725040306381067,0,0.9589674323932594,0.9872530859778874,0.0,0,0.0,0.0,0.0,0.0,0.0,0.0,0.0,0.0,0.0,0.0,1.723481901254937,28.82548749649966,41.94022417060599,36.72157087642309
112,-835.6732163985653,0.3303578889657991,0.18768241627264165,0.2163802226897548,0.2655794720718045,4.757537842407336,0.11703057137403469,0.0,0.0064819050464426965,0.24937629119627283,0.17234085358248466,0.17234085358248466,0.03895214632863675,0,5.2369580505094735,5.264802197986196,0.0031146636561251995,0,0.9646029329150604,0.9930548109304157,0.0,0,0.0,0.0,0.0,0.0,0.0,0.0,0.0,0.0,0.0,0.0,1.489778528593412,28.785706304590605,42.118637902839495,36.91191521247622
112,-835.6728868894581,0.33035391152117316,0.18770728716740367,0.2163750360699465,0.2655637652414766,4.75209387053762,0.1170327957885409,0.0,0.006374143785416599,0.24921726037139785,0.17243443928971364,0.17243443928971364,0.03830456936199318,0,5.2398018592332765,5.2676611268291085,0.0030628825700322443,0,0.9651267381869706,0.9935940663354238,0.0,0,0.0,0.0,0.0,0.0,0.0,0.0,0.0,0.0,0.0,0.0,1.4690421348770126,28.780446969716053,42.13485136917855,36.92902383060397
112,-835.6716462851263,0.33030975713429805,0.18782071962083643,0.21633215602118178,0.26553736722368376,4.723720570262007,0.11677879789667235,0.0,0.006166958495468774,0.248782247767016,0.17268776378187767,0.17268776378187767,0.03705951691624381,0,5.247499684276221,5.275399880092917,0.0029633265771473434,0,0.9665446117963971,0.9950537614712007,0.0,0,0.0,0.0,0.0,0.0,0.0,0.0,0.0,0.0,0.0,0.0,1.4283305980799348,28.763246223913953,42.16941218230009,36.964699322133306
112,-835.6705762931072,0.3302823626484089,0.18778710944351873,0.2163291751329534,0.265601352775119,4.6879825584144115,0.1162415369449176,0.0,0.00617710174888033,0.2485987033969105,0.17271303842551292,0.17271303842551292,0.03712047144863891,0,5.248267710230067,5.276171989529525,0.0029682005798563438,0,0.9666860756157536,0.9951993979000265,0.0,0,0.0,0.0,0.0,0.0,0.0,0.0,0.0,0.0,0.0,0.0,1.430315663092321,28.75344829069338,42.16813354217024,36.96292990038863
112,-835.6709423224897,0.33054672069801894,0.1882209853008182,0.21627831617954107,0.26495397782162183,4.671793110315043,0.11568835423068365,0.0,0.00643952595932366,0.24886777995094808,0.1722925486749039,0.1722925486749039,0.03869747484071659,0,5.235490199043175,5.263326542166243,0.003094299796814754,0,0.9643325672150072,0.9927764705377145,0.0,0,0.0,0.0,0.0,0.0,0.0,0.0,0.0,0.0,0.0,0.0,1.483161119927032,28.757025005728963,42.11522988742169,36.90877711913187
112,-835.6704352394596,0.3303736184305942,0.18793681706726426,0.21631162862408337,0.2653779358780582,4.6823862031351915,0.11605023119153743,0.0,0.006267813781314827,0.24869162486505555,0.17256773244888793,0.17256773244888793,0.03766559334348921,0,5.2438522667165,5.271733069742293,0.0030117892268008146,0,0.9658727886422417,0.9943621222561797,0.0,0,0.0,0.0,0.0,0.0,0.0,0.0,0.0,0.0,0.0,0.0,1.4486430749780357,28.754678312367528,42.14978557971257,36.944149918196544
112,-835.6702544097393,0.33025446648824663,0.187804470129828,0.21639681914813513,0.26554424423379025,4.671635391783467,0.11581204176405069,0.0,0.006361637760632446,0.24886964773504985,0.17257778646770028,0.17257778646770028,0.0382294160692665,0,5.244157780317395,5.272040207714756,0.00305687321620822,0,0.9659290616374856,0.9944200550767689,0.0,0,0.0,0.0,0.0,0.0,0.0,0.0,0.0,0.0,0.0,0.0,1.466035789017614,28.759978489064594,42.139418081452945,36.93340180412377
112,-835.670251723327,0.3303313610408644,0.1877570001460746,0.21631353079540577,0.2655981080176552,4.67218180546052,0.1158043375550257,0.0,0.006391034336741278,0.2489149199440305,0.17252542481443414,0.17252542481443414,0.03840607088385385,0,5.242566655660009,5.270440623278012,0.0030709987621032418,0,0.9656359900687724,0.9941183390842847,0.0,0,0.0,0.0,0.0,0.0,0.0,0.0,0.0,0.0,0.0,0.0,1.471901926585883,28.76160227485407,42.13426050261102,36.92754506528279
112,-835.6702452701024,0.33028912947134714,0.1877619163106452,0.21637730511938155,0.2655716490986261,4.673016581420847,0.1158132313299691,0.0,0.006394129331499647,0.24892151530513845,0.17252569939959167,0.17252569939959167,0.03842466984324165,0,5.242574999537397,5.270449011518587,0.003072485958787044,0,0.9656375269397045,0.994119921286682,0.0,0,0.0,0.0,0.0,0.0,0.0,0.0,0.0,0.0,0.0,0.0,1.472521958215126,28.76193260509531,42.133468786239106,36.927108500322284
112,-835.6702452468867,0.3302883881252551,0.1877629908118316,0.21637729456575064,0.26557132649716275,4.673142819683366,0.11581564323261273,0.0,0.006394389625793663,0.24892194133565856,0.17252378452200634,0.17252378452200634,0.03842623404718422,0,5.242516811746297,5.27039051435143,0.0030726110345435783,0,0.9656268092456894,0.994108887464121,0.0,0,0.0,0.0,0.0,0.0,0.0,0.0,0.0,0.0,0.0,0.0,1.4725861566024694,28.761951547813666,42.13333046163626,36.92697540688063
