-7.364367167339583853e-01
-7.577821578413665993e-01
-3.786142206857365800e-01
7.327292867863323123e-01
-2.478212682072483020e+00
3.364722366212128390e-01
-1.691586521116571706e+00
-9.770394727068940632e-01
-7.129574008035582944e-01
-1.474000391209257854e+00
-4.574574877313696497e+00
-2.607566481686318216e+00
-3.815070129099747409e-01
-6.257644074009649504e-01
-1.413494534629639032e+00
-1.141485176023508519e+00
-2.385708385280778554e+00
-1.016748145719871266e+00
-1.715162103729209075e+00
-1.736517423110984337e+00
-1.012001241068430035e+00
-7.043881044990264462e-01
