-7.687876802067443727e-01
-8.429562804369351570e-01
-5.810596013911757396e-01
5.150213108586424449e-01
-1.944625756949656115e+00
-2.918579852753718118e+00
-1.552599386984923946e+00
-7.718086347999787433e-01
-1.258206541436173387e+00
-8.863384180621934894e-01
-1.549198196628762680e+00
-7.982331008903515546e+00
-2.611079263508021331e+00
-4.727413691506456850e-01
-7.601758637229910631e-01
-1.392492360917596095e+00
-1.605354815580648742e+00
-3.439441819582724769e+00
-1.615998401279129970e+00
-1.073875002301890813e+00
-2.257799459751870685e+00
-1.537990975039917441e+00
-9.889223999411052013e-01
