-6.622413171173191504e-01
-8.083770438011576021e-01
-5.674494267344091236e-01
6.041786369726072081e-01
-2.533213717221848071e+00
3.364722366212128946e-01
-1.461448085734574187e+00
-5.576806710425114000e-01
-5.855118768384690586e-01
-2.060846868034531543e+00
-2.699384733262007785e+00
-5.763453510047694905e+00
-8.442090757338116536e-01
-8.751097153391661498e-01
-1.693042085721852219e+00
-1.256130734427814533e+00
-2.334684714737670586e+00
-1.218389326153571872e+00
-1.803883767900555268e+00
-1.515094418368502227e+00
-1.023849658726779133e+00
-8.717213516746848967e-01
