-6.567585307276950779e-01
-7.813370794494339799e-01
-5.055610142844679800e-01
3.407693287606258781e-01
-3.410299534497691187e+00
-2.231435513142097093e-01
-1.315044209441053713e+00
-2.538303473488912498e+00
-9.396571905182636852e-01
-1.503372128120970208e+00
-1.605722264022503287e+00
-7.065815889712742326e+00
-2.284746246212116638e+00
-1.338414135367985480e+00
-5.937447602178190786e-01
-2.075234363257234094e+00
-1.696077577150304050e+00
-9.866350757836219287e+00
-1.719214949381428159e+00
-2.056500173101618145e+00
-2.568826436012431991e+00
-8.211858270821457140e-01
1.027523644283023341e+00
