-6.642599934941967321e-01
-8.945730219954843854e-01
-4.767284968688675351e-01
7.966987543750198020e-01
-1.533095109507942144e+00
-5.551635919237195571e-01
3.364722366212128390e-01
-5.338884148705191901e-01
-2.241964557174802586e-01
-1.490571541290867594e-02
-1.234899896977806000e+00
-2.439676799905897031e+00
-3.196040634474464515e+00
-2.033007118275257097e-01
-9.486679622234557296e-01
-1.281965960378641078e+00
-9.148486505432941174e-01
-2.540192121066806141e+00
-1.065974067542694081e+00
-1.563875643881323940e+00
-1.062502966484704103e+00
-4.689088705166551962e-01
-5.798547025614873007e-01
