-6.638984945063081122e-01
-6.618645795895741202e-01
-6.812831195147862617e-01
5.282052471913757374e-01
-1.620042937350769208e+00
-2.231435513142097093e-01
3.364722366212128946e-01
-1.529275830132643454e+00
-3.094326028714362575e-01
-1.125360501420520354e+00
-2.028558506128947503e+00
-3.094739557781882144e+00
-2.244973805446730530e+00
-6.188214542240987326e-01
-2.690648707576184240e-01
-1.017849920067075198e+00
-1.034626958459456736e+00
-2.276191580314301799e+00
-9.308231914663310791e-01
-1.480165160529196333e+00
-1.070343356537807766e+00
-6.022696576276618252e-01
-7.574592640015880285e-01
