-6.516373974394108481e-01
-7.837564999655024511e-01
-5.144612228963355571e-01
3.532303898134145359e-01
-3.186682295444515312e+00
3.364722366212128946e-01
-3.320149864323134192e+00
-8.418837391689517613e-01
-1.655578227638229816e+00
-1.599977021337752436e+00
-1.022722410168632656e+01
-2.344486314817539441e+00
-1.179845871698949056e+00
-5.872261797385347482e-01
-2.094584660593443282e+00
-1.615664872780086192e+00
-1.269741159071974934e+01
-1.485222508932126040e+00
-2.031089340678163602e+00
-2.421184401937698905e+00
-8.070174840165980079e-01
5.056195826701008755e-01
