-7.102107396570734865e-01
-7.802009545223470566e-01
-5.276354493695046832e-01
7.656193859220482567e-01
-2.697838414242526905e+00
-2.231435513142097093e-01
-1.347473678325539881e+00
-1.478434619229887836e+00
-4.009948060505704737e-01
-1.157315158602619576e+00
-8.510048523675501908e-01
-2.563084783702593406e+00
-4.100942038886923768e+00
-6.670683328923350253e-01
-8.807635459087379548e-01
-1.334050541584871352e+00
-1.557179692024455830e+00
-2.936739109998776076e+00
-1.182001812521823902e+00
-1.946052578909597708e+00
-2.044845950832962167e+00
-4.543477169961299689e-01
-1.201248459086772247e+00
