-6.367668915624882242e-01
-7.272635234355524503e-01
-5.351722372610987488e-01
7.372767867066044589e-01
-2.508007525647057534e+00
-4.640770566452935286e-01
3.364722366212128946e-01
-1.220945916971372780e+00
-6.046811465750125958e-01
-3.495022789710441335e-01
-3.203268487975340917e-01
-2.510213256686265826e+00
-4.007131799752657209e+00
-1.211876341844370542e+00
-1.109603893987457957e+00
-6.529753687667420259e+00
-1.187848357986840631e+00
-1.460720233561075165e+00
-1.362214870243193765e+00
-8.908206101507080144e-01
-5.966503729847111304e-01
