-6.961480514066892278e-01
-8.976975227625860754e-01
-5.202273332791077509e-01
6.652411590906978089e-01
-2.850394881620192944e+00
-1.381551055796427363e+01
-3.607638305988934757e+00
-1.629056011335874021e-01
-1.064805592155709801e+00
-1.402386328906376045e+00
-2.718726286655277047e+00
-2.844063550521325645e+00
-8.101061346559308429e-01
-8.534963712745231579e-01
-1.477159630820588321e+00
-1.541612497943960047e+00
-2.960339732876622776e+00
-1.688375591592326641e+00
-2.315361370767838434e+00
-1.811170832331303160e+00
-1.163965946549668340e+00
-1.228042074237957415e+00
