-6.681745264581973043e-01
-7.720930403485772864e-01
-6.370132979965708042e-01
5.705078328027465284e-01
-2.277683746106994533e+00
-7.042421129102783839e-01
3.364722366212128946e-01
-1.491742385837025342e+00
-7.342472373407897823e-01
-7.166305830314496639e-01
-1.098054451591061076e+00
-3.027305503053940416e+00
-3.986801179955353991e+00
-8.987272468179631213e-01
-7.350302718487173870e-01
-1.262284971013237334e+00
-1.317700436462365010e+00
-2.497971663803674858e+00
-1.295023556101628781e+00
-2.144307820573239098e+00
-1.554996973803632221e+00
-5.743444819617540276e-01
-8.045185310094847830e-01
