-6.776668960388871898e-01
-8.052505712318153153e-01
-5.072256020862218051e-01
6.152580543401106050e-01
-2.182725008401505296e+00
-1.175605868674203691e+00
-1.565368964205676061e+00
-1.618856795858027997e+00
-7.110731547583382106e-01
-5.002768963619319553e-01
-1.350299703739774593e+00
-3.638128248946312926e+00
-3.018149725497388580e+00
-5.480494095150321154e-01
-8.598723825341535454e-01
-1.367531917773964878e+00
-1.195708698972054895e+00
-2.442068456121312181e+00
-1.107253817390288608e+00
-1.540591835347018934e+00
-1.396388979328252899e+00
-3.293320431879924182e-01
-7.588669663195022341e-01
