-5.948689959611711542e-01
-6.691705865991742774e-01
-5.542229705494879921e-01
6.915102310417169384e-01
-2.280369453164521776e+00
-2.231435513142096816e-01
3.364722366212128390e-01
-1.475137646213928733e+00
-6.199306440445436772e-01
-4.706535817441237501e-01
-1.079004590534880403e+00
-2.212497738197788166e+00
-3.078665542507496689e+00
-4.831072638507346584e-01
-6.330605311444181815e-01
-1.598212551340597365e+00
-8.891869515052613915e-01
-1.991611239935642041e+00
-1.233414028231017756e+00
-2.377506360911631589e+00
-1.654732504819582894e+00
-1.056592934393950411e+00
-7.094138088822669053e-01
