-7.277735870961759002e-01
-8.370367596249750353e-01
-4.359527314355478023e-01
6.341109144633414463e-01
-3.352738411966016407e+00
3.364722366212128390e-01
-1.568440127083399638e+00
-6.824227260155814045e-01
-1.225341158032246858e+00
-1.441523251702818476e+00
-2.687641704873252380e+00
-2.925137431997710369e+00
-4.487739090934569353e-01
-8.737905787501465404e-01
-1.359332156389874591e+00
-1.570025457274447866e+00
-9.277099487862624505e-01
-1.078309435464459565e+00
-2.259724642579684861e+00
-1.791582597116126996e+00
