-6.173685430888059544e-01
-7.804785981746019674e-01
-5.100375741333855739e-01
4.677414362665006098e-01
-2.678391785594501417e+00
-9.413453184385497385e-01
-1.841927747811703542e+00
-2.179856866997408105e+00
-1.281123547129041862e+00
-7.478524054957479406e-01
-1.945205749613693191e+00
-5.562286414373015297e+00
-2.739272155981680168e+00
-8.187672530617403632e-01
-9.528318486171056811e-01
-1.122818119756956445e+00
-1.568046441966942872e+00
-3.177604003468129434e+00
-1.455922272674639251e+00
-1.097650857682815451e+00
-7.151458051656257586e-01
