-6.479717053169454788e-01
-8.117927957026886965e-01
-4.764235060115500353e-01
6.562199000421790052e-01
-2.087466225371546802e+00
3.364722366212128946e-01
-1.560564146019564280e+00
-4.646698295334565354e-01
-3.214521268198972104e-01
-5.436946350481735024e-01
-3.882075306636688872e+00
-3.077701064038872669e+00
-5.868894292470121510e-01
-5.007331812814838079e-01
-1.411307373754476124e+00
-1.152474895450826153e+00
-2.719565531164696459e+00
-1.639876890485431282e+00
-1.685168303642242904e+00
-1.212057414107188258e+00
-1.193243418018763657e+00
-8.638115166941625622e-01
