-7.748686341942117028e-01
-1.060096278436504669e+00
-4.191747381523007188e-01
6.013255763599483217e-01
-3.215449337327108026e+00
-2.459582416197531707e+00
-2.224071846042778411e+00
-7.821563465968169870e-01
-1.665338520537327005e+00
-6.755887498607787700e-01
-2.731149916522358723e+00
-1.126011938418599811e+01
-2.089323999545900534e+00
-6.726481824474614957e-01
-5.925101934832431860e-01
-1.495341496219394051e+00
-1.333505673098371425e+00
-2.304606366980082921e+00
-1.816617949729208981e+00
-1.778291987728372270e+00
-2.059659963465681365e+00
-1.285749980018429550e+00
-7.065199632559355791e-01
