-6.771317789290830502e-01
-7.674213541361212254e-01
-5.639669537136459132e-01
6.076474246652812106e-01
-2.754863614902424818e+00
3.364722366212128946e-01
-2.622435530923420188e+00
-5.608785882769352638e-01
-1.205753348006181502e+00
-1.220572733986361236e+00
-2.810419772668505178e+00
-3.372109314671163816e+00
-1.449687230568666774e+00
1.350549172116602969e-01
-1.677053828071919162e+00
-1.270614867597719577e+00
-3.091029628346535496e+00
-1.405321395412004293e+00
-1.948309801460548218e+00
-2.028419020125125982e+00
-1.430340724830972077e+00
-7.432764794103050576e-01
