-6.918793660426929559e-01
-6.769656996494438639e-01
-6.410605415506336335e-01
7.408102852819046236e-01
-2.208584149163521637e+00
3.903872299405185264e-02
-2.314228139985191834e+00
-9.162629043999725997e-01
-6.268363043848202976e-01
-4.489524871471682332e-01
-1.357747880298067145e+00
-3.503258715395900946e+00
-2.949205262134973804e+00
-5.381774852692602362e-01
-4.705738762596115010e-01
-1.173588506893476824e+00
-1.142025134210653992e+00
-2.580275391901079907e+00
-1.420812582633771193e+00
-1.574616831549900287e+00
-1.704959015909005116e+00
-9.500343725126517702e-01
-6.467234751843710105e-01
