-6.614036361414427079e-01
-9.236008571072493734e-01
-4.986347559625570192e-01
5.179377992263265451e-01
-2.512331104947375771e+00
-1.665981143908878137e-01
-1.281364895615348720e+00
-1.079970540477053431e+00
-5.334994713493305118e-01
-1.236277203496294330e+00
-1.403750584607502239e+00
-3.211854019397755611e+00
-3.102150818294533430e+00
-6.126750808621831412e-01
-9.973670520460155009e-01
-1.609359662967674520e+00
-9.169090106474059310e-01
-2.607369768061082116e+00
-1.335251788598508682e+00
-1.781398434052809954e+00
-1.806758716298491718e+00
-1.273525196364302170e+00
-1.144310162423977317e+00
