-6.819944014053013204e-01
-7.220161524270806153e-01
-5.311435610871106938e-01
6.343948473805224308e-01
-2.724226636491909659e+00
3.364722366212128946e-01
-1.498929245288711298e+00
-5.903786800942033564e-01
-9.036741692136271986e-01
-1.702424229171998871e+00
-3.052093259981070617e+00
-4.167346963894952516e+00
-7.062231370247392670e-01
-8.176370732267789210e-01
-1.435031742724361070e+00
-1.639187741202400739e+00
-2.588169422420425470e+00
-1.543994365361899268e+00
-2.276129732883849677e+00
-7.617884702259393181e-01
-1.038681755960711550e+00
-1.188074890164475317e+00
