-6.999231472929986486e-01
-7.985426184045338882e-01
-5.129232524447211450e-01
6.204314614311494669e-01
-3.323224160954551643e+00
-3.058807068524516559e+00
3.364722366212128390e-01
-1.889957778830771762e+00
-4.521466803963345438e-01
-1.051503048973882359e+00
-1.126366087563824170e+00
-3.060902229357803872e+00
-4.672793032152484649e+00
-7.074583724401503071e-01
-1.117766154415255508e+00
-1.938964482346780649e+00
-1.556997640711621278e+00
-4.109428830363824225e+00
-2.019711193368929791e+00
-2.361131375987009395e+00
-1.863200678814706190e+00
-1.615903052544021890e+00
-1.180471520327612600e+00
