197,-1861.6732166667493,0.27952622673434857,0.20101522842639594,0.2328257191201354,0.28663282571912013,1.2,0.9,1.0,0.0,0.144,0.84,0.21599999999999997,0.21599999999999997,2.3548783193281206,0,15.251518707132348,12.931649362763991,0.616853632815997,0,5.746463389557564,4.982120398147453,0.0,0,0.0,0.0,0.0,0.0,0.0,0.0,0.0,0.0,0.0,0.0,22.041892588088558,64.464717134377,83.9953209418172,80.96477028848881
197,-1787.2005146194701,0.20802289827295534,0.2532076298564479,0.17215138462981733,0.3666180872407795,1.680625859718282,0.5448724961664934,1.0719604777358125,0.0,0.06893141327750418,0.4021819574724932,0.1040978090284185,0.1040978090284185,1.1272575739433413,0,7.3502300081871095,6.232205397164241,0.29528189371784247,0,2.7694178171988977,2.401054711865472,0.0,0,0.0,0.0,0.0,0.0,0.0,0.0,0.0,0.0,0.0,0.0,21.251091241913045,46.69729855279034,81.13214122150907,78.38971700361354
197,-1714.1838761204135,0.2697857914522086,0.2108129300396116,0.19812955979963798,0.3212717187085418,2.116873402234703,0.38442076983271145,1.1304340648389741,0.0,0.044829195107173606,0.3054370511224101,0.1359526013766481,0.1359526013766481,0.7331062474362041,0,9.599461311015073,8.139311902585364,0.19203508234775807,0,3.6168826228056563,3.1357973541657786,0.0,0,0.0,0.0,0.0,0.0,0.0,0.0,0.0,0.0,0.0,0.0,18.959491949810896,44.46404789211303,83.37516934397456,82.03636438074318
197,-1675.6320957327862,0.28820158183083855,0.19245962321624593,0.2049311791338855,0.3144076158190301,3.0199144854507805,0.223773033333093,1.2552389244005622,0.0,3.059023205018258e-07,0.2281040070467696,0.2281040070467696,0.2281040070467696,5.002519044318831e-06,0,16.106169123359518,13.656301098936444,1.310395539502741e-06,0,6.068478358822419,5.261303825957785,0.0,0,0.0,0.0,0.0,0.0,0.0,0.0,0.0,0.0,0.0,0.0,0.00041042188323592375,45.57487263098787,103.06970066999634,103.23159520223173
197,-1664.22882784319,0.28218656675766124,0.19669570340933396,0.20251467670811588,0.3186030531248889,3.476817326577749,0.18117042071033976,1.3496744426911678,0.0,0.018498491740865756,0.2498243415487274,0.2313258498078616,0.2313258498078616,0.30251178570024356,0,16.3336598416106,13.849188788234596,0.07924209605534556,0,6.154192254533188,5.335616828456211,0.0,0,0.0,0.0,0.0,0.0,0.0,0.0,0.0,0.0,0.0,0.0,10.491585387592433,44.312241971257265,98.8927111753786,97.97092691441523
197,-1668.5640028101582,0.27874671978889515,0.18428501262306965,0.22927159341420453,0.3076966741738307,4.491658803290235,0.11628390828326972,1.7554582331441435,0.0,0.09929223794161608,0.2865890165443467,0.1872967786027306,0.1872967786027306,1.6237579055991718,0,13.224816308542463,11.21322346141551,0.42533873392164073,0,4.982842968623427,4.3200699128887585,0.0,0,0.0,0.0,0.0,0.0,0.0,0.0,0.0,0.0,0.0,0.0,32.34072180301258,42.982779671286295,91.45379646111473,89.29281294930723
197,-1661.3871559017648,0.2809658066136472,0.1923102305870432,0.21185279348962244,0.31487116930968717,3.8062584203911025,0.15488786372904767,1.4810968709543137,0.0,0.0475574944082016,0.26224744003559225,0.21468994562739066,0.21468994562739066,0.777723003496127,0,15.159017231339702,12.853218048908717,0.20372231384253908,0,5.71161070673104,4.951903506423106,0.0,0,0.0,0.0,0.0,0.0,0.0,0.0,0.0,0.0,0.0,0.0,19.86053102956565,42.92246613623779,95.08535691935201,93.2849528885829
197,-1660.1826261860099,0.2789539118227973,0.19765365801042556,0.20131508684410684,0.3220773433226703,3.8945659789768627,0.14634431831171194,1.5895033867104977,0.0,0.04865468807620608,0.27148604178077756,0.2228313537045715,0.2228313537045715,0.7956657644745148,0,15.733872960930082,13.340633949710925,0.20842236870372843,0,5.928204704207744,5.1396881140664625,0.0,0,0.0,0.0,0.0,0.0,0.0,0.0,0.0,0.0,0.0,0.0,20.056366340651252,43.41584073149839,96.45549944253216,94.47460385317152
197,-1658.8723364680777,0.27643892252818175,0.1999575782444887,0.19923046552703447,0.32437303370029497,3.9931623975893116,0.1348438569468031,1.8131047268958005,0.0,0.04702100300140699,0.2824888191680723,0.2354678161666653,0.2354678161666653,0.7689495869519154,0,16.62611945922915,14.097163124458733,0.20142414250048477,0,6.264385115837097,5.431152824218416,0.0,0,0.0,0.0,0.0,0.0,0.0,0.0,0.0,0.0,0.0,0.0,19.564560484967668,44.232818187406615,98.80568598835552,96.7325795373722
197,-1656.5784231848284,0.2736823253938152,0.20260701569024214,0.19936728311189628,0.32434337580404643,4.0620202802277685,0.1203184254520847,2.438747517821466,0.0,0.042923559241615145,0.29229271048452826,0.2493691512429131,0.2493691512429131,0.7019427711560812,0,17.60767719982873,14.929418637793587,0.18387189896932615,0,6.63421619491872,5.7517922920186795,0.0,0,0.0,0.0,0.0,0.0,0.0,0.0,0.0,0.0,0.0,0.0,18.70481717594795,45.02542836557358,102.10376409285745,100.00589819198508
197,-1652.8719811848878,0.2738305219774857,0.20304092997553122,0.19751521717519097,0.325613330871792,3.9971246586419875,0.10639651054148973,4.539566773159361,0.0,0.041310729327697825,0.30066071606509576,0.25934998673739795,0.25934998673739795,0.6755676447876942,0,18.312412844536812,15.5269587533589,0.17696301013936636,0,6.899746314206932,5.9820039777021385,0.0,0,0.0,0.0,0.0,0.0,0.0,0.0,0.0,0.0,0.0,0.0,18.898318750680918,45.38391231379108,106.12440663732987,104.1558056351623
197,-1649.6899454611898,0.2526647068168939,0.21273233535686922,0.21146592109559278,0.32313703673064403,3.76093491233006,0.11394898780657185,7.969254375016363,0.0,0.042746878749913064,0.2925738837562793,0.24982700500636626,0.24982700500636626,0.6990534582438765,0,17.64000574259927,14.95682976894358,0.18311505172520015,0,6.646396935147677,5.762352859492146,0.0,0,0.0,0.0,0.0,0.0,0.0,0.0,0.0,0.0,0.0,0.0,20.02584928959277,44.236574188565356,106.249297114424,104.65528429156964
197,-1644.7001954279608,0.2698833588353227,0.20646500545051738,0.20618574947927124,0.3174658862348886,3.4702736355096806,0.14017105107935,10.388004800793954,0.0,0.04626638474487488,0.27227320393340887,0.226006819188534,0.226006819188534,0.7566090718708274,0,15.958089031450948,13.530745089535753,0.1981915799106854,0,6.012684778968827,5.212931407405642,0.0,0,0.0,0.0,0.0,0.0,0.0,0.0,0.0,0.0,0.0,0.0,21.953580061829236,42.04810344195721,103.68947546045153,102.44892861922085
197,-1643.3945660012964,0.27249505744377933,0.19912500893137644,0.20734098244148838,0.3210389511833559,3.3327960964224417,0.18126541592570591,10.3703290455213,0.0,0.04939616683105456,0.25496348187362566,0.20556731504257109,0.20556731504257109,0.8077914050580918,0,14.514878476605288,12.30705758599708,0.21159864553417404,0,5.46891226843417,4.741486636416655,0.0,0,0.0,0.0,0.0,0.0,0.0,0.0,0.0,0.0,0.0,0.0,23.638760587837147,40.25647889978263,100.49430115270374,99.0604397668099
197,-1642.87503438049,0.2799979405618655,0.19761641996629503,0.20307253410948137,0.3193131053623581,3.478668442540638,0.17898283063605402,12.711046169388556,0.0,0.053136629932467525,0.259731211621947,0.20659458168947945,0.20659458168947945,0.8689604013203432,0,14.5874126269874,12.368558753033568,0.22762168895445725,0,5.496241667405339,4.765180923990259,0.0,0,0.0,0.0,0.0,0.0,0.0,0.0,0.0,0.0,0.0,0.0,24.687847918985888,40.41209498040974,101.951048413428,100.86279202771883
197,-1642.6191679236517,0.2766657076474274,0.20021833929037708,0.20357929038769165,0.3195366626745039,3.6385300109934655,0.1783912319540095,12.556728298060959,0.0,0.05351651393126071,0.2620147525282671,0.2084982385970064,0.2084982385970064,0.8751727665468554,0,14.7218277146592,12.482528306899967,0.2292490002371256,0,5.546886550393219,4.809089479129446,0.0,0,0.0,0.0,0.0,0.0,0.0,0.0,0.0,0.0,0.0,0.0,24.673799014381995,40.62025729983997,102.19983413275665,101.13318396049559
197,-1642.3317828989364,0.27496304666004917,0.20129630224794928,0.2052908513656132,0.3184497997263884,3.974409310722412,0.1877188697852588,12.898877158822543,0.0,0.0532608512868917,0.2647790849232503,0.21151823363635863,0.21151823363635863,0.8709918330865313,0,14.935066190761642,12.663331626002698,0.2281538166888314,0,5.62723048988527,4.8787467887954685,0.0,0,0.0,0.0,0.0,0.0,0.0,0.0,0.0,0.0,0.0,0.0,24.408308049118055,40.88175860023678,103.18946198573235,102.28761179345013
197,-1642.3019418394688,0.2748725506537557,0.19964577702332467,0.20395132563088136,0.3215303466920383,4.145496617896831,0.1957042388693296,13.69077785991577,0.0,0.04715346238421439,0.26176270221128495,0.21460923982707053,0.21460923982707053,0.7711157378461149,0,15.153318684935273,12.848386293763896,0.2019915595246883,0,5.709463609847408,4.950041997098921,0.0,0,0.0,0.0,0.0,0.0,0.0,0.0,0.0,0.0,0.0,0.0,22.583754407058215,41.028854888162556,104.74496535978051,103.97523667570914
197,-1642.2718280413555,0.2768477508295902,0.19947933567164788,0.2059655409452054,0.3177073725535565,4.1443362963600725,0.19655109015769529,13.568569593975697,0.0,0.04987573866131393,0.26328019522077484,0.21340445655946094,0.21340445655946094,0.8156339974583577,0,15.068250284268665,12.776257429065506,0.21365299015703315,0,5.677411559200787,4.922253222594734,0.0,0,0.0,0.0,0.0,0.0,0.0,0.0,0.0,0.0,0.0,0.0,23.387131840233764,40.96709163856623,104.30716441488056,103.57278994960244
197,-1642.2659281861925,0.2762717769913313,0.20010891296657446,0.2046418427853756,0.3189774672567186,4.123303905800001,0.19645527685124262,13.607041352331757,0.0,0.050496240929213954,0.26316083215280706,0.2126645912235931,0.2126645912235931,0.8257812706373279,0,15.016009219404093,12.731962618421495,0.21631103931067686,0,5.657728183896309,4.905187953234969,0.0,0,0.0,0.0,0.0,0.0,0.0,0.0,0.0,0.0,0.0,0.0,23.60099257887093,40.91180046504893,104.13296489775661,103.36383494335016
197,-1642.2656730462186,0.2762959982139153,0.19993481584476122,0.20482385098590983,0.3189453349554136,4.128695345786008,0.19656184872255253,13.61090150032592,0.0,0.05033355456834834,0.2631737056774169,0.21284015110906854,0.21284015110906854,0.8231208082480722,0,15.028405306800162,12.74247316879712,0.2156141388057493,0,5.662398778593344,4.909237307339245,0.0,0,0.0,0.0,0.0,0.0,0.0,0.0,0.0,0.0,0.0,0.0,23.54671001920522,40.923698043801664,104.18450669331077,103.42011163171289
197,-1642.265655429615,0.2762833791750347,0.19989626877275182,0.2048414630834597,0.31897888896875376,4.128784136035935,0.19658230337820928,13.611044649821487,0.0,0.05035548091980192,0.2632168206099607,0.21286133969015877,0.21286133969015877,0.8234793769262666,0,15.029901408841251,12.743741702598758,0.21570806484428084,0,5.662962479544787,4.90972602984877,0.0,0,0.0,0.0,0.0,0.0,0.0,0.0,0.0,0.0,0.0,0.0,23.551461077989742,40.92505596856108,104.18854120568804,103.42360421226013
197,-1642.2656511440923,0.27627760978094656,0.19988647498582526,0.2048410562764768,0.3189948589567514,4.1285241904522865,0.19660698851192873,13.610289597818651,0.0,0.050374056582280224,0.2632570443486763,0.21288298776639605,0.21288298776639605,0.8237831507098591,0,15.031429955321373,12.745037745799122,0.21578763751707047,0,5.663538404903823,4.910225350784892,0.0,0,0.0,0.0,0.0,0.0,0.0,0.0,0.0,0.0,0.0,0.0,23.555246939927084,40.9261391049731,104.19136084883723,103.42598950682438
197,-1642.2656507135098,0.2762732861270258,0.19989185296498801,0.20483951924500016,0.318995341662986,4.128319807665008,0.19661443509227328,13.6109804671376,0.0,0.050373919533687486,0.26326731216247323,0.2128933926287857,0.2128933926287857,0.8237809095101387,0,15.03216463103147,12.745660671873617,0.21578705044122115,0,5.6638152158334325,4.910465342808741,0.0,0,0.0,0.0,0.0,0.0,0.0,0.0,0.0,0.0,0.0,0.0,23.554671362839315,40.92660881334618,104.19330381245626,103.42796670035398
