-6.317877645533193087e-01
-7.304279431700434477e-01
-5.393545818400545810e-01
7.556818288208205781e-01
-2.493971332596276458e+00
-7.090334112534811828e-01
-2.154719760721244715e+00
-8.459454015216276712e-01
-7.729352746073981928e-01
-3.044848611224872381e-01
-4.079759198205816229e-01
-2.766715334375069002e+00
-3.251633463587703776e+00
-1.256841106438930433e+00
-1.143254054194938973e+00
-8.492965972979817479e+00
-1.257531328856335451e+00
-1.510564509832627689e+00
-1.425094959291452135e+00
-9.561343024387619627e-01
-6.557019469769103104e-01
