-7.118060576659346328e-01
-7.918370154938656480e-01
-5.196357899182711959e-01
7.833591623054600994e-01
-2.789572284858051088e+00
-7.157822935455507851e-01
-1.233142526624346758e+00
-8.008071413741774114e-01
-7.121119669682514086e-01
-1.043331538632327193e+00
-1.004755921090957349e+00
-2.444962170232689136e+00
-5.719904373246089690e+00
-6.935799701572533671e-01
-9.057699755474154513e-01
-1.338007011209321195e+00
-1.583926091869230834e+00
-2.901085819697463375e+00
-1.200251665421082636e+00
-1.976673348561275523e+00
-2.057745113655480740e+00
-4.871284233943756758e-01
-1.222900253099105772e+00
