-6.818211888936838161e-01
-8.951227553763154710e-01
-5.388752912604624079e-01
5.801044538194578548e-01
-2.058302642346786282e+00
3.364722366212128946e-01
-1.591225301840635709e+00
-5.729515088258174682e-01
-5.491588677787896389e-01
-7.431717287754110446e-01
-3.312821197073691160e+00
-3.090264051544099999e+00
-4.975857883587830877e-01
-6.665894611671626668e-01
-1.119820425022530097e+00
-1.230960368370423108e+00
-2.468960218217389979e+00
-1.264307698545419800e+00
-1.955605737634729113e+00
-1.708324056455640116e+00
-1.034732808988998665e+00
-1.112324403493513358e+00
