-6.505810988995578414e-01
-7.682048227858823131e-01
-5.861976035030226351e-01
5.551506102753360761e-01
-2.114221233038660497e+00
3.364722366212128946e-01
-1.865983042181049711e+00
-4.611050793048962482e-01
-6.669939602044843152e-01
-1.374390989404046470e+00
-2.539415576372355154e+00
-2.947177510902957209e+00
-5.898002126149314295e-01
-9.479138213580383665e-01
-1.363074968175996160e+00
-1.135385673823593677e+00
-3.346969290641570893e+00
-1.379469702049059832e+00
-1.989555626049737791e+00
-1.752138037015627203e+00
-4.224564004143420148e-01
-1.132019462302650270e+00
