197,-1816.5512854469466,0.27952622673434857,0.20101522842639594,0.2328257191201354,0.28663282571912013,1.2,0.9,1.4,0.144,0.84,0.21599999999999997,0.21599999999999997,3.679445775950338,0,16.0868295032294,13.940473197164572,2.137296037001248,0,7.57874247588643,6.805614687843284,1.0113913837667545,0,1.1387060774796516,1.5111570151868288,2.8334191357884464,0.0,13.951154811433543,14.946947248979802,2.8334191357884464,0.0,12.133979816523297,15.375213758313015,48.6166340755638,57.35729746919887,77.20058197308543,67.87626043131917
197,-1759.8957256275435,0.21265270781259854,0.25324745396840553,0.1758968066015339,0.35820303161746203,1.6824726266547603,0.6350606685904155,1.3536417216496246,0.06814244816264821,0.366988315793368,0.0897914894429907,0.0897914894429907,1.7411558545484087,0,6.687316581066732,5.795073388488415,1.0113929472888263,0,3.150493402845841,2.8291031453543645,2.3775762631623385,0,3.0024080770388046,3.994106598490372,0.6261663613860098,0.0,8.111131246991787,9.261094252693702,0.6261663613860102,0.0,7.022239119170012,10.026472611087424,38.8895131781607,37.01349600779193,66.8091616425256,57.894985241727234
197,-1709.574030778341,0.2751412467240583,0.21175356155727496,0.2072514297901714,0.30585376192849534,1.9988582785587354,0.5289424613184053,1.3775558425258165,0.06646593649586208,0.30417177139815577,0.11451408448383746,0.11451408448383746,1.6983181200297441,0,8.528558114860651,7.39065058076285,0.9865096018623793,0,4.01792942668938,3.608049700593199,2.5524862034810076,0,2.4484321310569026,3.260762532532739,0.6204532993765736,0.0,8.200758507406444,9.619851465932355,0.6204532993765735,0.0,7.25334480363475,10.2198668232955,36.881739208015716,35.5073928796058,69.51043873606636,61.28691660267785
197,-1675.5948110210104,0.3033418002615365,0.19216573187475133,0.21672645712455182,0.2877660107391603,2.669410893277432,0.388576208305274,1.417757157818984,0.05675466383901451,0.22597050110552488,0.16921583726651038,0.16921583726651038,1.4501785286662732,0,12.60252927478039,10.9210594627294,0.8423716535032204,0,5.937237284649946,5.331563831095658,3.188087292770899,0,1.7495531322504703,2.3337703652901,0.5090641616586449,0.0,8.613872273126422,10.562628799475771,0.509064161658644,0.0,8.175485584202798,10.99640950320033,30.857225863001773,33.72304118491637,78.47146934900874,71.06967603298443
197,-1665.7415818007967,0.2763790782155127,0.20510376904518116,0.2061759006457908,0.3123412520935154,3.183175752252861,0.31972507601127076,1.43469113124951,0.050745967156067204,0.22996982919781167,0.17922386204174448,0.17922386204174448,1.2966460729090699,0,13.347887553591901,11.566969653172501,0.7531885728920689,0,6.288386555315642,5.646891425570809,3.6858459275728093,0,1.698423180525761,2.267514441421683,0.4164511770007604,0.0,8.308437097041297,10.483005205345645,0.41645117700076006,0.0,8.143006054568197,10.874562846023053,27.63572906258702,35.3903316943195,82.01216644089052,74.78088046724278
197,-1660.2139441619656,0.2670055731605287,0.2069257345982173,0.20546556425196572,0.32060312798928836,4.033566331480533,0.24480504745475187,1.4504725707018147,0.04768684075759997,0.23724140850132483,0.18955456774372487,0.18955456774372487,1.218480172180331,0,14.117277837276154,12.23370542144219,0.7077839983911667,0,6.65085765767435,5.9723858814096245,4.071737922865832,0,1.6566785286361374,2.2139791002151314,0.3805566845638648,0.0,8.245086760361616,10.662068830206454,0.38055668456386504,0.0,8.329922981205524,10.974379095655454,25.247250341122555,37.40110819328285,86.0189504184336,78.98954721490452
197,-1658.781504345352,0.28622470106012504,0.20407377879788566,0.19851709629222883,0.3111844238497604,4.550175410420455,0.21190318047317455,1.4387728733722636,0.06935740157006069,0.25847885335914406,0.18912145178908335,0.18912145178908335,1.7721999877628554,0,14.08502106636205,12.205752452197077,1.0294256910582975,0,6.6356610174779345,5.958739491120515,2.847173023257038,0,1.6838745727418545,2.251351109976414,0.7598058886853569,0.0,8.931528760122697,11.30729976368637,0.7598058886853569,0.0,8.923026310738312,11.595635581332443,31.431348399877233,38.13334577566721,84.69013817400088,77.55927284568233
197,-1658.531870518045,0.2725372986900947,0.2012855663048838,0.2170432840779578,0.30913385092706375,4.629906592966563,0.2078375358952554,1.441250046348337,0.06842529206730745,0.26222214024907947,0.193796848181772,0.193796848181772,1.7483829990640458,0,14.433226180386105,12.507498924874836,1.015591010875758,0,6.799705578741248,6.1060494279796425,2.8920394269322744,0,1.6461174448381621,2.200995718788531,0.7418028669743844,0.0,9.01490013079211,11.416169984671093,0.7418028669743844,0.0,9.05830224207299,11.70162909330114,30.78736727025781,38.635382660208954,85.6136598129548,78.44493432865838
197,-1658.3554357732141,0.2762180771120663,0.2026438084028322,0.20986415283619547,0.31127396164890603,4.559586156233973,0.2116249057264748,1.4426777297843079,0.06589275862631627,0.2605468606745957,0.1946541020482795,0.1946541020482795,1.683672447175796,0,14.4970710729393,12.56282542741749,0.9780023047160108,0,6.829783848605683,6.133059333095909,2.997308847307722,0,1.6362088695373531,2.18763032565008,0.6917366326924663,0.0,8.962563104979564,11.376082479305158,0.6917366326924663,0.0,9.011454692572675,11.65911477149044,30.04063219629052,38.51861235384244,85.92075331206453,78.79627656800861
197,-1658.3461015655876,0.27697231503572206,0.20256804874254394,0.20918887487937818,0.3112707613423559,4.563021804274633,0.21145588932024412,1.4432349545151517,0.06476354073198529,0.26054360339675725,0.19578006266477196,0.19578006266477196,1.6548190026520204,0,14.580928186202566,12.635494056099326,0.9612420760322296,0,6.869290170598215,6.1685355095289385,3.049836607871384,0,1.626916586386637,2.175211609475458,0.670508666739146,0.0,8.955645796518967,11.382668346688813,0.6705086667391457,0.0,9.016419685205143,11.66160452971922,29.63545644172104,38.58361069762988,86.24686564995724,79.14579918322877
197,-1658.3419953451194,0.27747198222176794,0.20234342521087859,0.20927160263129765,0.3109129899360558,4.574493600702931,0.21079637119659544,1.4431669672233105,0.0635060828910221,0.26047767883588563,0.19697159594486352,0.19697159594486352,1.622688808614745,0,14.66966889325931,12.712394693852316,0.9425784672809324,0,6.911097225604059,6.206077715047666,3.111286706192631,0,1.617531987622683,2.162684344711162,0.6471213355649161,0.0,8.943333020827312,11.385853698342089,0.6471213355649164,0.0,9.018678199576652,11.660205580467128,29.181350990186036,38.67032687891766,86.60983439680066,79.53465287026239
197,-1658.3417085928456,0.27749637095737084,0.20228676725841713,0.20944064183024663,0.3107762199539654,4.576841939832178,0.21057213794164842,1.4421883537772107,0.06333612204840565,0.2604590276146392,0.19712290556623352,0.19712290556623352,1.6183460190005643,0,14.680937838079576,12.722160099968896,0.940055851757533,0,6.916406191597054,6.210845099221776,3.119997815536718,0,1.6164457203392122,2.161238801965859,0.643641411802955,0.0,8.93787167813388,11.382468376877044,0.6436414118029548,0.0,9.015297515445102,11.656183031132112,29.117396768389753,38.68688500251814,86.65713314463952,79.58600668196073
197,-1658.3415654400058,0.27748996720248875,0.20226098849285848,0.20953681882509778,0.31071222547955496,4.576946030048586,0.21043802034558062,1.4408312766595393,0.06326498801237639,0.26045586315246416,0.19719087514008773,0.19719087514008773,1.6165284229700492,0,14.685999944311057,12.726546803776941,0.9390000566651632,0,6.918791024450929,6.21298664889839,3.1237227190127546,0,1.6159814392480565,2.1606221258799687,0.6418036242265452,0.0,8.932292902043429,11.377587451375089,0.6418036242265452,0.0,9.01043412779861,11.651055451240168,29.087964705483188,38.69631218905103,86.6752193376845,79.6061911586745
197,-1658.341326287516,0.27747206021134424,0.20224114647295613,0.20962292201017393,0.31066387130552575,4.574998337683081,0.21025235233551287,1.437658668413301,0.0631745477213143,0.2604663293049384,0.1972917815836241,0.1972917815836241,1.614217519171965,0,14.693515058908032,12.733059227719254,0.937657711695217,0,6.92233150569963,6.2161659561864875,3.1284952770929,0,1.6152834789748696,2.1596945790887174,0.6388622847285843,0.0,8.92036777781147,11.366223683294319,0.6388622847285839,0.0,8.999049329000398,11.63942364550066,29.0463258167888,38.71103235394804,86.69583753603534,79.6300554008437
197,-1658.3410222353746,0.27744784434990544,0.2022457414771417,0.20961433844937866,0.3106920757235743,4.5700590049726655,0.2100731520386388,1.43235545113031,0.06308356114164264,0.2604998279351263,0.1974162667934837,0.1974162667934837,1.6118926567675131,0,14.702786227179722,12.741093407031714,0.9363072585274912,0,6.9266992897162165,6.220088170874635,3.1332982194509285,0,1.6143889356171819,2.158503991950973,0.6350145871840058,0.0,8.90134332824286,11.347280924505629,0.6350145871840058,0.0,8.979989405337356,11.620285816374011,28.998389674902235,38.729222120898754,86.71309904721682,79.65140144924825
197,-1658.3408583572927,0.2774610278985664,0.2023197820859069,0.20947389477280012,0.3107452952427266,4.568185851566874,0.21024716881536715,1.4279705202923552,0.06311877224353954,0.26060010122841687,0.1974813289848773,0.1974813289848773,1.612792360518493,0,14.707631803013312,12.745292470620933,0.9368298734479266,0,6.9289821119082955,6.222138116269874,3.131268202455744,0,1.6137366760834844,2.1576266032183176,0.6337727396149042,0.0,8.888677670918156,11.333691022118483,0.6337727396149062,0.0,8.96621320467787,11.60686760811763,28.99524606562202,38.7365205943484,86.70274175499782,79.64285518292266
197,-1658.3408483697513,0.2774431129011073,0.2022890695141,0.2094616130653357,0.310806204519457,4.567850497434213,0.21028905938378306,1.4278149078519558,0.06311654107863972,0.2605659857355128,0.1974494446568731,0.1974494446568731,1.6127353504472008,0,14.705257183807625,12.743234680713748,0.9367967577541885,0,6.927863393801997,6.221133521589423,3.131310990536279,0,1.6139682823874546,2.1579349957868894,0.6336678773423533,0.0,8.887213833638201,11.332003770055401,0.6336678773423534,0.0,8.964558616390402,11.605289801414635,28.99693362119268,38.73367614101862,86.696400285019,79.63606383144531
197,-1658.3408477301587,0.2774404014780775,0.2022960774527798,0.20945777524083284,0.31080574582830983,4.567974453685343,0.21029411818735938,1.4278894291882196,0.06311883085819016,0.2605559831389135,0.1974371522807233,0.1974371522807233,1.6127938582228587,0,14.704341696033035,12.742441340249647,0.9368307434261243,0,6.927432094018404,6.220746219850193,3.131189195578414,0,1.6140652675375935,2.1580645146730366,0.6337426978876868,0.0,8.88724669255905,11.331976300263422,0.6337426978876868,0.0,8.964552777548912,11.605297300272749,28.99872601457063,38.73266510646781,86.69406616275555,79.633626074982
