-6.629393664102105621e-01
-7.570052859585475469e-01
-6.456188180436687185e-01
4.579515576259345355e-01
-3.724294454562622203e+00
-1.531762860077507671e-01
-9.112525563205903234e-01
1.295142665500203516e-01
-6.197549813607892588e+00
-2.020843033876427164e+00
-2.063760011077746093e+00
-3.884339082321233594e+00
-4.923429573021963712e+00
-8.523579498250818398e-01
-9.643747575669839867e-01
-1.537916933682295095e+00
-1.970066233366456698e+00
-3.239223967127703219e+00
-1.498238073059996234e+00
-2.315229945319375648e+00
-2.618695429954914999e+00
-1.393740031036507121e+00
-1.370648059601726754e+00
