-6.794459158340540039e-01
-1.147588498944400293e+00
-3.843750398153826797e-01
6.871622179580609835e-01
-3.696329567273796801e+00
-2.263278765971959761e+00
-1.691869142081745991e+00
-3.388795174673632449e+00
-9.896105661542502485e-01
-6.162699945022942494e-01
-1.193847780513950241e+00
-3.462672952680180494e+00
-2.101165265325507292e+00
-4.396850282883284500e-01
-1.498467573602745295e+00
-1.894917439809643112e+00
-1.686175443041684208e+00
-3.110194530137108337e+00
-1.473509246098472447e+00
1.834628859842563298e+00
-1.829157570956448264e+00
-1.430342203915116794e+00
-1.040735285970562751e+00
