-6.589262950538377073e-01
-8.032701613924287942e-01
-5.512563403063723833e-01
6.120665644579406095e-01
-2.405678768440757676e+00
-7.857823078605035150e-01
3.364722366212128390e-01
-1.553717050282245937e+00
-9.078117953900277648e-01
-2.814092214686600424e-01
-1.120127539709906861e+00
-6.881826983116982710e+00
-3.054503209095327687e+00
-1.101890501409432455e+00
7.852286581560509182e-01
-1.477091044529880381e+00
-1.233780679794153290e+00
-2.454645501997785750e+00
-1.139538981491377667e+00
-1.924415026437111820e+00
-1.175967920506429065e+00
-1.201106903546727889e+00
-8.281269851481031230e-01
