-6.626954243372458198e-01
-8.209759798900169159e-01
-4.690596777923477512e-01
4.877474863102934655e-01
-3.119547523007861312e+00
8.218084494884726476e-01
-1.771696032053637238e+00
-1.306142126379340240e+00
-1.566712159388031766e+00
-9.875234658608763594e-01
-2.161548134638440644e+00
-3.451366168324593975e+00
-3.565939305692006567e+00
-1.025011368618363283e+00
-9.546382819698188138e-01
-2.716415884622460641e+00
-1.413196047697065083e+00
-2.833201901143408641e+00
-1.572815898225891740e+00
-8.700012014353842860e-01
3.035852276459872212e-01
-1.547368849195600582e+00
-1.028418208585764049e+00
