-6.813517278742368122e-01
-7.855758262835549344e-01
-5.371893119160476848e-01
6.139669228196329431e-01
-2.869074766084086736e+00
3.364722366212128390e-01
-2.436219437087179251e+00
-4.801031946476518319e-01
-1.056052671690441480e+00
-1.868132882964515629e+00
-3.300166607378224093e+00
-3.792532367067682486e+00
-7.766826530760340130e-01
-9.449482059548803825e-01
-1.480192505757227606e+00
-1.408422189683127046e+00
-2.626909420853323684e+00
-1.642618701871604969e+00
-2.259919214009054489e+00
-1.599227218387299310e+00
-1.038226161145646920e+00
-1.224258375093361773e+00
