-6.859186402587722498e-01
-9.324653589575553347e-01
-4.929271310941882867e-01
5.563659102942284385e-01
-2.924194522482170822e+00
-1.681413045218347335e+00
-1.938414517975418416e+00
-5.981496552668623679e-01
-1.417166913492588387e+00
-6.670083199042370348e-01
-2.947813140790179975e+00
-3.113960714681870634e+00
-1.361561704554496322e+00
-1.689286104087951434e+00
-2.624066849950083213e+00
-1.459229208671172229e+00
-1.792194953579217875e+00
-1.393724349285463182e+00
-8.666991702898023675e-01
-1.059483295771336042e+00
