-7.240187275777527631e-01
-1.103594762820447661e+00
-4.711211218398185796e-01
3.992392240566546291e-01
-1.993460363431825089e+00
-1.372173165037951614e+00
-1.275158485940106390e+00
-6.273319798389955793e-01
-1.450920441921175641e+00
-1.146350938678951659e+00
-9.668966997763468463e-01
-3.179637651965519840e+00
-3.659071307099567960e+00
-4.622069401151218671e-01
-9.416071900506148840e-01
-1.124600931510136625e+00
-9.357427341702559964e-01
-3.521923617080632063e+00
-9.493066041359758955e-01
-1.287387141670063295e+00
-9.602037657128397186e-01
-1.091291910672500531e+00
-6.964206444085457859e-01
