-6.780497618523938508e-01
-8.444646599854636060e-01
-4.165088684032196009e-01
5.424782615412354625e-01
-2.994242433802058567e+00
-1.108242818144707487e+00
-1.326698661995457273e+00
-2.710213642700377012e-01
-8.723530376994883540e+00
-8.104435374988633312e-01
-2.558150238446632141e+00
-1.189386782770678685e+01
-3.183124598761022828e+00
-9.114133864149431830e-01
-1.111107821355924896e+00
-1.323698157310911228e+00
-1.494631463454820786e+00
-3.693431556371888025e+00
-2.213222858681910488e+00
-2.391927106637895761e+00
-3.409955007760223200e+00
-1.400631858294561383e+00
-1.646082901930859821e+00
