-6.540785316002911687e-01
-8.314765817952317617e-01
-5.226129849404834715e-01
7.259495446095987070e-01
-2.504857534773493821e+00
-9.151848842289358466e-01
-1.532921209354338510e+00
-4.487333682516854716e-01
-4.822334519044202406e-01
-7.904224918666769018e-01
-2.157176986844641098e-01
-2.582037963866524066e+00
-2.792202209473748642e+00
-1.188306204483200679e+00
-1.142832656164632477e+00
-2.252793945032994127e+00
-1.458531587663227214e+00
-1.876312739498171789e+00
-1.769454593457318037e+00
-1.079112259649551264e+00
-9.503568593557414346e-01
