-6.699187850330007299e-01
-7.457371154142157232e-01
-6.491439943121357636e-01
5.044805843429565062e-01
-3.317456157779687054e+00
-6.743547581953860393e-01
-1.006011412897721335e+00
-5.247197653035596820e-01
-1.746771567085784405e+00
-1.916805332374675430e+00
-3.826105024485356942e+00
-4.896922608087236561e+00
-8.485260802526525259e-01
-1.089478374936218463e+00
-1.631666533421419318e+00
-1.847359411455352429e+00
-3.302951224001426489e+00
-1.571984604364327520e+00
-2.294068905948917436e+00
-2.679418290600241281e+00
-1.456590579177418743e+00
-1.280561636906136558e+00
