-6.528632465708541499e-01
-7.939094987628902977e-01
-5.625788965322979784e-01
5.909808539301889541e-01
-2.310621728802011443e+00
-1.524283975507182198e+00
-1.420368277331853113e+00
-1.063167423304270942e+00
-2.922114431422386804e-01
-1.228668095173810038e+00
-1.214276433016355483e+01
-3.070253161244403728e+00
-1.033123157596745223e+00
7.195179734291027307e-01
-1.536124935099575817e+00
-1.350974979395883624e+00
-2.682787420392351851e+00
-1.200928895103588356e+00
-1.990244921631137975e+00
-1.247644224228998011e+00
-1.300266240423642028e+00
-8.787954167112689285e-01
