-6.810380925828319887e-01
-1.008272513198357645e+00
-3.484098982188934546e-01
8.263210777448636302e-01
-3.540450883205374044e+00
-1.462143915012679374e+00
-1.723298185940139060e+00
1.612881083073812449e-01
-1.476360579926403016e+00
-9.870953388996811517e-01
-1.000045841677433600e+00
-8.469669196815077683e+00
-8.456968507223759701e+00
-5.605134454437792346e-01
-2.978995772557063368e-02
-1.618199445438446293e+00
-1.587684145922548140e+00
-2.419999582302027274e+00
-1.369224661870658721e+00
-2.127514932018652605e+00
-2.134767324519057485e+00
-1.306763994277568841e+00
-1.367465859055475796e+00
