-6.756130940405747909e-01
-7.713137401507911273e-01
-4.869075254684090970e-01
6.542326372631235287e-01
-3.378051860874628165e+00
3.364722366212128946e-01
-2.086596669795544479e+00
-6.942677905137650818e-01
-7.763104776995829459e-01
-2.499289627401040104e+00
-4.290237382523943488e+00
-2.656196638553844913e+00
-1.165844886552024118e+00
1.518025129939896578e+00
-1.359655617891174506e+00
-1.673552839273586557e+00
-3.124762607317754348e+00
-1.741980762029377461e+00
-1.744502229327162812e+00
-1.703990051453111221e+00
-1.250846234392223977e+00
-1.284486760787248327e+00
