-7.110785208485502773e-01
-7.990025111268244107e-01
-5.372208808885515774e-01
5.326787760941368299e-01
-2.331447624735165647e+00
1.518950961601307492e-01
-1.808357359809634302e+00
-1.124316861416899460e+00
1.207666352850846753e-01
-1.159210078259853338e+00
-1.406828845397460226e+00
-3.322441416862744745e+00
-3.189393234961351631e+00
-8.821803915689703235e-01
-3.363207701653862514e-01
-1.448269119861836041e+00
-1.219749795637019574e+00
-3.207109985689519771e+00
-1.074980250642076252e+00
-1.999153804901217191e+00
-1.646130517887092859e+00
-9.471341868519659313e-01
-1.011955867870322656e+00
