-7.287899632483770818e-01
-8.705694867787108215e-01
-4.026749920526361826e-01
7.116698354972542662e-01
-2.251959910144999188e+00
-2.534799042339517250e-01
-1.589885772305973388e+00
-9.893686136163027944e-01
-8.296606753809614432e-01
-3.299923898068741202e-01
-1.649162754076376469e+00
-3.805223895882103413e+00
-3.137932464583521153e+00
-8.772846803337930321e-01
-9.353764323424053062e-01
-1.339103620350180712e+00
-1.301735112560406860e+00
-3.416366889860947609e+00
-1.555938316950128186e+00
-1.945972940784665983e+00
-1.667083200496802364e+00
-1.193079733099593032e+00
-8.747691992378543446e-01
