-6.558322103302723916e-01
-8.032490044377621485e-01
-5.542949169617293892e-01
5.817271334344626954e-01
-2.331800042313720844e+00
-1.381551055796427363e+01
-1.766734017445317662e+00
-8.454981783677113505e-01
-3.169047127687639742e-01
-1.278384050387407322e+00
-1.114694544446203039e+01
-3.014071950779390274e+00
-9.755116369926006836e-01
7.377419646143652532e-01
-1.491480154451771067e+00
-1.229820868572572223e+00
-2.452441060991859878e+00
-1.122362063517789110e+00
-1.921353490186770374e+00
-1.177185612003566861e+00
-1.215723816954153547e+00
-8.150070900709496247e-01
