-6.105052884279400516e-01
-6.961355610725254994e-01
-6.152472042008586550e-01
5.981575181474153569e-01
-1.993362378371146715e+00
-2.066626580879679320e+00
-1.130535366722850599e+00
-5.355523977854014239e-01
-4.905290314856156075e-01
-1.045657964374085314e+00
-3.687599430980254223e+00
-2.935074418377447980e+00
-5.254412733498059485e-01
-5.506856507939880130e-01
-1.214732333005512643e+00
-1.325803845405035153e+00
-2.609005454557050907e+00
-1.635880093340111197e+00
-1.901388594356308470e+00
-8.550183179397269351e-01
-1.084110551626130459e+00
-8.386436700358865792e-01
