-6.144153198538302441e-01
-7.021696303151939711e-01
-6.125527548511173759e-01
6.111767395769921452e-01
-2.092011426503205040e+00
1.762915850834259057e+00
-3.974217849502345690e+00
-8.751467424726800948e-01
-6.491469117564240277e-01
-4.719363889146513391e-01
-1.032776357939905409e+00
-3.526335409212611349e+00
-3.004593910805215540e+00
-5.367611499857463109e-01
-5.065770259087023497e-01
-1.176911251874314113e+00
-1.305239318097548340e+00
-2.556139906794650418e+00
-1.643024759133339119e+00
-1.902354589991651634e+00
-8.574417979578670135e-01
-1.059709881179925262e+00
-8.332955535545107928e-01
