-6.988863755831836722e-01
-7.620226572900599127e-01
-5.214322592336078088e-01
8.003777022965032906e-01
-4.036142794296640801e+00
-2.202158155380632643e+00
-1.654463433647628934e+00
-2.143574056778307479e+00
-9.287153048250897935e-01
-1.011170513894878553e+00
-3.280313689991037340e-01
-3.169883078268336263e+00
-2.536176606560665903e+00
-1.703765867776748211e+00
-1.502047769958100298e+00
-3.784049615814604639e+00
-1.720189465283765040e+00
-1.945648183422367117e+00
-1.971761263209237613e+00
-1.594335458324859456e+00
-8.664192506128122195e-01
