-6.641120840245492429e-01
-8.147388147015477422e-01
-5.731346437243780567e-01
6.074081764509648984e-01
-2.622517540663751312e+00
-1.760175353393979014e+00
-1.541460391515104611e+00
-7.299211187283783930e-01
-8.015362172493706305e-01
-4.811118729751500123e-01
-3.851991885114758318e+00
-2.853223729499178241e+00
-5.576682522876798664e+00
-8.278964566491391341e-01
-9.703656488903334987e-01
-1.891403915813709258e+00
-1.306484990590949025e+00
-2.390676853595314899e+00
-1.425313515201779735e+00
-1.934921914444044821e+00
-1.615501777084405566e+00
-1.075155777719266847e+00
-9.656811512877657711e-01
