-7.066077681543279088e-01
-7.866350260614948242e-01
-5.452814406720393192e-01
5.303479262104989767e-01
-2.226348648931915974e+00
-1.354768257799687126e+00
-1.458384230430346928e+00
1.333994395882320272e-01
-1.102938630942545961e+00
-1.489441911218454040e+00
-3.259031190917796472e+00
-3.306597420281931043e+00
-8.822246012053601705e-01
-3.334240232699316464e-01
-1.486148576936686450e+00
-1.200701766656669278e+00
-3.148528815878193221e+00
-1.103707305373331504e+00
-2.003349216307476421e+00
-1.639504262740496987e+00
-9.625354179327294535e-01
-1.008559219276695007e+00
