-6.824703087839755211e-01
-7.441023933103689814e-01
-6.660270666583029131e-01
5.734705439299430108e-01
-2.603944954818230517e+00
-1.038514053962218631e+00
-1.423957453748547763e+00
-1.585438102050178433e+00
-1.206386650129552596e+00
-1.318378285795847038e+00
-1.664601185485611312e+00
-3.973082389087083666e+00
-3.650573972947621204e+00
-1.406764036632355941e+00
-1.506461668475632232e+00
-1.514534992279590542e+00
-1.702459286681152539e+00
-2.666663233093965246e+00
-1.594773033201563051e+00
-2.389219844505718449e+00
-2.009799950794604051e+00
-1.679041019884946362e+00
-1.191391180388763349e+00
