-7.196074868413316894e-01
-8.433957507292858535e-01
-4.315016274319231071e-01
7.822786181172006748e-01
-2.478551425499690097e+00
-2.231435513142097093e-01
3.364722366212128946e-01
-8.014615140400119797e-01
-5.992145956740655421e-01
-6.553693917136166336e-01
-9.105826521783798588e-01
-2.783614907473318301e+00
-3.130059904790390313e+00
-3.769168527606987507e-01
-5.583492889999916997e-01
-2.068549440002858120e+00
-1.140460855524677131e+00
-2.846015724656083545e+00
-1.333162682567524238e+00
-1.575750631827987469e+00
-1.635191361915952379e+00
-1.290732053862238882e+00
-7.568778862669411911e-01
