-6.503724669844797024e-01
-5.830859591404380371e-01
-5.591682665412758269e-01
8.500628242556839131e-01
-3.192148639407385247e+00
3.364722366212128946e-01
-2.208054256257658832e+00
-5.614739810598583514e-01
-1.237075248721686060e+00
-1.540839626033490672e+00
-3.580885874322503604e+00
-2.781811124808392321e+00
-1.622870835331213568e+00
-1.293431399695995410e+00
-1.759914000489512187e+00
-2.070279063569953948e+00
-1.570910728679650648e+00
-1.251352698287855114e+00
-2.358109518117227132e+00
-1.419615117079267907e+00
