197,-1729.565298804566,0.3245346869712352,0.20846023688663282,0.22741116751269028,0.2395939086294417,1.2,0.9,0.9,0.0,0.144,0.84,0.21599999999999997,0.21599999999999997,0.8019208568151054,0,7.802473080156812,11.67159359369239,0.3603368001362523,0,5.539384077466239,4.542625156950542,0.0,0,0.0,0.0,0.0,0.0,0.0,0.0,0.0,0.0,0.0,0.0,9.166405416178236,58.965028433779906,64.12959233763556,75.66094522620628
197,-1656.719219934892,0.22213774650135495,0.2834116389422139,0.164769120225261,0.3296814943311701,1.600326923530742,0.6550006315449973,0.9114091889102649,0.0,0.06001192433666743,0.37320253457533886,0.09053819343005204,0.09053819343005204,0.33420009571655296,0,3.2704713748333862,4.892245363067953,0.15017017212148354,0,2.321878829115689,1.9040790515750403,0.0,0,0.0,0.0,0.0,0.0,0.0,0.0,0.0,0.0,0.0,0.0,6.972332787368631,41.01788986515759,61.45502675758863,72.43122506002025
197,-1593.527696833823,0.28943271200150344,0.232691681420031,0.2033419956693423,0.27453361090912326,1.9136357924126441,0.5404227662262973,0.9156504061035959,0.0,0.038209342088240845,0.30357192034945657,0.10434627227836657,0.10434627227836657,0.21278380795655255,0,3.7692545391975383,5.638367051156783,0.0956127226624176,0,2.675991107415466,2.1944722291005507,0.0,0,0.0,0.0,0.0,0.0,0.0,0.0,0.0,0.0,0.0,0.0,5.754407843690155,39.90164594256922,61.90057458586713,73.34179994059856
197,-1546.8589726363948,0.3506152804791325,0.19287597445772345,0.22280178977460363,0.23370695528854046,2.6979136632698135,0.37395900576978025,0.9225880437894136,0.0,3.059023205018258e-07,0.21860032894345874,0.15531587227709684,0.15531587227709684,1.703537853878841e-06,0,5.6104070016811205,8.392517314204209,7.654712730825153e-07,0,3.9831216197663446,3.266397169813229,0.0,0,0.0,0.0,0.0,0.0,0.0,0.0,0.0,0.0,0.0,0.0,0.00012606113487241343,39.94807208268243,66.02805587196254,79.28990117622538
197,-1529.5754612159308,0.31768026456023546,0.21668164415032104,0.20050965935704154,0.26512843193240193,3.2882175813097954,0.30307609548798237,0.9255688710208217,0.0,3.059023205018258e-07,0.1827498815343151,0.17122138805272596,0.17122138805272596,1.703537853878841e-06,0,6.184954958465174,9.251974332867201,7.654712730825153e-07,0,4.3910232902821225,3.6009008554458517,0.0,0,0.0,0.0,0.0,0.0,0.0,0.0,0.0,0.0,0.0,0.0,0.00011559409399510141,39.0155966239766,67.64267791504467,80.5488632255254
197,-1525.3960606257524,0.30858244925596967,0.21937145061242505,0.20120791334356702,0.2708381867880383,3.685125321091947,0.2691121337126366,0.9267175726328941,0.0,0.001532676052596424,0.1773579185931792,0.17582524254058277,0.17582524254058277,0.008535311759153596,0,6.35125797099509,9.500744326139245,0.0038352748919309567,0,4.50909050437937,3.6977230092212126,0.0,0,0.0,0.0,0.0,0.0,0.0,0.0,0.0,0.0,0.0,0.0,0.5224742123499617,38.80347514334077,68.2182743816943,80.76936168196403
197,-1520.4631709707417,0.3012760288586694,0.21920514530405505,0.2034272365434598,0.2760915892938158,4.663019588034095,0.21122442541834405,0.9283458666232594,0.0,3.059023205018258e-07,0.18480751399722908,0.18480751399722908,0.18480751399722908,1.703537853878841e-06,0,6.675720615620756,9.986102761279055,7.654712730825153e-07,0,4.739443520520232,3.88662621424677,0.0,0,0.0,0.0,0.0,0.0,0.0,0.0,0.0,0.0,0.0,0.0,0.00010701669736878207,39.672997006304755,69.99753752982097,82.58544453282963
197,-1521.5410444955073,0.32920659616111136,0.2108163558926616,0.19040354333829387,0.2695735046079331,5.8055461793126195,0.17141022313809484,0.92751644307446,0.0,0.011790886018066443,0.20104572573899127,0.18925483972092486,0.18925483972092486,0.06566220429317422,0,6.836369408388466,10.22641469843531,0.029504792628620415,0,4.853496508025539,3.9801564629209074,0.0,0,0.0,0.0,0.0,0.0,0.0,0.0,0.0,0.0,0.0,0.0,2.8293891372557,40.138517667251485,70.89259109783013,82.32970645613644
197,-1519.9491794092653,0.3107992287385302,0.21626792964194694,0.19908717970196027,0.2738456619175626,5.035877035516007,0.19629296372810032,0.9280546444363523,0.0,0.003995683017109551,0.19035223098690685,0.1863565479697973,0.1863565479697973,0.022251538532236503,0,6.731675689098589,10.069805052902385,0.009998553005166819,0,4.779168956275318,3.919203439676212,0.0,0,0.0,0.0,0.0,0.0,0.0,0.0,0.0,0.0,0.0,0.0,1.1637825851823176,39.71930480367029,70.15728236949661,82.26157597745217
197,-1519.397734389536,0.31320593164500293,0.2138608771446653,0.201117847913793,0.2718153432965388,5.308131637376903,0.18683441646740545,0.9276647640502896,0.0,0.0015106186166781933,0.1952190574555155,0.1937084388388373,0.1937084388388373,0.008412476218107126,0,6.99724481221866,10.467065619423739,0.003780079712222723,0,4.967710378586566,4.0738186452912855,0.0,0,0.0,0.0,0.0,0.0,0.0,0.0,0.0,0.0,0.0,0.0,0.4623861359207684,40.225860914984,71.17928446562378,83.51066928949493
197,-1519.2160364568135,0.3127854553052825,0.21293872267495115,0.2036816911852562,0.2705941308345101,5.4137335585249104,0.1855376165531213,0.9257297331605036,0.0,3.059023205018258e-07,0.20156948487666934,0.19675414578483333,0.19675414578483333,1.703537853878841e-06,0,7.1072635458120885,10.63164086793833,7.654712730825153e-07,0,5.0458184367406345,4.137871909150455,0.0,0,0.0,0.0,0.0,0.0,0.0,0.0,0.0,0.0,0.0,0.0,9.69903747660099e-05,40.688495491771235,71.56753200860041,84.1047020329494
197,-1519.2014080355254,0.3131688889699525,0.21279232687903032,0.20382681975040878,0.2702119644006084,5.414645654853172,0.18662392966824018,0.9247778797272093,0.0,3.059023205018258e-07,0.20404726989211547,0.19677057399738843,0.19677057399738843,1.703537853878841e-06,0,7.107856974914942,10.632528568958765,7.654712730825153e-07,0,5.0462397431251205,4.138217405500624,0.0,0,0.0,0.0,0.0,0.0,0.0,0.0,0.0,0.0,0.0,0.0,9.639905559134924e-05,40.80328630819435,71.52811068235967,84.08691730575103
197,-1519.1709542492636,0.3148902702912776,0.21321070344890322,0.20165849842864123,0.27024052783117797,5.453505403315491,0.18985408908346343,0.9206816916393139,0.0,3.059023205018258e-07,0.20787148230800867,0.1959453526667966,0.1959453526667966,1.703537853878841e-06,0,7.078047867428303,10.587937606016572,7.654712730825153e-07,0,5.025076697296112,4.120862446350631,0.0,0,0.0,0.0,0.0,0.0,0.0,0.0,0.0,0.0,0.0,0.0,9.567250548150835e-05,40.99176506768459,71.38569706476767,83.99344153255566
197,-1519.1547298768855,0.3138679004631119,0.21337798436119482,0.20242386766660828,0.2703302475090849,5.507776712263199,0.1917530957338316,0.9171051737519823,0.0,3.059023205018258e-07,0.21031679117129468,0.19510524956588193,0.19510524956588193,1.703537853878841e-06,0,7.047701192291993,10.542542504300476,7.654712730825153e-07,0,5.003532004052423,4.103194513569857,0.0,0,0.0,0.0,0.0,0.0,0.0,0.0,0.0,0.0,0.0,0.0,9.55077197046429e-05,41.115431274193284,71.27493250326387,83.90766418978919
197,-1519.137107966571,0.31349050570780396,0.21353303173925894,0.20250396960853484,0.2704724929444023,5.585002853138528,0.1936799326558776,0.9121213446435315,0.0,3.059023205018258e-07,0.20945389277710424,0.19470872200071965,0.19470872200071965,1.703537853878841e-06,0,7.033377601307183,10.521116075646445,7.654712730825153e-07,0,4.993362937011977,4.094855272398882,0.0,0,0.0,0.0,0.0,0.0,0.0,0.0,0.0,0.0,0.0,0.0,9.556238429878941e-05,41.07416687300338,71.24639172027216,83.87594297431575
197,-1519.130205548115,0.3138332106850797,0.213228112614187,0.2029372767252428,0.2700013999754905,5.691071853998852,0.1975470966828687,0.9012215723520048,0.0,9.459754546984173e-05,0.2057728458840808,0.19545558680797398,0.19545558680797398,0.0005268037827484818,0,7.060356270534584,10.561473031663594,0.0002367151169121278,0,5.012516506555146,4.110562341205709,0.0,0,0.0,0.0,0.0,0.0,0.0,0.0,0.0,0.0,0.0,0.0,0.029314847264181973,40.85551737996775,71.320636658947,83.90279757735713
197,-1519.1214424909863,0.31383730678015254,0.21323539773669822,0.20283354920097543,0.2700937462821738,5.7214839126333015,0.19723900148032125,0.9000187002012668,0.0,3.059023205018258e-07,0.20462749527589452,0.19579007753432698,0.19579007753432698,1.703537853878841e-06,0,7.072438932052784,10.5795472900842,7.654712730825153e-07,0,5.021094620460794,4.117596905966347,0.0,0,0.0,0.0,0.0,0.0,0.0,0.0,0.0,0.0,0.0,0.0,9.517272176404301e-05,40.81306022994403,71.3855166554431,83.96622135411113
197,-1519.12185494996,0.313674351971265,0.21343855031946668,0.20235742311228516,0.2705296745969831,5.714273486562549,0.19469341303977536,0.9039172055376375,0.0,3.059023205018258e-07,0.20511265878649884,0.19559125996433116,0.19559125996433116,1.703537853878841e-06,0,7.065257132340958,10.568804151768104,7.654712730825153e-07,0,5.015995884898038,4.113415638859371,0.0,0,0.0,0.0,0.0,0.0,0.0,0.0,0.0,0.0,0.0,0.0,9.550009061388455e-05,40.86275981525872,71.39954375447701,83.98336051543404
197,-1519.12059352699,0.3137638845776181,0.21332698405283934,0.20261896525704853,0.270290166112494,5.7182344643228475,0.19608811094728892,0.9017729053745729,0.0,3.059023205018258e-07,0.20484606284676,0.19570048450237287,0.19570048450237287,1.703537853878841e-06,0,7.069202602330601,10.574706116668484,7.654712730825153e-07,0,5.018796980578116,4.115712704295781,0.0,0,0.0,0.0,0.0,0.0,0.0,0.0,0.0,0.0,0.0,0.0,9.531958027437006e-05,40.835419250324996,71.39187971189804,83.97398490057303
197,-1519.1196850551212,0.3137821708920798,0.2133202532891665,0.2026054700237093,0.2702921057950443,5.715134282227315,0.19618943758357904,0.9000777593675433,0.0,3.059023205018258e-07,0.20524607941552814,0.19549643570408537,0.19549643570408537,1.703537853878841e-06,0,7.061831837258024,10.563680308118052,7.654712730825153e-07,0,5.013564088613949,4.111421420942325,0.0,0,0.0,0.0,0.0,0.0,0.0,0.0,0.0,0.0,0.0,0.0,9.534796411282494e-05,40.85648540316622,71.36501897266811,83.95279820404296
197,-1519.1146986177362,0.31359862831754776,0.21343206237874016,0.2025936893460139,0.27037561995769815,5.725055140986915,0.19653777100713457,0.8846217120009011,0.0,3.059023205018258e-07,0.2070052856358184,0.19507161105478527,0.19507161105478527,1.703537853878841e-06,0,7.04648608313788,10.540724842121692,7.654712730825153e-07,0,5.002669334456319,4.102487073075643,0.0,0,0.0,0.0,0.0,0.0,0.0,0.0,0.0,0.0,0.0,0.0,9.523931534645343e-05,40.948445875887614,71.2881187813888,83.89464492572337
197,-1519.1049483263625,0.3140572838315457,0.21308733097785987,0.20279336436301793,0.27006202082757647,5.722804933731869,0.1962642349329539,0.8472284183650545,0.0,3.059023205018258e-07,0.20855333079027236,0.1938586732089708,0.1938586732089708,1.703537853878841e-06,0,7.002671662351442,10.475183556979307,7.654712730825153e-07,0,4.971563183576407,4.076978175056134,0.0,0,0.0,0.0,0.0,0.0,0.0,0.0,0.0,0.0,0.0,0.0,9.553736367424412e-05,41.04300822572768,71.12521588254471,83.75880187548084
197,-1519.0879247076568,0.3135766167539982,0.21332515556974382,0.20264538323614875,0.27045284444010925,5.730480439356809,0.19656701172291088,0.7688721513757697,0.0,4.731809919000802e-05,0.2099763187376961,0.19271824687682212,0.19271824687682212,0.00026350951837023176,0,6.961476543108423,10.413560442755305,0.00011840591979623113,0,4.942316611975354,4.052994242898414,0.0,0,0.0,0.0,0.0,0.0,0.0,0.0,0.0,0.0,0.0,0.0,0.014793565823315131,41.120618643678945,70.90704030547116,83.56037573204063
197,-1519.0446576410773,0.31317082827098536,0.21350482770065224,0.20235106345794046,0.2709732805704219,5.741569701120777,0.1963621823117165,0.6231392320455179,0.0,3.059023205018258e-07,0.210451637286534,0.19132556316529892,0.19132556316529892,1.703537853878841e-06,0,6.911169241403179,10.338306561804128,7.654712730825153e-07,0,4.906600825046843,4.023705168529708,0.0,0,0.0,0.0,0.0,0.0,0.0,0.0,0.0,0.0,0.0,0.0,9.638552362146075e-05,41.167757402249634,70.61286768674114,83.29686502078539
197,-1518.979516261918,0.3130857488565588,0.21357811651796282,0.20180046648416153,0.27153566814131685,5.674740041369808,0.1948747678587226,0.435934959163978,0.0,2.9352391143240867e-05,0.20807047427499498,0.19069182804665352,0.19069182804665352,0.00016346037954972104,0,6.888277106203269,10.304062586105612,7.344962986738254e-05,0,4.890348499928531,4.0103772931000705,0.0,0,0.0,0.0,0.0,0.0,0.0,0.0,0.0,0.0,0.0,0.0,0.009310161994288337,41.048483066475484,70.34471403006812,83.02483565948523
197,-1518.9117375235508,0.31338858845688544,0.21343256440154101,0.20142537620745815,0.2717534709341154,5.57062735585361,0.19266286298272303,0.27317597146882,0.0,3.059023205018258e-07,0.203640374489875,0.19165095055022915,0.19165095055022915,1.703537853878841e-06,0,6.922923066919572,10.355888919755147,7.654712730825153e-07,0,4.914945481061153,4.030548283902571,0.0,0,0.0,0.0,0.0,0.0,0.0,0.0,0.0,0.0,0.0,0.0,9.75541052648022e-05,40.812009655765465,70.26114923404835,82.91348014299456
197,-1518.8840238249472,0.31349928618081696,0.2133410546651078,0.20152440727738402,0.27163525187669124,5.5169382172647055,0.19126419667473366,0.19358623735338362,0.0,8.798776164958488e-06,0.2016377874812727,0.1929576899748893,0.1929576899748893,4.8999459174498876e-05,0,6.970125840918138,10.426498787799076,2.2017519780529635e-05,0,4.948457201257264,4.058029892162017,0.0,0,0.0,0.0,0.0,0.0,0.0,0.0,0.0,0.0,0.0,0.0,0.002797619232506702,40.693070146598274,70.28498364038943,82.91299429914773
197,-1518.860315765166,0.31356813523978044,0.21321270099279716,0.20189416744143893,0.27132499632598345,5.495861283447438,0.18969298241464197,0.12917777983321,0.0,3.059023205018258e-07,0.20152483064305718,0.19415386715960808,0.19415386715960808,1.703537853878841e-06,0,7.013334823709185,10.491134408012432,7.654712730825153e-07,0,4.979133520011243,4.083186302215136,0.0,0,0.0,0.0,0.0,0.0,0.0,0.0,0.0,0.0,0.0,0.0,9.678726073232308e-05,40.67992314254154,70.31563343432015,82.93507957489075
197,-1518.8418446137425,0.31365876248079616,0.21296489863619106,0.2026712495430916,0.2707050893399212,5.513977467009665,0.1878287192467231,0.07324335202172869,0.0,4.507351476467975e-05,0.20352724831878197,0.19514583156463727,0.19514583156463727,0.00025100966374833533,0,7.049167117999528,10.54473535891479,0.00011278920889721405,0,5.004572741449354,4.104047980275715,0.0,0,0.0,0.0,0.0,0.0,0.0,0.0,0.0,0.0,0.0,0.0,0.014109740416441483,40.780716228071995,70.33305822927284,82.95356228273877
197,-1518.8320507697536,0.31354341338570013,0.21293431877764782,0.20301063244950332,0.2705116353871487,5.539576933547295,0.18716814172476268,0.0548419265161548,0.0,1.268921492504151e-05,0.2058911338985805,0.1950127411747792,0.1950127411747792,7.066490350694661e-05,0,7.044359552332421,10.537543798999748,3.175271598840717e-05,0,5.001159598919523,4.101248999937208,0.0,0,0.0,0.0,0.0,0.0,0.0,0.0,0.0,0.0,0.0,0.0,0.003966183656712893,40.91557751773023,70.29806504484884,82.94194203881682
197,-1518.8555223607505,0.3177391925455326,0.21283685527413004,0.1997772060743952,0.26964674610594214,5.6224961957721975,0.1858946742591725,0.027940284414381317,0.0,3.059023205018258e-07,0.208618460437071,0.1949148911195773,0.1949148911195773,1.703537853878841e-06,0,7.0408249577879545,10.53225645604865,7.654712730825153e-07,0,4.998650205226168,4.099191147518832,0.0,0,0.0,0.0,0.0,0.0,0.0,0.0,0.0,0.0,0.0,0.0,9.503256860026287e-05,41.1006330712918,70.29746099619511,82.97379341647543
197,-1518.8283596546912,0.314675011158271,0.21290806213555039,0.2021396658156103,0.2702772608905683,5.561927394862678,0.1868221589456423,0.04568130825082369,0.0,9.248960241627813e-06,0.2066285943359775,0.19498621789603657,0.19498621789603657,5.150648695565986e-05,0,7.0434014635898885,10.53611060950782,2.3144032903163786e-05,0,5.000479401567906,4.100691197560999,0.0,0,0.0,0.0,0.0,0.0,0.0,0.0,0.0,0.0,0.0,0.0,0.0028860162276742956,40.96516405779896,70.29519760660187,82.94808529092231
197,-1518.8249392615528,0.3144283552885211,0.2128944500804042,0.20239741401241296,0.27027978061866176,5.595546392462448,0.18663642648836315,0.03894668760479393,0.0,3.059023205018258e-07,0.20729093444536764,0.19457592786839922,0.19457592786839922,1.703537853878841e-06,0,7.028580737220921,10.513940524053524,7.654712730825153e-07,0,4.989957392094585,4.092062522555484,0.0,0,0.0,0.0,0.0,0.0,0.0,0.0,0.0,0.0,0.0,0.0,9.557839489106084e-05,41.01279702172783,70.26368340459757,82.92563786933853
197,-1518.823834815561,0.314289981177303,0.21288688052978927,0.2024852947268798,0.2703378435660279,5.619420824616615,0.18648162619767053,0.034158852123193244,0.0,3.059023205018258e-07,0.20716834462392197,0.1942342600503106,0.1942342600503106,1.703537853878841e-06,0,7.016238820771882,10.495478450364756,7.654712730825153e-07,0,4.981195219542257,4.084877018732476,0.0,0,0.0,0.0,0.0,0.0,0.0,0.0,0.0,0.0,0.0,0.0,9.576118512357183e-05,41.01679350653049,70.24359181005147,82.90728799373628
197,-1518.8471805642794,0.3153343370531423,0.21235401514639624,0.20256985436443964,0.26974179343602184,5.650555057809678,0.18455985608082504,0.016669414296418418,0.0,3.059023205018258e-07,0.19937166727411154,0.19631275344014265,0.19631275344014265,1.703537853878841e-06,0,7.091319324111921,10.607790163944829,7.654712730825153e-07,0,5.034498799119824,4.128589131515838,0.0,0,0.0,0.0,0.0,0.0,0.0,0.0,0.0,0.0,0.0,0.0,9.602057571429967e-05,40.619561220021716,70.51490442129196,83.09721719771187
197,-1518.8229518818744,0.31445728295112907,0.21280146002106115,0.20249892710573436,0.2702423299220755,5.624403784083063,0.1861719947046128,0.03044523325279674,0.0,3.059023205018258e-07,0.20591355996141622,0.19456620275085135,0.19456620275085135,1.703537853878841e-06,0,7.02822944107338,10.513415025814313,7.654712730825153e-07,0,4.989707988570065,4.09185799679795,0.0,0,0.0,0.0,0.0,0.0,0.0,0.0,0.0,0.0,0.0,0.0,9.579757381787775e-05,40.9529199246205,70.28517953663396,82.93619203748446
197,-1518.8219905597628,0.31405386001441926,0.21307297649620552,0.20222306299752035,0.27065010049185484,5.63509135015053,0.1863474819659439,0.025958027630896528,0.0,3.059023205018258e-07,0.2058134302913411,0.19467554570358336,0.19467554570358336,1.703537853878841e-06,0,7.032179188504845,10.519323389270898,7.654712730825153e-07,0,4.992512121030004,4.094157552574874,0.0,0,0.0,0.0,0.0,0.0,0.0,0.0,0.0,0.0,0.0,0.0,9.57778027926293e-05,40.94655789226422,70.2895131243245,82.93782050039934
197,-1518.8209329530123,0.31410413616974786,0.21300075000807966,0.2022514738534569,0.2706436399687156,5.644002155722212,0.18669311982429768,0.023907736029245095,0.0,3.059023205018258e-07,0.2057044266360195,0.19454511134180041,0.19454511134180041,1.703537853878841e-06,0,7.027467565372721,10.512275348245975,7.654712730825153e-07,0,4.989167093128083,4.091414430291699,0.0,0,0.0,0.0,0.0,0.0,0.0,0.0,0.0,0.0,0.0,0.0,9.579900397551525e-05,40.940948487325976,70.27497585269613,82.92374827244942
197,-1518.8178240616194,0.31428468754310634,0.2130698868921173,0.20231576630592038,0.27032965925885594,5.648509561585058,0.1882325114254613,0.016042683367991382,0.0,3.059023205018258e-07,0.2052356393881621,0.19416976652784498,0.19416976652784498,1.703537853878841e-06,0,7.013909149601129,10.491993532847884,7.654712730825153e-07,0,4.979541264026304,4.083520676613898,0.0,0,0.0,0.0,0.0,0.0,0.0,0.0,0.0,0.0,0.0,0.0,9.583947139135358e-05,40.90802306510551,70.20929122075535,82.86264497474195
197,-1518.9464701308127,0.31299078250858026,0.21221287940259445,0.20519191170262208,0.2696044263862032,5.71705824874621,0.1869764534130575,0.0005294479345811365,0.0,0.0009795379110512964,0.21243408210614395,0.19482321587236054,0.19482321587236054,0.0054549436174523205,0,7.037513413118854,10.527302769807376,0.00245113580889148,0,4.99629916631538,4.097263155461996,0.0,0,0.0,0.0,0.0,0.0,0.0,0.0,0.0,0.0,0.0,0.0,0.2877894525261749,41.190538424496395,70.12221037127699,82.69532763056996
197,-1518.8200530384497,0.3142416899635399,0.21304147995552444,0.20241116083932384,0.27030566924161187,5.650769724759954,0.18819071969853776,0.01432666398239855,0.0,3.230226283102373e-05,0.2054715063172162,0.1941914027860222,0.1941914027860222,0.00017988790476750893,0,7.014690706647348,10.493162651423498,8.083120851174507e-05,0,4.980096132285762,4.083975701663427,0.0,0,0.0,0.0,0.0,0.0,0.0,0.0,0.0,0.0,0.0,0.0,0.010097288177799632,40.916812337017475,70.20452799340325,82.85508017425492
197,-1518.8179041245367,0.31428261291401405,0.21306851637368351,0.20232036879640436,0.270328501915898,5.648618586383066,0.188230494896863,0.015955358070197403,0.0,1.5581910064312176e-06,0.2052470147222222,0.19417081035191058,0.19417081035191058,8.677401853881343e-06,0,7.013946855199149,10.49204993604361,3.899121953184108e-06,0,4.979568033204123,4.083542628935471,0.0,0,0.0,0.0,0.0,0.0,0.0,0.0,0.0,0.0,0.0,0.0,0.0004881365823170039,40.908477254107055,70.20908437102942,82.86234049033047
197,-1518.8178063895539,0.3142845452120284,0.21306979286730882,0.20231608206140084,0.2703295798592619,5.648517041201485,0.18823237308013505,0.016036677145805034,0.0,1.0689929362662056e-07,0.20523641978234303,0.19416983813957367,0.19416983813957367,5.953109245693687e-07,0,7.013911736400135,10.49199740239878,2.6749825973779255e-07,0,4.97954310053033,4.083522182656677,0.0,0,0.0,0.0,0.0,0.0,0.0,0.0,0.0,0.0,0.0,0.0,3.349194903598207e-05,40.908084846599195,70.20930582914484,82.86268977588388
197,-1518.8178005434866,0.3142846610070852,0.21306986936225839,0.20231582517495128,0.2703296444557052,5.648510956074012,0.18823248563253558,0.016041563405364993,0.0,1.9930151207203816e-08,0.20523578488364966,0.19416977987903816,0.19416977987903816,1.1098891619816313e-07,0,7.013909631880413,10.491994254281684,4.9871992446079786e-08,0,4.9795416064216145,4.083520957398463,0.0,0,0.0,0.0,0.0,0.0,0.0,0.0,0.0,0.0,0.0,0.0,6.244229724766948e-06,40.90806133450094,70.2093191189757,82.86271072632712
197,-1518.817799659387,0.31428467852085884,0.21306988093196533,0.20231578632139088,0.2703296542257849,5.648510035711263,0.18823250265586614,0.01604230257192558,0.0,6.776250867210209e-09,0.20523568885661952,0.19416977106725056,0.19416977106725056,3.773622848213411e-08,0,7.0139093135760815,10.49199377813537,1.695647607229883e-08,0,4.979541380440707,4.0835207720806475,0.0,0,0.0,0.0,0.0,0.0,0.0,0.0,0.0,0.0,0.0,0.0,2.1230399246775385e-06,40.90805777837548,70.20932112922091,82.8627138952289
197,-1518.8177993587992,0.31428468447554225,0.2130698848656656,0.20231577311118035,0.2703296575476118,5.648509722787964,0.1882325084437989,0.016042553896314853,0.0,2.303925231242139e-09,0.20523565620743664,0.1941697680712429,0.1941697680712429,1.2830317329691916e-08,0,7.013909205352614,10.49199361624563,5.765201705409497e-09,0,4.979541303607202,4.083520709072594,0.0,0,0.0,0.0,0.0,0.0,0.0,0.0,0.0,0.0,0.0,0.0,7.218337880207662e-07,40.90805656929473,70.20932181271536,82.86271497266682
197,-1518.8177992566004,0.3142846865001345,0.21306988620312373,0.2023157686197088,0.27032965867703296,5.648509616394046,0.18823251041169606,0.016042639347504127,0.0,7.833345683783576e-10,0.20523564510671533,0.19416976705260033,0.19416976705260033,4.362307835047662e-09,0,7.013909168556636,10.49199356120312,1.960168554205345e-09,0,4.979541277483811,4.083520687649855,0.0,0,0.0,0.0,0.0,0.0,0.0,0.0,0.0,0.0,0.0,0.0,2.454235110528831e-07,40.908056158207515,70.20932204510474,82.86271533899702
197,-1518.817799221853,0.31428468718849595,0.2130698866578595,0.2023157670926084,0.2703296590610362,5.648509580220114,0.18823251108078112,0.016042668401012167,0.0,2.663337615495955e-10,0.20523564133247013,0.1941697667062618,0.1941697667062618,1.4831847101433443e-09,0,7.013909156046001,10.491993542488663,6.664573292016172e-10,0,4.9795412686018565,4.0835206803661235,0.0,0,0.0,0.0,0.0,0.0,0.0,0.0,0.0,0.0,0.0,0.0,8.344399625231514e-08,40.908056018437875,70.20932212411728,82.86271546354945
197,-1518.8177992100386,0.31428468742253884,0.21306988681246963,0.2023157665733943,0.27032965919159724,5.648509567920977,0.18823251130827004,0.016042678279216883,0.0,9.055347706539444e-11,0.20523564004922684,0.19416976658850676,0.19416976658850676,5.042827910824174e-10,0,7.013909151792388,10.491993536125753,2.2659548727052602e-10,0,4.979541265581994,4.083520677889656,0.0,0,0.0,0.0,0.0,0.0,0.0,0.0,0.0,0.0,0.0,0.0,2.837095733552675e-08,40.9080559709162,70.20932215098156,82.86271550589728
197,-1518.8177992100382,0.31428468742254373,0.21306988681247288,0.2023157665733834,0.27032965919159996,5.648509567920718,0.1882325113082748,0.016042678279424558,0.0,9.054979078854093e-11,0.20523564004919984,0.19416976658850424,0.19416976658850424,5.042622625942728e-10,0,7.013909151792297,10.491993536125616,2.2658626295659678e-10,0,4.979541265581929,4.083520677889603,0.0,0,0.0,0.0,0.0,0.0,0.0,0.0,0.0,0.0,0.0,0.0,2.836980774037557e-08,40.90805597091521,70.20932215098212,82.86271550589818
197,-1518.8177992100382,0.3142846874225486,0.21306988681247616,0.20231576657337252,0.27032965919160273,5.64850956792046,0.18823251130827962,0.016042678279632235,0.0,9.054608295451292e-11,0.20523564004917288,0.19416976658850174,0.19416976658850174,5.042416140564904e-10,0,7.013909151792206,10.49199353612548,2.2657698469931141e-10,0,4.979541265581865,4.08352067788955,0.0,0,0.0,0.0,0.0,0.0,0.0,0.0,0.0,0.0,0.0,0.0,2.8368642434953165e-08,40.90805597091421,70.20932215098266,82.86271550589905
197,-1518.8177992069955,0.3142846874828275,0.21306988685229675,0.2023157664396464,0.2703296592252294,5.648509564752759,0.18823251136687044,0.0160426808238116,0.0,4.527304145962904e-11,0.20523563971866748,0.1941697665581734,0.1941697665581734,2.5212080693007993e-10,0,7.013909150696668,10.491993534486683,1.1328849230554594e-10,0,4.9795412648040855,4.083520677251725,0.0,0,0.0,0.0,0.0,0.0,0.0,0.0,0.0,0.0,0.0,0.0,1.4184322027564168e-08,40.908055958674765,70.2093221579017,82.86271551680595
197,-1518.817799204987,0.3142846875226115,0.2130698868785783,0.20231576635138723,0.2703296592474229,5.648509562662077,0.1882325114055404,0.016042682502970217,0.0,1.539283581689228e-11,0.20523563950053386,0.19416976653815665,0.19416976653815665,8.572108393817013e-11,0,7.013909149973613,10.491993533405076,3.851809168945597e-11,0,4.97954126429075,4.0835206768307595,0.0,0,0.0,0.0,0.0,0.0,0.0,0.0,0.0,0.0,0.0,0.0,4.822670707612479e-09,40.90805595059675,70.20932216246827,82.8627155240045
197,-1518.8177992049873,0.3142846875226116,0.21306988687857842,0.20231576635138693,0.270329659247423,5.64850956266207,0.18823251140554056,0.016042682502976215,0.0,1.5392728031019492e-11,0.20523563950053314,0.1941697665381566,0.1941697665381566,8.572048368997945e-11,0,7.013909149973611,10.491993533405072,3.851782197267472e-11,0,4.979541264290749,4.083520676830758,0.0,0,0.0,0.0,0.0,0.0,0.0,0.0,0.0,0.0,0.0,0.0,4.8226369884169515e-09,40.908055950596726,70.20932216246828,82.86271552400456
197,-1518.817799204987,0.3142846875226115,0.2130698868785783,0.20231576635138723,0.2703296592474229,5.648509562662077,0.1882325114055404,0.016042682502970217,0.0,1.539283581689228e-11,0.20523563950053386,0.19416976653815665,0.19416976653815665,8.572108393817013e-11,0,7.013909149973613,10.491993533405076,3.851809168945597e-11,0,4.97954126429075,4.0835206768307595,0.0,0,0.0,0.0,0.0,0.0,0.0,0.0,0.0,0.0,0.0,0.0,4.822670707612479e-09,40.90805595059675,70.20932216246827,82.8627155240045
197,-1518.817116293641,0.31432245095289196,0.2131361810669116,0.20235052603941564,0.27019084194078075,5.644812026703056,0.18869200832294436,0.01307711312785415,0.0,1.5214241154730575e-09,0.20528254535935142,0.19426123973309598,0.19426123973309598,8.472650904578599e-09,0,7.017213395997086,10.496936301720115,3.807118732081178e-09,0,4.981887121510944,4.085444419592417,0.0,0,0.0,0.0,0.0,0.0,0.0,0.0,0.0,0.0,0.0,0.0,4.7609382106512044e-07,40.90418478860767,70.20024751921517,82.85475997267443
197,-1518.8597850708038,0.3148833645662769,0.21167136163839478,0.20135259264000888,0.2720926811553194,5.379578656245115,0.18737315546036074,0.0010300834977120823,0.0,3.059023205018258e-07,0.20310098684015673,0.19205651794812295,0.19205651794812295,1.703537853878841e-06,0,6.937573199809644,10.377803817176757,7.654712730825153e-07,0,4.92534637729371,4.0390776388308645,0.0,0,0.0,0.0,0.0,0.0,0.0,0.0,0.0,0.0,0.0,0.0,9.778778400846232e-05,40.774637030836104,69.99414198632503,82.65062585222697
197,-1518.816325429505,0.3143885845429681,0.21296282948683443,0.20223280657405926,0.27041577939613826,5.612847228627773,0.1885359070407512,0.009689173456812415,0.0,1.3400959215920087e-09,0.20502391822902846,0.19399977976034838,0.19399977976034838,7.462853261510361e-09,0,7.007768792298466,10.482808271428782,3.353374140709073e-09,0,4.97518190294644,4.079945740658441,0.0,0,0.0,0.0,0.0,0.0,0.0,0.0,0.0,0.0,0.0,0.0,4.2038570755225835e-07,40.88863910269301,70.17300738935761,82.8278909081341
197,-1518.8151532910824,0.3142666052630746,0.2127122804530336,0.2025454225948586,0.2704756916890332,5.613985155814278,0.1883240496992581,0.005201140123326556,0.0,1.0727820642964053e-08,0.2058694761893125,0.1943705799005368,0.1943705799005368,5.974210501225353e-08,0,7.0211630428167,10.502844514673058,2.684464279806458e-08,0,4.9846911825412645,4.087743916792796,0.0,0,0.0,0.0,0.0,0.0,0.0,0.0,0.0,0.0,0.0,0.0,3.354260897743924e-06,40.92760946405072,70.1937125556077,82.84866873183904
197,-1518.814619056192,0.31439763004023236,0.2128775912712448,0.2023752216571928,0.27034955703133,5.615505197544892,0.18817199728964193,0.0033186841865073167,0.0,1.3075149815249304e-08,0.20588497531030953,0.19439759781574056,0.19439759781574056,7.281413432521243e-08,0,7.022138999094753,10.50430443192309,3.2718455873118364e-08,0,4.9853840649916625,4.088312121706189,0.0,0,0.0,0.0,0.0,0.0,0.0,0.0,0.0,0.0,0.0,0.0,4.087786024695006e-06,40.930706498736946,70.19482794737533,82.8514221177427
197,-1518.8143094326808,0.31423936299735683,0.21300518042307465,0.20242114861282184,0.2703343079667466,5.614571106903871,0.1878502646003689,0.0018159761810935795,0.0,1.3397084052365229e-08,0.20569930896794833,0.1943007713767112,0.1943007713767112,7.46069522367827e-08,0,7.018641380187465,10.499072400231075,3.352404443462294e-08,0,4.982900922238714,4.0862757966238155,0.0,0,0.0,0.0,0.0,0.0,0.0,0.0,0.0,0.0,0.0,0.0,4.194070884522397e-06,40.92523266016061,70.19118830533681,82.84795024691229
197,-1518.8143057052848,0.3142870898708269,0.21308318006432383,0.2022942093389211,0.27033552072592826,5.6149050623327454,0.18856411184089406,0.0006119961357282255,0.0,2.4122222799862272e-08,0.20520492330063175,0.1945130577853847,0.1945130577853847,1.3433412205521128e-07,0,7.026309708840049,10.510543329339878,6.036197622136195e-08,0,4.988345070164956,4.090740322459551,0.0,0,0.0,0.0,0.0,0.0,0.0,0.0,0.0,0.0,0.0,0.0,7.542751777498974e-06,40.89106317128402,70.19698075461463,82.84900780627038
197,-1518.8141537768481,0.3142628646892647,0.2130435883425608,0.20235863808817856,0.270334908879996,5.614735557266119,0.18820145281711226,0.0010629203027826912,0.0,1.8675641545532462e-08,0.20545585803942787,0.19440528062017123,0.19440528062017123,1.040026838178137e-07,0,7.022416521663041,10.50471957345538,4.67327841320057e-08,0,4.985581092790429,4.088473696246387,0.0,0,0.0,0.0,0.0,0.0,0.0,0.0,0.0,0.0,0.0,0.0,5.843149017718512e-06,40.908388124325526,70.19383013024026,82.84827473241779
197,-1518.8140163264407,0.31437071715995313,0.21292462751646207,0.20230109094193102,0.27040356438165375,5.62053904361478,0.18811903937642627,0.0005113310356107928,0.0,2.1387485793085714e-08,0.20574435361078344,0.1942914752247704,0.1942914752247704,1.1910465925216798e-07,0,7.018305579376043,10.498570081215158,5.351873745583377e-08,0,4.9826625196644425,4.086080292301273,0.0,0,0.0,0.0,0.0,0.0,0.0,0.0,0.0,0.0,0.0,0.0,6.692090632737592e-06,40.926430618195624,70.18716330756024,82.84393082445287
197,-1518.813963145595,0.3143855172134133,0.21289298423816194,0.20243360069548927,0.2702878978529355,5.617277228323231,0.1881192036645383,0.0003244782516885295,0.0,2.3964981505819082e-08,0.20562989874910667,0.19427224214140612,0.19427224214140612,1.3345846182433745e-07,0,7.017610831157533,10.497530818564318,5.996850521618968e-08,0,4.982169281535977,4.0856758076330495,0.0,0,0.0,0.0,0.0,0.0,0.0,0.0,0.0,0.0,0.0,0.0,7.500264262948864e-06,40.92003266662982,70.18449776130906,82.84110071387119
197,-1518.8139238176716,0.3142997893227147,0.21291742825457682,0.2024297085619527,0.2703530738607558,5.617963917245627,0.1881445863063582,0.00023665234155686868,0.0,2.5832795204603407e-08,0.20564075183548342,0.1942933079175641,0.1942933079175641,1.4386011989169938e-07,0,7.0183717809324655,10.498669111055298,6.464240807362441e-08,0,4.982709519614814,4.0861188350623365,0.0,0,0.0,0.0,0.0,0.0,0.0,0.0,0.0,0.0,0.0,0.0,8.084258713192995e-06,40.920042849843725,70.1857402265029,82.84188755935455
197,-1518.8139049490665,0.3142765072509676,0.2129273338508044,0.20241713268981362,0.27037902620841436,5.618303720411598,0.18814981647998577,0.00014709281371433876,0.0,2.8594993236520755e-08,0.20563022346625948,0.19430445060745222,0.19430445060745222,1.592425102559227e-07,0,7.018774283422709,10.499271208036385,7.155436363031713e-08,0,4.982995277202529,4.086353173318827,0.0,0,0.0,0.0,0.0,0.0,0.0,0.0,0.0,0.0,0.0,0.0,8.948508104122351e-06,40.91935589653059,70.18668855393652,82.84253783170007
197,-1518.8139125599273,0.3142812775068753,0.21292948297928452,0.202407405612967,0.27038183390087317,5.618173067680219,0.18813295339272026,7.675032901659421e-05,0.0,3.059023205018258e-07,0.2056219149414315,0.19431486973703158,0.19431486973703158,1.703537853878841e-06,0,7.019150649061882,10.499834207323653,7.654712730825153e-07,0,4.983262478871477,4.086572294615774,0.0,0,0.0,0.0,0.0,0.0,0.0,0.0,0.0,0.0,0.0,0.0,9.572565802131038e-05,40.91893225514147,70.18776690631086,82.84341281607371
197,-1518.8139011472726,0.31427733371390165,0.2129277061984534,0.20241544743213014,0.2703795126555148,5.618281084025345,0.1881468947666302,0.0001314150570796033,0.0,2.364100240141625e-08,0.20562878401627913,0.1943062557281271,0.1943062557281271,1.316542562618867e-07,0,7.018839489003598,10.499368748012795,5.915779970374853e-08,0,4.983041570057734,4.086391136219701,0.0,0,0.0,0.0,0.0,0.0,0.0,0.0,0.0,0.0,0.0,0.0,7.398184429690942e-06,40.919287990818674,70.18687608412188,82.84269724530577
197,-1518.8138935260704,0.31427930560420236,0.21292859459071914,0.20241142652467192,0.27038067328040655,5.618227075593191,0.18813992395054138,0.00010042982061416849,0.0,1.1820762848605744e-08,0.2056253495254012,0.19431056268484576,0.19431056268484576,6.582858522057003e-08,0,7.018995067308481,10.499601475088934,2.957955458358392e-08,0,4.983152023240464,4.0864817144138685,0.0,0,0.0,0.0,0.0,0.0,0.0,0.0,0.0,0.0,0.0,0.0,3.6991466537701067e-06,40.91912633475043,70.1873321148505,82.84308568460419
197,-1518.8139064538418,0.31427756585917294,0.21294521414955764,0.20241442317668126,0.27036279681458814,5.617178820554315,0.18815318067371123,4.0530309678386375e-05,0.0,3.059023205018258e-07,0.2056882800367912,0.19429914956021338,0.19429914956021338,1.703537853878841e-06,0,7.0185827960228115,10.49898476512438,7.654712730825153e-07,0,4.982859330273508,4.086241688732969,0.0,0,0.0,0.0,0.0,0.0,0.0,0.0,0.0,0.0,0.0,0.0,9.572160453883607e-05,40.92211250961555,70.18478199229018,82.84130868793775
197,-1518.8138906301301,0.3142790524876536,0.21293101249413474,0.20241186250874918,0.2703780725094625,5.618074552539772,0.18814185261652994,8.800908068675695e-05,0.0,1.0100870661702814e-08,0.20563450493109553,0.19430890214474614,0.19430890214474614,5.6250686497300565e-08,0,7.018935084348176,10.499511747546393,2.5275801477973205e-08,0,4.983109438197002,4.086446792139653,0.0,0,0.0,0.0,0.0,0.0,0.0,0.0,0.0,0.0,0.0,0.0,3.160906801618208e-06,40.91956535939342,70.18696061133642,82.84283271865736
