-6.618932291063438500e-01
-9.769179711098581187e-01
-4.786578437449991452e-01
9.574130106185817501e-01
-5.974284106693043661e+00
-2.231435513142096816e-01
3.364722366212128390e-01
-3.764635030190275788e+00
-4.284805529239799626e-01
-1.027858793764711232e+00
-1.178255069655302023e+00
-3.963573081335266757e+00
-3.431117820767936255e+00
-7.002496168720921954e-01
-9.136655035834094774e-01
-1.806349659222377335e+00
-1.680988930362089739e+00
-3.425302160119567674e+00
-1.805706146908388376e+00
-2.088938884827553188e+00
-1.806571741339739967e+00
-1.253609356682782172e+00
-1.234661998251862292e+00
