-7.141066399238122919e-01
-8.766151246536720842e-01
-5.161529739947481321e-01
6.267048653455725704e-01
-1.840325882264775004e+00
3.364722366212128946e-01
-1.624600949247606119e+00
-3.835367127888176242e-01
-7.547022189812061521e-01
-1.593040241452301498e+00
-1.211920391838681255e+01
-2.329776275557661425e+00
-3.198147275662050482e-01
-5.283111010458209078e-01
-9.883445199782575630e-01
-1.192149702712310466e+00
-2.530895808222557886e+00
-1.010539866472298209e+00
-1.124082569574993196e+00
-6.900155899044545516e-01
-8.255186984990462440e-01
-9.895087764317777035e-01
