118,-1024.0467318470653,0.33502824858757063,0.22485875706214684,0.22429378531073452,0.21581920903954802,1.2,0.9,0.9,0.0,0.144,0.84,0.21599999999999997,0.21599999999999997,1.073121058791797,0,7.400766700588253,9.487862570483419,0.05426068536388801,0,0.8345434439598115,0.49855935836288506,0.0,0,0.0,0.0,0.0,0.0,0.0,0.0,0.0,0.0,0.0,0.0,8.478212757622746,31.868806120427273,37.2402119767253,43.78796325533611
118,-964.2589183348069,0.22637517322000952,0.30015048765751723,0.1503992734728846,0.3230750656495886,1.5230341186302667,0.5696346930035152,0.923404276984022,0.0,0.06324823983803302,0.4051255579770135,0.09567874046989337,0.09567874046989337,0.4713404034840799,0,3.2782223908509844,4.202716391181937,0.02383258917827248,0,0.3696669703031566,0.2208404234149956,0.0,0,0.0,0.0,0.0,0.0,0.0,0.0,0.0,0.0,0.0,0.0,7.112634655564411,22.751978389871038,35.56768280454921,42.10280930741372
118,-916.0882646742865,0.294452002907806,0.2552237267398172,0.17245185454711026,0.2778724158052666,1.854795999697011,0.3978310355069963,0.9395554657037656,0.0,0.0397877985850214,0.3016957257634583,0.09726710974735685,0.09726710974735685,0.2965078093371731,0,3.3326443837069526,4.272485971810417,0.014992452919052743,0,0.3758038368174822,0.22450661030303037,0.0,0,0.0,0.0,0.0,0.0,0.0,0.0,0.0,0.0,0.0,0.0,6.244031633283399,21.612692028503563,36.02881744008029,42.624392064933474
118,-861.5661326684572,0.3718923128109057,0.19641707298134403,0.22052640472186716,0.21116420948588308,3.3056520888301484,0.13762313290870404,0.9944891151339335,0.0,3.059023205018258e-07,0.14857738315628266,0.14857738315628266,0.14857738315628266,2.2796543198874093e-06,0,5.090678470942402,6.526304594763277,1.1526714975578334e-07,0,0.5740475973786141,0.3429381704334853,0.0,0,0.0,0.0,0.0,0.0,0.0,0.0,0.0,0.0,0.0,0.0,0.00014272682039397904,19.672779053200475,43.60062980348938,49.14151409741023
118,-850.5647480019692,0.3324104385351282,0.24307554060562822,0.16850145494064853,0.2560125659185951,3.7092334007831753,0.11121465155229558,1.0106336802210127,0.0,0.004525863859818295,0.15718120400554975,0.15265534014573146,0.15265534014573146,0.03372777650830373,0,5.230400731562512,6.705430036819909,0.0017053921867874466,0,0.5898033023336816,0.352350687193166,0.0,0,0.0,0.0,0.0,0.0,0.0,0.0,0.0,0.0,0.0,0.0,1.4618694423371623,19.947284817440117,43.097392580513954,48.032396253054394
118,-846.7190950328771,0.32598117178771807,0.24582498933501423,0.17250671764464737,0.25568712123262033,3.969860634771957,0.0977362175771931,1.0225197462091795,0.0,0.0025068629046578698,0.16929760140306738,0.16679073849840953,0.16679073849840953,0.018681717878418977,0,5.714719182618299,7.326331504177535,0.0009446118008336325,0,0.644417209847514,0.38497723873443895,0.0,0,0.0,0.0,0.0,0.0,0.0,0.0,0.0,0.0,0.0,0.0,0.7669620216496212,20.36529821503832,44.37734540552673,49.226541115785224
118,-840.3702116510099,0.36369270979909896,0.22391486511014771,0.16345446675058772,0.24893795834016563,5.76518046054911,0.04548564541220664,1.124702137886596,0.0,0.004467426905011394,0.23803418415052613,0.23356675724551473,0.23356675724551473,0.033292290905422135,0,8.00265314531012,10.25948747119864,0.0016833725394374396,0,0.9024148425286905,0.5391059843852943,0.0,0,0.0,0.0,0.0,0.0,0.0,0.0,0.0,0.0,0.0,0.0,0.8309296742073042,23.442211557624226,50.34224650199089,54.53267670658575
118,-839.0049981313213,0.2986472779174389,0.2318053278866532,0.21790555138201015,0.2516418428138978,6.427218211022963,0.03575907064498933,1.1715832391717929,0.0,3.059023205018258e-07,0.2282343455975902,0.2282343455975902,0.2282343455975902,2.2796543198874093e-06,0,7.819949744579615,10.025259744880339,1.1526714975578334e-07,0,0.8818123926154019,0.5267980041551276,0.0,0,0.0,0.0,0.0,0.0,0.0,0.0,0.0,0.0,0.0,0.0,6.139283813723257e-05,23.00090120566488,50.121079058315686,54.47639889506219
118,-837.4049505494442,0.32105486580367654,0.23253257461311178,0.19673133315038746,0.24968122643282423,6.106390746586102,0.03952118981440196,1.1576897355487745,0.0,3.059023205018258e-07,0.2177698080833012,0.2177698080833012,0.2177698080833012,2.2796543198874093e-06,0,7.461405296557363,9.56560190321718,1.1526714975578334e-07,0,0.8413813223532659,0.5026443323556449,0.0,0,0.0,0.0,0.0,0.0,0.0,0.0,0.0,0.0,0.0,0.0,6.510356872679487e-05,22.63201119090022,49.327160399739604,53.73228791099341
118,-837.3182634352203,0.33172203224906066,0.23233095767281792,0.18939752251648898,0.24654948756163247,6.046848342938512,0.03942728794892379,1.1694611722904547,0.0,0.0022975463117701164,0.21672600048972573,0.2144284541779556,0.2144284541779556,0.01712184257437455,0,7.346921126568649,9.41883196500761,0.0008657391495272198,0,0.8284715770030081,0.4949320024523466,0.0,0,0.0,0.0,0.0,0.0,0.0,0.0,0.0,0.0,0.0,0.0,0.48054358103673095,22.58114617740929,48.9180372847165,53.27985563269845
118,-837.2029023379678,0.3334678762783755,0.23281385736792007,0.18787670650649346,0.24584155984721098,6.110314563011174,0.03805942944672649,1.1819701390881123,0.0,3.059023205018258e-07,0.215488370027107,0.215488370027107,0.215488370027107,2.2796543198874093e-06,0,7.383236820651174,9.465389075716063,1.1526714975578334e-07,0,0.8325666965542043,0.49737844210823345,0.0,0,0.0,0.0,0.0,0.0,0.0,0.0,0.0,0.0,0.0,0.0,6.594463170400102e-05,22.621570474520997,49.302245666516264,53.69731792152236
118,-837.1490918982171,0.3319252758157896,0.23295509421800717,0.1896346773493706,0.2454849526168326,6.128089582416145,0.03723701914653674,1.1943090919649284,0.0,3.532883104661521e-05,0.21533317027144944,0.21529784144040282,0.21529784144040282,0.0002632785595737515,0,7.376708776114181,9.45702005235311,1.331226795621074e-05,0,0.8318305651517927,0.49693867446963613,0.0,0,0.0,0.0,0.0,0.0,0.0,0.0,0.0,0.0,0.0,0.0,0.007618991526508497,22.617208641338305,49.294178771230264,53.690901655504945
118,-837.0033114562584,0.3292501266629821,0.23437788969625462,0.19381706098309207,0.2425549226576712,6.170367088559257,0.03345565825928815,1.2651448856432217,0.0,3.059023205018258e-07,0.21312650835242555,0.21312650835242555,0.21312650835242555,2.2796543198874093e-06,0,7.30231280568183,9.361643617475927,1.1526714975578334e-07,0,0.8234413438868647,0.49192692247364517,0.0,0,0.0,0.0,0.0,0.0,0.0,0.0,0.0,0.0,0.0,0.0,6.683538743810133e-05,22.561961290636756,49.21715305289383,53.62219326293866
118,-837.0054432197323,0.3331756602449772,0.23778111655323897,0.19279226950176337,0.23625095370002047,6.0370514352603415,0.02865119892527069,1.4187424428257287,0.0,0.0026989942636155436,0.2083332927693325,0.20563429850571693,0.20563429850571693,0.020113524873917352,0,7.045608652221921,9.032546129629658,0.0010170088787290392,0,0.7944942392186156,0.4746338144463529,0.0,0,0.0,0.0,0.0,0.0,0.0,0.0,0.0,0.0,0.0,0.0,0.5896332151689633,22.35937007184971,48.4964278721822,52.86172415707149
118,-836.9568153713524,0.3309317542872422,0.23583675180249727,0.19338030501606626,0.23985118889419424,6.112706501223715,0.03129898471780743,1.329016014234036,0.0,0.0011796334731874441,0.21105285467199364,0.2098732211988062,0.2098732211988062,0.008790899456480242,0,7.190846049969063,9.218742036846947,0.0004444980606481551,0,0.810871855621255,0.4844178634186513,0.0,0,0.0,0.0,0.0,0.0,0.0,0.0,0.0,0.0,0.0,0.0,0.2576739338755355,22.47592142216009,48.901943978365296,53.2900535934186
118,-836.8666328734145,0.3307470750533882,0.2359087577127358,0.19289269403950723,0.24045147319436874,6.012264297059248,0.031244907752663656,1.353488584132579,0.0,0.0013521236222724666,0.21083214905623016,0.20948002543395766,0.20948002543395766,0.01007633564687798,0,7.177374058657474,9.201470798975748,0.0005094941280639367,0,0.8093526938261295,0.483510310510161,0.0,0,0.0,0.0,0.0,0.0,0.0,0.0,0.0,0.0,0.0,0.0,0.29542680647315217,22.45481918428052,48.82701504911741,53.21877506440185
118,-836.5554995414444,0.33000938816090125,0.23618806524524358,0.19094982937090957,0.2428527172229456,5.626730875230647,0.031029532596470018,1.4559690032084442,0.0,0.002037037102507498,0.20995163217945748,0.20791459507694995,0.20791459507694995,0.015180468140562642,0,7.123738017647137,9.132708817073192,0.0007675765923175379,0,0.8033044547454977,0.47989706998075576,0.0,0,0.0,0.0,0.0,0.0,0.0,0.0,0.0,0.0,0.0,0.0,0.44560620944456547,22.370320497444993,48.52948404520429,52.93676144105067
118,-836.3054975576197,0.34037932146468153,0.22111224264142137,0.19787016484060108,0.24063827105329608,3.929332834370803,0.0294785170055564,2.2864466624187036,0.0,0.005341428924630312,0.21147071706003132,0.20612928813540105,0.20612928813540105,0.03980555460458618,0,7.062568387261285,9.05428869250122,0.0020127055157842786,0,0.7964066945439905,0.4757763223730732,0.0,0,0.0,0.0,0.0,0.0,0.0,0.0,0.0,0.0,0.0,0.0,1.1591918612798693,22.10211140183167,47.58351709631933,52.255421388948115
118,-835.7984311869476,0.3213649472695873,0.23604399358082304,0.18720962056005933,0.25538143858953033,4.050460667078863,0.02591428297226904,2.491623502206886,0.0,0.005538227472519394,0.21821843491757822,0.21268020744505883,0.21268020744505883,0.04127214256347104,0,7.287021283025895,9.342039720836217,0.0020868612386112195,0,0.8217170036263267,0.49089679518654555,0.0,0,0.0,0.0,0.0,0.0,0.0,0.0,0.0,0.0,0.0,0.0,1.1514759040567764,22.406860978108778,48.06346671611752,52.50251971122837
118,-835.6473322980991,0.32608010627585055,0.23357086070494118,0.18994718218105963,0.2504018508381487,4.317508927992146,0.026895504613183394,2.29269729724972,0.0,0.004495912977237008,0.21769594817386345,0.21320003519662642,0.21320003519662642,0.03350457565533582,0,7.30483204188628,9.36487330540657,0.001694106385286655,0,0.8237254241914151,0.492096633104512,0.0,0,0.0,0.0,0.0,0.0,0.0,0.0,0.0,0.0,0.0,0.0,0.9425724199207653,22.445903405449457,48.31661908203915,52.772902951688046
118,-835.5073656928412,0.32844382572082126,0.23248814511776214,0.19144725117137545,0.24762077799004115,4.39067253203436,0.02742650933393416,2.322461494981756,0.0,0.0036997720349688182,0.2172000941131598,0.21350032207819095,0.21350032207819095,0.027571550579541804,0,7.31512071389418,9.378063493665845,0.0013941122660246857,0,0.8248856207114004,0.4927897388220935,0.0,0,0.0,0.0,0.0,0.0,0.0,0.0,0.0,0.0,0.0,0.0,0.7844345797978448,22.445377517554103,48.46150341158883,52.9428361687102
118,-834.8108276830642,0.3359624386642956,0.22983532187980288,0.19654538054571885,0.23765685891018268,4.677392305089697,0.02949596272971106,2.8537163512014274,0.0,3.059023205018258e-07,0.21621645722237431,0.21621645722237431,0.21621645722237431,2.2796543198874093e-06,0,7.408183133011632,9.497370516679142,1.1526714975578334e-07,0,0.8353797539405072,0.49905897305686636,0.0,0,0.0,0.0,0.0,0.0,0.0,0.0,0.0,0.0,0.0,0.0,6.848106691747143e-05,22.486194950526357,49.30091503029254,53.871543695187775
118,-833.8574937197687,0.34004205552251765,0.22965445426853806,0.19861491199904088,0.23168857820990338,4.732255425380158,0.03058247542243432,4.395325282811921,0.0,3.059023205018258e-07,0.216060140206669,0.216060140206669,0.216060140206669,2.2796543198874093e-06,0,7.402827272990487,9.49050424648266,1.1526714975578334e-07,0,0.8347758032894135,0.4986981706908884,0.0,0,0.0,0.0,0.0,0.0,0.0,0.0,0.0,0.0,0.0,0.0,7.001480999030341e-05,22.44937176835333,49.62086796462344,54.206430761834746
118,-833.5268595518658,0.352401811210166,0.23028783164601588,0.20392760309241798,0.21338275405140014,5.745524455032635,0.04230069552963475,85.74080998918905,0.0,0.001031054156126202,0.22067920026964283,0.21964814611351666,0.21964814611351666,0.007683652275651615,0,7.5257624333465625,9.648108445307907,0.000388511841379812,0,0.8486385199859358,0.5069798092220005,0.0,0,0.0,0.0,0.0,0.0,0.0,0.0,0.0,0.0,0.0,0.0,0.23899356474544797,22.47309322751427,52.75429309975437,57.3186600541531
118,-831.6328648045708,0.3462550574454896,0.23005556103966363,0.20129305203178643,0.22239632948306032,5.2215656052536445,0.0360509095632309,19.829151260280284,0.0,0.0005180651305277625,0.21839044888883513,0.21787238375830736,0.21787238375830736,0.003860740287465715,0,7.464919827297529,9.57010756945576,0.00019521228503867013,0,0.8417776365064424,0.50288109190525,0.0,0,0.0,0.0,0.0,0.0,0.0,0.0,0.0,0.0,0.0,0.0,0.12142256791841663,22.46786047012609,51.32152404891086,55.89543174057121
118,-834.9945811100313,0.30974969430538174,0.2060424267556366,0.24280098746318285,0.24140689147579877,6.711223297529157,0.06351240441657881,30.202345697232612,0.0,0.005366267905276271,0.21029431553323266,0.2049280476279564,0.2049280476279564,0.03999066039076743,0,7.0214105134330715,9.00152385523857,0.0020220650999064316,0,0.7917655492194215,0.47300368488866995,0.0,0,0.0,0.0,0.0,0.0,0.0,0.0,0.0,0.0,0.0,0.0,1.2641755769052019,21.915566555501513,51.08521552630948,55.95867059989502
118,-831.4037644838563,0.3387566278268696,0.22512936613491727,0.20977096310203294,0.22634304293618016,5.4855582821477045,0.04029462058017314,21.538438668664256,0.0,0.0015095404482296535,0.21677521663760116,0.2152656761893715,0.2152656761893715,0.011249441972869789,0,7.375606704268122,9.45560718438399,0.0005688104118434147,0,0.8317062906176654,0.49686443240058176,0.0,0,0.0,0.0,0.0,0.0,0.0,0.0,0.0,0.0,0.0,0.0,0.3536984276371025,22.354283029172993,51.19747927007173,55.828444380532204
118,-830.5760735719531,0.3366624268028992,0.22888051075964116,0.1991715083033004,0.23528555413415925,6.120701948333204,0.04405966891311422,25.57903624081237,0.0,0.001654033735194571,0.21823298518140824,0.2165789514462137,0.2165789514462137,0.012326239119370478,0,7.42060320329379,9.513293180467947,0.000623256972823952,0,0.8367802964311482,0.49989566235153127,0.0,0,0.0,0.0,0.0,0.0,0.0,0.0,0.0,0.0,0.0,0.0,0.38153737948794236,22.513075812010616,51.749693148624516,56.27198570592669
118,-830.2774090903116,0.3303819179366499,0.23221356804149074,0.19194983123011158,0.24545468279174776,6.054371975046247,0.04582061042463609,27.66787268992394,0.0,0.00057133555378676,0.21729919775754566,0.21672786220375886,0.21672786220375886,0.0042577237111461495,0,7.4257053041076775,9.519834128629315,0.00021528513000851462,0,0.8373556320628353,0.5002393699984528,0.0,0,0.0,0.0,0.0,0.0,0.0,0.0,0.0,0.0,0.0,0.0,0.13329250277768848,22.53019029729175,51.909029826565906,56.402810331594765
118,-830.2581736180384,0.3283657357250586,0.23313559179658763,0.1912114540157591,0.24728721846259466,5.968558380418558,0.04598585330778846,27.77793540366983,0.0,3.059023205018258e-07,0.216311714215655,0.216311714215655,0.216311714215655,2.2796543198874093e-06,0,7.411446905159178,9.501554707702867,1.1526714975578334e-07,0,0.8357477914369597,0.49927884002654044,0.0,0,0.0,0.0,0.0,0.0,0.0,0.0,0.0,0.0,0.0,0.0,7.210530699078086e-05,22.502375389422845,51.89551818959963,56.39726927275302
118,-830.2604505802205,0.32759589992844873,0.23331051785045995,0.19126707975739665,0.24782650246369464,5.907014144633584,0.04612057201977516,27.8053050826428,0.0,0.00042066472692627824,0.21557346181111361,0.21515279708418733,0.21515279708418733,0.003134890119135346,0,7.371739149069793,9.450648936990163,0.0001585108082738379,0,0.8312701678528899,0.4966038910382984,0.0,0,0.0,0.0,0.0,0.0,0.0,0.0,0.0,0.0,0.0,0.0,0.09926374470269869,22.453925073250943,51.73369340747108,56.24058877852435
118,-830.2583576184019,0.3281664218522164,0.2331809240251014,0.19122592232368335,0.24742673179899885,5.952576946243002,0.046020664472557433,27.785012788856783,0.0,0.00010917238858264591,0.2161205015369332,0.21601132914835053,0.21601132914835053,0.0008135777029627671,0,7.401154869032044,9.488360206606522,4.113728213407688e-05,0,0.834587215563893,0.49858550768201676,0.0,0,0.0,0.0,0.0,0.0,0.0,0.0,0.0,0.0,0.0,0.0,0.02574077914302834,22.489822963323036,51.85352792875553,56.3566130400401
118,-830.2581995380486,0.32830551220555215,0.2331492922898156,0.19121583057342342,0.24732936493120886,5.963726028447481,0.04599636664176051,27.780073222107596,0.0,3.300608577038253e-05,0.2162539329180286,0.21622092683225824,0.21622092683225824,0.00024596892853115117,0,7.408336274400491,9.497566845588041,1.2437033576946028e-05,0,0.8353970228461817,0.4990692895653657,0.0,0,0.0,0.0,0.0,0.0,0.0,0.0,0.0,0.0,0.0,0.0,0.007780677225703354,22.49859055996455,51.88284205054606,56.38500183089097
118,-830.2581791390458,0.3283467125933836,0.23313991974272624,0.19121283692107321,0.24730053074281694,5.967031631891019,0.045989173743934623,27.778610627900257,0.0,1.0427608325559754e-05,0.21629346199915342,0.21628303439082786,0.21628303439082786,7.770893115965861e-05,0,7.410464253804736,9.500294938089416,3.929230378132341e-06,0,0.8356369832898142,0.4992126428271711,0.0,0,0.0,0.0,0.0,0.0,0.0,0.0,0.0,0.0,0.0,0.0,0.002458004457711742,22.501188828210267,51.891532726358726,56.39341868333914
118,-830.2581752235407,0.32835964957942876,0.23313697648327755,0.19121189650014045,0.24729147743715318,5.968069888864386,0.04598691558102726,27.778151424782845,0.0,3.3363263298788334e-06,0.2163058746594442,0.21630253833311436,0.21630253833311436,2.4863069747184193e-05,0,7.411132513650125,9.501151654404216,1.2571621753945184e-06,0,0.8357123392489187,0.49925766075750394,0.0,0,0.0,0.0,0.0,0.0,0.0,0.0,0.0,0.0,0.0,0.0,0.0007864271319539847,22.502004800709745,51.89426231420759,56.39606231588955
118,-830.2581742222924,0.32836378743234956,0.23313603506457883,0.1912115956682639,0.24728858183480773,5.968402001476144,0.0459861933571465,27.778004555579866,0.0,1.0680409395888585e-06,0.21630984485560242,0.21630877681466285,0.21630877681466285,7.959286277254038e-06,0,7.411346261550618,9.501425681513386,4.02448842908211e-07,0,0.8357364424150139,0.4992720600786057,0.0,0,0.0,0.0,0.0,0.0,0.0,0.0,0.0,0.0,0.0,0.0,0.0002517533794052974,22.502265798178257,51.895135434825605,56.39690794657506
118,-830.2581739260485,0.3283651186483404,0.23313573219179703,0.19121149888139857,0.24728765027846403,5.968508850657294,0.045985961010078506,27.7779573058772,0.0,3.382791828052022e-07,0.21631112213848477,0.216310783859302,0.216310783859302,2.520934130688489e-06,0,7.4114150285373395,9.501513841530556,1.2746708543990442e-07,0,0.835744196886983,0.4992766926290108,0.0,0,0.0,0.0,0.0,0.0,0.0,0.0,0.0,0.0,0.0,0.0,7.97373611702737e-05,22.502349766563718,51.8954163395235,56.397180007572146
118,-830.2581738333222,0.3283655473772147,0.2331356346488831,0.1912114677099649,0.24728735026393733,5.9685432626151,0.0459858861812769,27.777942088786258,0.0,1.0325177892262809e-07,0.21631153349826876,0.2163114302464898,0.2163114302464898,7.694559605526889e-07,0,7.411437175577966,9.501542234275025,3.8906335342933665e-08,0,0.83574669428601,0.4992781845844812,0.0,0,0.0,0.0,0.0,0.0,0.0,0.0,0.0,0.0,0.0,0.0,2.433794269251399e-05,22.50237680938212,51.895506807909236,56.39726762780019
118,-830.2581738039396,0.3283656845057089,0.23313560344985193,0.19121145773976822,0.24728725430467094,5.968554269277182,0.045985862247407173,27.777937221621166,0.0,2.8078325159546523e-08,0.2163116650713288,0.21631163699300365,0.21631163699300365,2.092461251688397e-07,0,7.41144425929424,9.501551315675536,1.058020254879927e-08,0,0.8357474930774346,0.4992786617854501,0.0,0,0.0,0.0,0.0,0.0,0.0,0.0,0.0,0.0,0.0,0.0,6.618467425167118e-06,22.502385459012466,51.89553574420812,56.397295653121624
118,-830.2581737950907,0.3283657259257214,0.23313559402610198,0.19121145472824044,0.24728722531993613,5.9685575938707105,0.04598585501812501,27.77793575148207,0.0,5.3719741596602355e-09,0.21631170481331316,0.21631169944133902,0.21631169944133902,4.003318470844976e-08,0,7.411446398949614,9.501554058736758,2.0242152754184777e-09,0,0.8357477343545127,0.49927880592527424,0.0,0,0.0,0.0,0.0,0.0,0.0,0.0,0.0,0.0,0.0,0.0,1.266251945485729e-06,22.50238807165664,51.89554448449863,56.39730411824928
118,-830.2581737931458,0.32836573503679034,0.2331355919531803,0.19121145406580106,0.2472872189442283,5.968558325174422,0.04598585342791601,27.777935428098836,0.0,3.7730707861726993e-10,0.21631171355527024,0.2163117131779632,0.2163117131779632,2.8117789701069757e-09,0,7.411446869604942,9.501554662121952,1.421731991556906e-10,0,0.8357477874277055,0.4992788376313971,0.0,0,0.0,0.0,0.0,0.0,0.0,0.0,0.0,0.0,0.0,0.0,8.89367278621928e-08,22.502388646354294,51.89554640708157,56.39730598030533
118,-830.258173793,0.3283657357208047,0.23313559179755547,0.19121145401606834,0.2472872184655715,5.968558380077121,0.045985853308530916,27.77793540382081,0.0,2.3319457557593657e-12,0.2163117142115735,0.21631171420924156,0.21631171420924156,1.7378195128232832e-11,0,7.411446904939435,9.501554707421155,8.787012148535625e-13,0,0.8357477914121805,0.4992788400117373,0.0,0,0.0,0.0,0.0,0.0,0.0,0.0,0.0,0.0,0.0,0.0,5.496738640030156e-10,22.50238868949977,51.89554655141969,56.397306120099394
118,-830.258173792999,0.3283657357250584,0.23313559179658772,0.19121145401575906,0.24728721846259483,5.9685583804185445,0.04598585330778848,27.77793540366983,0.0,9.606169824734299e-17,0.21631171421565487,0.2163117142156548,0.2163117142156548,7.158738286981028e-16,0,7.4114469051591705,9.501554707702857,3.619703877860994e-17,0,0.8357477914369588,0.49927884002653994,0.0,0,0.0,0.0,0.0,0.0,0.0,0.0,0.0,0.0,0.0,0.0,2.2975587917179538e-14,22.50238868976809,51.89554655231729,56.39730612096873
118,-830.2581736180384,0.3283657357250586,0.23313559179658763,0.1912114540157591,0.24728721846259466,5.968558380418558,0.04598585330778846,27.77793540366983,0.0,3.059023205018258e-07,0.216311714215655,0.216311714215655,0.216311714215655,2.2796543198874093e-06,0,7.411446905159178,9.501554707702867,1.1526714975578334e-07,0,0.8357477914369597,0.49927884002654044,0.0,0,0.0,0.0,0.0,0.0,0.0,0.0,0.0,0.0,0.0,0.0,7.210530699078086e-05,22.502375389422845,51.89551818959963,56.39726927275302
118,-830.2581736180384,0.3283657357250586,0.23313559179658763,0.1912114540157591,0.24728721846259466,5.968558380418558,0.04598585330778846,27.77793540366983,0.0,3.059023205018258e-07,0.216311714215655,0.216311714215655,0.216311714215655,2.2796543198874093e-06,0,7.411446905159178,9.501554707702867,1.1526714975578334e-07,0,0.8357477914369597,0.49927884002654044,0.0,0,0.0,0.0,0.0,0.0,0.0,0.0,0.0,0.0,0.0,0.0,7.210530699077932e-05,22.502375389422845,51.895518189599635,56.39726927275305
118,-830.258173792999,0.32836573572505845,0.23313559179658766,0.19121145401575912,0.24728721846259477,5.968558380418552,0.04598585330778848,27.77793540366983,0.0,4.80308491236714e-17,0.21631171421565493,0.21631171421565487,0.21631171421565487,3.5793691434905073e-16,0,7.411446905159173,9.50155470770286,1.8098519389304935e-17,0,0.8357477914369591,0.4992788400265401,0.0,0,0.0,0.0,0.0,0.0,0.0,0.0,0.0,0.0,0.0,0.0,9.825135535011303e-15,22.50238868976809,51.89554655231731,56.39730612096872
118,-830.2581736180384,0.3283657357250586,0.23313559179658763,0.1912114540157591,0.24728721846259466,5.968558380418558,0.04598585330778846,27.77793540366983,0.0,3.059023205018258e-07,0.216311714215655,0.216311714215655,0.216311714215655,2.2796543198874093e-06,0,7.411446905159178,9.501554707702867,1.1526714975578334e-07,0,0.8357477914369597,0.49927884002654044,0.0,0,0.0,0.0,0.0,0.0,0.0,0.0,0.0,0.0,0.0,0.0,7.210530699078086e-05,22.502375389422845,51.89551818959963,56.39726927275302
118,-830.2581736180384,0.3283657357250586,0.23313559179658763,0.1912114540157591,0.24728721846259466,5.968558380418558,0.04598585330778846,27.77793540366983,0.0,3.059023205018258e-07,0.216311714215655,0.216311714215655,0.216311714215655,2.2796543198874093e-06,0,7.411446905159178,9.501554707702867,1.1526714975578334e-07,0,0.8357477914369597,0.49927884002654044,0.0,0,0.0,0.0,0.0,0.0,0.0,0.0,0.0,0.0,0.0,0.0,7.210530699078083e-05,22.502375389422845,51.895518189599635,56.39726927275307
118,-830.258173792999,0.3283657357250585,0.2331355917965877,0.19121145401575904,0.24728721846259472,5.968558380418554,0.04598585330778846,27.77793540366983,0.0,2.4015424561835658e-17,0.21631171421565498,0.21631171421565498,0.21631171421565498,1.7896845717452505e-16,0,7.411446905159177,9.501554707702866,9.04925969465245e-18,0,0.8357477914369595,0.4992788400265404,0.0,0,0.0,0.0,0.0,0.0,0.0,0.0,0.0,0.0,0.0,0.0,4.887447622074395e-15,22.50238868976809,51.89554655231733,56.39730612096876
118,-830.2581736180384,0.3283657357250586,0.23313559179658763,0.1912114540157591,0.24728721846259466,5.968558380418558,0.04598585330778846,27.77793540366983,0.0,3.059023205018258e-07,0.216311714215655,0.216311714215655,0.216311714215655,2.2796543198874093e-06,0,7.411446905159178,9.501554707702867,1.1526714975578334e-07,0,0.8357477914369597,0.49927884002654044,0.0,0,0.0,0.0,0.0,0.0,0.0,0.0,0.0,0.0,0.0,0.0,7.21053069907793e-05,22.502375389422845,51.89551818959963,56.397269272753036
118,-1002.4952696007871,0.27140744589651555,0.39368111788153637,0.22088879112384652,0.11402264509810155,5.602318963466085,0.04796838141368921,27.730246206273456,0.0,0.08101728465121587,0.09369922968440793,0.012681945033192072,0.012681945033192072,0.6037594047593693,0,0.43451905787193745,0.5570581092655147,0.030528148552056794,0,0.04899830594494972,0.029271770271026006,0.0,0,0.0,0.0,0.0,0.0,0.0,0.0,0.0,0.0,0.0,0.0,19.150262212491178,14.294089211277237,36.310579431256755,39.59849655361175
118,-830.3265020871634,0.32768454476754505,0.2344786828548061,0.19158726376202728,0.24624950861562153,5.964439826615895,0.0460070160975808,27.77741511986277,0.0,0.004622277152637537,0.21434796417300503,0.20972568702036745,0.20972568702036745,0.03444627050046893,0,7.185791114621897,9.212261555321595,0.0017417217100274556,0,0.8103018385778473,0.48407733311615586,0.0,0,0.0,0.0,0.0,0.0,0.0,0.0,0.0,0.0,0.0,0.0,1.0616622864185874,22.282880880672916,50.88813986998268,55.356441631617386
118,-830.2633092811525,0.3282685966788762,0.23332648864725222,0.19126507293729245,0.24713984173657913,5.967971416211848,0.04598886787927534,27.777861275693528,0.0,0.0006699489242074495,0.21603083392271805,0.2153608849985106,0.2153608849985106,0.004992613186680025,0,7.3788688254916375,9.459789258905337,0.00025244366518260885,0,0.8320741419485648,0.49708418815426175,0.0,0,0.0,0.0,0.0,0.0,0.0,0.0,0.0,0.0,0.0,0.0,0.15729184233579882,22.4709140206187,51.744975542381646,56.241757523785864
118,-830.2589711231803,0.3283485036305907,0.23316944091591355,0.19122096648040016,0.24726108897309557,5.968454263676872,0.04598638800172538,27.777922255236675,0.0,0.00011911101841401942,0.2162618665615783,0.21614275554316428,0.21614275554316428,0.0008876426541265399,0,7.405657906468692,9.494133149070073,4.488226037177347e-05,0,0.8350949981386852,0.49888885888141626,0.0,0,0.0,0.0,0.0,0.0,0.0,0.0,0.0,0.0,0.0,0.0,0.028056251439075704,22.496801527895723,51.86865566878062,56.369526910893704
118,-830.2583166490583,0.3283625686069156,0.2331418124949711,0.1912132023508083,0.247282416547305,5.968539244885878,0.04598595157759356,27.777932987146553,0.0,2.1900204469830844e-05,0.2163025519586952,0.21628065175422537,0.21628065175422537,0.00016320535144737306,0,7.410382617982387,9.500190280086453,8.252222945432677e-06,0,0.8356277776705737,0.49920714335598704,0.0,0,0.0,0.0,0.0,0.0,0.0,0.0,0.0,0.0,0.0,0.0,0.0051615195241013,22.501361698684587,51.890598337398096,56.3921944651976
118,-830.2582000770535,0.32836515023307705,0.2331367417745382,0.1912117772239398,0.24728633076844492,5.968554842921364,0.04598587147443208,27.777934956938942,0.0,4.048890828284001e-06,0.21631002040466926,0.21630597151384096,0.21630597151384096,3.0173263976253634e-05,0,7.411250144064933,9.501302457862149,1.525663828515626e-06,0,0.83572560377886,0.49926558503704194,0.0,0,0.0,0.0,0.0,0.0,0.0,0.0,0.0,0.0,0.0,0.0,0.0009543589880059715,22.502198830256564,51.89463159612319,56.39636094423975
118,-830.2581786374119,0.3283656277179323,0.23313580393523925,0.19121151363878153,0.24728705470804693,5.968557727848185,0.0459858566590303,27.777935321260358,0.0,7.469186415375732e-07,0.21631140175346267,0.21631065483482112,0.21631065483482112,5.566209190542578e-06,0,7.411410607796221,9.501508174092859,2.8144664861731193e-07,0,0.8357436983845079,0.49927639482177744,0.0,0,0.0,0.0,0.0,0.0,0.0,0.0,0.0,0.0,0.0,0.0,0.00017605873042493043,22.502353665789283,51.89537776129377,56.39713175488837
118,-830.2581746709208,0.3283657161484297,0.23313563024736147,0.19121146482261897,0.2472871887815899,5.968558262138151,0.04598585391521142,27.777935388732853,0.0,1.3538166933296582e-07,0.2163116575808811,0.21631152219921176,0.21631152219921176,1.0088952801082864e-06,0,7.411440326136497,9.501546273324974,5.101320947023602e-08,0,0.8357470495570345,0.499278396824713,0.0,0,0.0,0.0,0.0,0.0,0.0,0.0,0.0,0.0,0.0,0.0,3.191138977506357e-05,22.502382341558093,51.89551595818777,56.39727451633603
118,-830.2581739378973,0.3283657324938976,0.23313559814296264,0.1912114557994525,0.2472872135636873,5.968558360896145,0.0459858534080448,27.777935401204456,0.0,2.2345019933879797e-08,0.21631170486797383,0.21631168252295385,0.21631168252295385,1.6652021840395066e-07,0,7.411445819278218,9.501553315591789,8.419834000569843e-09,0,0.835747668988182,0.49927876687518513,0.0,0,0.0,0.0,0.0,0.0,0.0,0.0,0.0,0.0,0.0,0.0,5.2670433554970105e-06,22.502387641983468,51.89554150268927,56.39730090455497
118,-830.2581738083414,0.32836573538292574,0.23313559246857635,0.19121145420462624,0.24728721794387173,5.968558378351419,0.04598585331840415,27.77793540340878,0.0,2.366012441242539e-09,0.2163117132258717,0.21631171085985926,0.21631171085985926,1.7632067889310817e-08,0,7.4114467901801895,9.501554560298567,8.915378933424027e-10,0,0.8357477784714163,0.49927883228087666,0.0,0,0.0,0.0,0.0,0.0,0.0,0.0,0.0,0.0,0.0,0.0,5.577033078843718e-07,22.502388578822963,51.895546017635056,56.39730556862632
118,-830.2581737933469,0.32836573571729755,0.2331355918118311,0.19121145402004333,0.24728721845082796,5.968558380371666,0.045985853308029276,27.77793540366391,0.0,5.367082354559863e-11,0.21631171419320272,0.2163117141395319,0.2163117141395319,3.9996729853805906e-10,0,7.411446902550987,9.501554704359137,2.0223719927975556e-11,0,0.8357477911428484,0.49927883985083726,0.0,0,0.0,0.0,0.0,0.0,0.0,0.0,0.0,0.0,0.0,0.0,1.265098917862512e-08,22.50238868725141,51.895546540188576,56.39730610843944
118,-830.258173792999,0.3283657357250541,0.23313559179659651,0.1912114540157616,0.2472872184625878,5.96855838041853,0.04598585330778861,27.77793540366983,0.0,3.126808277950815e-14,0.21631171421564196,0.21631171421561068,0.21631171421561068,2.3301693124121766e-13,0,7.41144690515766,9.50155470770092,1.1782136122436785e-14,0,0.8357477914367883,0.49927884002643813,0.0,0,0.0,0.0,0.0,0.0,0.0,0.0,0.0,0.0,0.0,0.0,7.37217452080676e-12,22.50238868976664,51.895546552310236,56.39730612096138
118,-830.2581736180384,0.3283657357250586,0.23313559179658763,0.1912114540157591,0.24728721846259466,5.968558380418558,0.04598585330778846,27.77793540366983,0.0,3.059023205018258e-07,0.216311714215655,0.216311714215655,0.216311714215655,2.2796543198874093e-06,0,7.411446905159178,9.501554707702867,1.1526714975578334e-07,0,0.8357477914369597,0.49927884002654044,0.0,0,0.0,0.0,0.0,0.0,0.0,0.0,0.0,0.0,0.0,0.0,7.210530699077932e-05,22.502375389422845,51.895518189599635,56.39726927275305
118,-830.2581737929992,0.3283657357250556,0.2331355917965935,0.19121145401576073,0.24728721846259016,5.968558380418539,0.045985853307788566,27.77793540366983,0.0,2.065326512317791e-14,0.21631171421564638,0.21631171421562573,0.21631171421562573,1.539128731700859e-13,0,7.411446905158175,9.501554707701581,7.782363337400823e-15,0,0.8357477914368465,0.4992788400264729,0.0,0,0.0,0.0,0.0,0.0,0.0,0.0,0.0,0.0,0.0,0.0,4.867476192709047e-12,22.502388689767127,51.89554655231266,56.3973061209639
118,-830.2581736180384,0.3283657357250586,0.23313559179658763,0.1912114540157591,0.24728721846259466,5.968558380418558,0.04598585330778846,27.77793540366983,0.0,3.059023205018258e-07,0.216311714215655,0.216311714215655,0.216311714215655,2.2796543198874093e-06,0,7.411446905159178,9.501554707702867,1.1526714975578334e-07,0,0.8357477914369597,0.49927884002654044,0.0,0,0.0,0.0,0.0,0.0,0.0,0.0,0.0,0.0,0.0,0.0,7.210530699078086e-05,22.502375389422845,51.89551818959963,56.39726927275302
118,-830.258173792999,0.32836573572505845,0.23313559179658783,0.19121145401575912,0.2472872184625946,5.968558380418558,0.04598585330778846,27.77793540366983,0.0,5.043239157985486e-16,0.21631171421565484,0.21631171421565434,0.21631171421565434,3.758337600665025e-15,0,7.411446905159155,9.501554707702837,1.9003445358770137e-16,0,0.8357477914369571,0.49927884002653894,0.0,0,0.0,0.0,0.0,0.0,0.0,0.0,0.0,0.0,0.0,0.0,1.2012795540302354e-13,22.502388689768075,51.895546552317235,56.397306120968636
118,-830.2581736180384,0.3283657357250586,0.23313559179658763,0.1912114540157591,0.24728721846259466,5.968558380418558,0.04598585330778846,27.77793540366983,0.0,3.059023205018258e-07,0.216311714215655,0.216311714215655,0.216311714215655,2.2796543198874093e-06,0,7.411446905159178,9.501554707702867,1.1526714975578334e-07,0,0.8357477914369597,0.49927884002654044,0.0,0,0.0,0.0,0.0,0.0,0.0,0.0,0.0,0.0,0.0,0.0,7.210530699078083e-05,22.502375389422845,51.895518189599635,56.39726927275307
118,-830.2581736180384,0.3283657357250586,0.23313559179658763,0.1912114540157591,0.24728721846259466,5.968558380418558,0.04598585330778846,27.77793540366983,0.0,3.059023205018258e-07,0.216311714215655,0.216311714215655,0.216311714215655,2.2796543198874093e-06,0,7.411446905159178,9.501554707702867,1.1526714975578334e-07,0,0.8357477914369597,0.49927884002654044,0.0,0,0.0,0.0,0.0,0.0,0.0,0.0,0.0,0.0,0.0,0.0,7.210530699078086e-05,22.502375389422845,51.89551818959963,56.39726927275302
118,-830.258173792999,0.3283657357250586,0.2331355917965877,0.1912114540157591,0.24728721846259466,5.968558380418558,0.04598585330778846,27.77793540366983,0.0,2.641696701801927e-16,0.21631171421565493,0.21631171421565465,0.21631171421565465,1.9686530289197792e-15,0,7.411446905159166,9.501554707702851,9.954185664117714e-17,0,0.8357477914369582,0.4992788400265396,0.0,0,0.0,0.0,0.0,0.0,0.0,0.0,0.0,0.0,0.0,0.0,6.216949755949837e-14,22.502388689768086,51.895546552317285,56.39730612096869
118,-830.2581736180384,0.3283657357250586,0.23313559179658763,0.1912114540157591,0.24728721846259466,5.968558380418558,0.04598585330778846,27.77793540366983,0.0,3.059023205018258e-07,0.216311714215655,0.216311714215655,0.216311714215655,2.2796543198874093e-06,0,7.411446905159178,9.501554707702867,1.1526714975578334e-07,0,0.8357477914369597,0.49927884002654044,0.0,0,0.0,0.0,0.0,0.0,0.0,0.0,0.0,0.0,0.0,0.0,7.210530699078086e-05,22.502375389422845,51.89551818959963,56.39726927275302
