183,-1587.1892796006414,0.30892531876138435,0.22695810564663021,0.21675774134790532,0.24735883424408012,1.2,0.9,1.0,0.0,0.144,0.84,0.21599999999999997,0.21599999999999997,1.3417334442489441,0,11.218487567654655,11.015099425242509,0.2659996622166035,0,1.6027328079617418,1.4637194620266905,0.0,0,0.0,0.0,0.0,0.0,0.0,0.0,0.0,0.0,0.0,0.0,12.241010805834613,56.42718832748646,61.76029894733806,59.671118264816684
183,-1489.0145313594244,0.22808551270222038,0.2887852510752875,0.159181508893313,0.3239477273291791,1.5944617361494342,0.5797866377652903,1.046119700220673,0.0,0.062189359069631335,0.3871442300976048,0.09383206277524034,0.09383206277524034,0.5794551593064636,0,4.8733973596825235,4.785043984929949,0.1148774201804792,0,0.6962394696694602,0.6358510020658771,0.0,0,0.0,0.0,0.0,0.0,0.0,0.0,0.0,0.0,0.0,0.0,10.53254775456147,40.77278472594941,59.47959900822872,56.70840961893737
183,-1422.752193098474,0.3015113336852995,0.24253415993776037,0.18013388495792665,0.2758206214190136,2.0521197150350368,0.39278177904512185,1.0872468736049075,0.0,0.03645973476139628,0.2774963402371903,0.09718338930612747,0.09718338930612747,0.3397169826236888,0,5.047456688487656,4.955947665227055,0.067349146743322,0,0.7211065112493,0.6585611958939599,0.0,0,0.0,0.0,0.0,0.0,0.0,0.0,0.0,0.0,0.0,0.0,9.20489438856507,39.12546313959909,60.40812822112841,57.152091108488236
183,-1362.867481393113,0.33549719224005425,0.21662156098081908,0.19182503350745161,0.25605621327167505,3.601700698053859,0.16465825065650777,1.198290458759069,0.0,3.059023205018258e-07,0.15167853417438185,0.14269298877937306,0.14269298877937306,2.850273431185133e-06,0,7.411108891726307,7.276747493934297,5.650688466997282e-07,0,1.0587904378834163,0.9669560406070581,0.0,0,0.0,0.0,0.0,0.0,0.0,0.0,0.0,0.0,0.0,0.0,0.0005458912803360714,38.33746424899694,70.58405953415192,65.35531605174904
183,-1346.9812956446704,0.3185420229064812,0.2373279212180005,0.16171034966205516,0.28241970621346313,4.473502012075172,0.11621297892738341,1.27816775592496,0.0,0.020791811700280775,0.17207472274940028,0.1512829110491195,0.1512829110491195,0.1937296466999529,0,7.857247485199781,7.714797715491529,0.03840704784129105,0,1.1225281704739896,1.0251654684011524,0.0,0,0.0,0.0,0.0,0.0,0.0,0.0,0.0,0.0,0.0,0.0,7.4500513193704645,37.90747891038012,66.72814879361255,63.34845938248803
183,-1339.4861259987306,0.30284410009884605,0.23183145770036498,0.1849050375697606,0.28041940463102843,5.2291836936411515,0.08948037480984992,1.3582626880685449,0.0,0.02553773926714774,0.19998241673259473,0.174444677465447,0.174444677465447,0.23795026989751145,0,9.060210395322425,8.895951233732688,0.04717381957525688,0,1.2943898506860014,1.182120691912702,0.0,0,0.0,0.0,0.0,0.0,0.0,0.0,0.0,0.0,0.0,0.0,7.952487824565779,39.46425654548814,69.06028759593184,65.65377088331272
183,-1336.9005981172068,0.31860331013947246,0.22545699789240173,0.1788074563161186,0.2771322356520071,6.127626837984281,0.0675063851500023,1.4797673995125695,0.0,0.0196762708157714,0.22754672110234772,0.20787045028657633,0.20787045028657633,0.18333549035847183,0,10.796259547327464,10.600526284613744,0.03634639854637227,0,1.5424110670373896,1.4086297391884883,0.0,0,0.0,0.0,0.0,0.0,0.0,0.0,0.0,0.0,0.0,0.0,6.349285127291029,41.828410161654034,74.05307908777127,70.4028900980887
183,-1336.18552155431,0.31151512922645097,0.2256911816479736,0.1856117286612713,0.2771819604643041,6.236188825395209,0.0641627265947725,1.5482091303259418,0.0,0.016482211387996347,0.22737352891130833,0.2032344480643427,0.2032344480643427,0.15357454343371882,0,10.5554774487453,10.364109500291761,0.030446268484650586,0,1.508011655651476,1.3772139675279218,0.0,0,0.0,0.0,0.0,0.0,0.0,0.0,0.0,0.0,0.0,0.0,5.719382362157324,42.09001173181325,73.8467124023789,70.05890414703904
183,-1335.5544281166308,0.30992860461822463,0.22513579390982966,0.18915525312910753,0.27578034834283816,6.298345420063048,0.06045371352037079,1.67952791154703,0.0,0.01273426034574571,0.23046753328125702,0.1963620392907447,0.1963620392907447,0.11865265967819544,0,10.198542113622846,10.01364530616171,0.02352297882324061,0,1.457017975044209,1.3306432338570033,0.0,0,0.0,0.0,0.0,0.0,0.0,0.0,0.0,0.0,0.0,0.0,4.940930397520328,42.661494069847336,73.54289802511455,69.58270364510935
183,-1334.5946095967897,0.3101139478208236,0.2243960825546644,0.19147604925933784,0.2740139203651742,6.23393824684026,0.05643103359097229,1.97056077457139,0.0,0.01144186776667528,0.24073868909432952,0.18666075992090056,0.18666075992090056,0.10661067116126527,0,9.6946824747296,9.518920506111305,0.021135645562935197,0,1.3850339068717479,1.2649027180227492,0.0,0,0.0,0.0,0.0,0.0,0.0,0.0,0.0,0.0,0.0,0.0,4.762285224824051,43.62073976993622,72.69549179540084,68.68320681456912
183,-1332.1891245676125,0.3087921110986044,0.22580065832743776,0.19119572351595085,0.274211507058007,5.875976301285356,0.048920802421267603,3.166988470472645,0.0,0.008481782754930334,0.26409505823164975,0.17429625859440326,0.17429625859440326,0.07902980270238871,0,9.052501898750158,8.88838249011635,0.01566771769309779,0,1.2932885738621938,1.1811149345512264,0.0,0,0.0,0.0,0.0,0.0,0.0,0.0,0.0,0.0,0.0,0.0,4.222659496851055,45.623109347885894,71.95003420723245,67.8880433577795
183,-1328.6970762061214,0.31525678089145237,0.22049173726765697,0.19560034591840547,0.2686511359224852,5.063992048042728,0.03740725750112272,9.89827650128736,0.0,0.015592004362647733,0.2950584365309811,0.14975206233690677,0.14975206233690677,0.14527995636277713,0,7.777739118320527,7.6367308137784375,0.028801860373222955,0,1.1111691822559833,1.014791704264651,0.0,0,0.0,0.0,0.0,0.0,0.0,0.0,0.0,0.0,0.0,0.0,6.843117230580392,47.78529022531339,69.2223160431509,65.81334792445912
183,-1325.892612593661,0.30545826087111905,0.23144319144067493,0.1846122677304629,0.2784862799577431,4.629717885219289,0.03771952827482607,16.23765095858999,0.0,0.009826886551173487,0.29262778727370964,0.16098269390330056,0.16098269390330056,0.09156293290659466,0,8.36102939889691,8.20944619948258,0.018152420161479384,0,1.194501134411493,1.090895843128456,0.0,0,0.0,0.0,0.0,0.0,0.0,0.0,0.0,0.0,0.0,0.0,5.107715403369859,47.44877149853306,71.44653145849671,67.95218211965506
183,-1322.4779382518873,0.3048965033845806,0.23542753408611847,0.1781027895951543,0.2815731729341467,4.393989417459682,0.050130646123228186,14.635598946776708,0.0,0.011398242471636087,0.25789170704126163,0.18227024180247012,0.18227024180247012,0.10620418840175615,0,9.466650192659348,9.295022387579639,0.02105506005082044,0,1.3524560020923084,1.2351504642341962,0.0,0,0.0,0.0,0.0,0.0,0.0,0.0,0.0,0.0,0.0,0.0,5.228586712413842,44.09870508226183,73.92996550299327,70.56059010046334
183,-1320.2788528117776,0.3102182854891333,0.2277364253640706,0.18045437183148158,0.28159091731531455,4.230326045364474,0.0633231026941779,21.730324528558718,0.0,0.019871846441205043,0.2204205575877282,0.19715585402792557,0.19715585402792557,0.1851577845079456,0,10.239770820845461,10.054126548084255,0.036707669729033034,0,1.4629081274642244,1.336022502746148,0.0,0,0.0,0.0,0.0,0.0,0.0,0.0,0.0,0.0,0.0,0.0,7.256078186750571,40.526081268291534,76.66010301699072,73.764464841103
183,-1319.1864403266588,0.3054737413820249,0.23293274075645246,0.18112791540488435,0.2804656024566384,4.651363295538455,0.0687036350939131,22.019152881334424,0.0,0.024938453875983237,0.21591499768907044,0.19097654381308718,0.19097654381308718,0.23236637231435014,0,9.918833252225804,9.73900749069601,0.04606680768899922,0,1.4170572792610086,1.2941485368972625,0.0,0,0.0,0.0,0.0,0.0,0.0,0.0,0.0,0.0,0.0,0.0,8.756678070005353,40.04238480317072,75.67255041613268,72.97611742028518
183,-1317.6549316430278,0.30950624909354957,0.22973326295222718,0.18845677635008637,0.27230371160413697,5.860077149461923,0.0804968189657715,27.02149286123162,0.0,0.02955014194555831,0.21267973763055664,0.18312959568499831,0.18312959568499831,0.27533620646291074,0,9.511282835471192,9.338845852660732,0.05458560955535554,0,1.3588324588570178,1.2409738577648664,0.0,0,0.0,0.0,0.0,0.0,0.0,0.0,0.0,0.0,0.0,0.0,10.215631498854261,39.742530909486774,75.60058517374769,73.09439980865596
183,-1317.1883763997487,0.31266277619687627,0.22548593266467562,0.18385515811447317,0.27799613302397486,6.5856259762803635,0.08853745634729826,33.99762182192744,0.0,0.028523699770988988,0.2099599822062074,0.18135863038979091,0.18135863038979091,0.2657722356698047,0,9.419303427383081,9.248534006339606,0.0526895451684089,0,1.3456917913552098,1.2289729486483436,0.0,0,0.0,0.0,0.0,0.0,0.0,0.0,0.0,0.0,0.0,0.0,10.120251274864536,39.62390798862836,76.4739895181824,73.91682974409177
183,-1316.9593039080119,0.31205353983304707,0.22645425252576856,0.1887477337728235,0.27274447386836087,7.049890406874757,0.09365908058961715,40.06807340676618,0.0,0.022026164210825396,0.21235296113857416,0.19032679692774873,0.19032679692774873,0.20523084145960824,0,9.88508706076612,9.705873108551357,0.04068716833338192,0,1.4122361188443284,1.289745540779387,0.0,0,0.0,0.0,0.0,0.0,0.0,0.0,0.0,0.0,0.0,0.0,8.183502438409246,40.03969633257124,78.90129363312542,76.1691480103041
183,-1316.875487187749,0.31321013331670405,0.22787524307166163,0.18485315017659107,0.2740614734350433,7.0074494835188945,0.090833981781414,39.63934262706015,0.0,0.019338815321191475,0.21848844912221932,0.18987939031926346,0.18987939031926346,0.18019121728192006,0,9.861849905789366,9.683057236903322,0.03572304404934867,0,1.4089163352798921,1.2867136992966126,0.0,0,0.0,0.0,0.0,0.0,0.0,0.0,0.0,0.0,0.0,0.0,7.391549613088836,40.665207917905946,78.86301169423334,76.01484487051025
183,-1316.8657809883293,0.31154283479287626,0.22798490001544183,0.18477464653512435,0.2756976186565576,6.938072266314357,0.090668652549125,39.18225440033125,0.0,0.018642574046210815,0.21923010722688685,0.19025879270148702,0.19025879270148702,0.1737039241992251,0,9.881555095178781,9.702405176543905,0.03443693332736178,0,1.4117315234530798,1.2892847115688344,0.0,0,0.0,0.0,0.0,0.0,0.0,0.0,0.0,0.0,0.0,0.0,7.178227475793695,40.73742163491772,78.92117883799615,76.03188676873022
183,-1316.862683231509,0.31155104228792924,0.2279532329261934,0.18478535324695933,0.2757103715389181,6.910187166016261,0.0908334398848417,39.151319344009046,0.0,0.018512871007623923,0.21970477352086215,0.19012967307950077,0.19012967307950077,0.17249540402774768,0,9.874848952243628,9.695820614164608,0.034197343296441085,0,1.4107734482016494,1.2884097351631363,0.0,0,0.0,0.0,0.0,0.0,0.0,0.0,0.0,0.0,0.0,0.0,7.138091419285365,40.76948281921058,78.91499177057126,76.0180916717687
183,-1316.8546245741145,0.31124484621842435,0.22835361716619848,0.1849546954526766,0.27544684116270063,6.822558156544042,0.09267298274713212,40.050419676376066,0.0,0.018430699935495072,0.22300333987802803,0.1894245553079953,0.1894245553079953,0.17172976739146248,0,9.838226938570635,9.659862547684801,0.034045555258731014,0,1.4055414325263313,1.2836315193984444,0.0,0,0.0,0.0,0.0,0.0,0.0,0.0,0.0,0.0,0.0,0.0,7.0872312449795185,40.947948380235204,78.93067086589642,76.01799077773475
183,-1316.8550216413842,0.31217943089704114,0.22750547546199587,0.1850667507123438,0.27524834292861916,6.83552980386976,0.09297348471121737,39.768721657008655,0.0,0.017947710153931123,0.22281516702194443,0.189724702902107,0.189724702902107,0.16722946500844274,0,9.85381583696417,9.675168823570855,0.033153366934077666,0,1.4077685454722277,1.285665463264101,0.0,0,0.0,0.0,0.0,0.0,0.0,0.0,0.0,0.0,0.0,0.0,6.950381511835333,40.95784992649574,79.03743687329032,76.10390809821055
183,-1316.85398209138,0.311656011992708,0.2279800238742611,0.18500410850898405,0.2753598556240468,6.828266722802027,0.09280517820410768,39.926138966115424,0.0,0.0182180713401328,0.22292046511672356,0.18955665604087027,0.18955665604087027,0.16974858060256498,0,9.845087912780988,9.666599134290196,0.03365278349106465,0,1.4065216277973245,1.2845266972394493,0.0,0,0.0,0.0,0.0,0.0,0.0,0.0,0.0,0.0,0.0,0.0,7.027093638862804,40.95229268136798,78.97753543543462,76.05570325733937
183,-1316.8538932165497,0.31166674968712155,0.22802546097052911,0.1849576153260254,0.2753501740163239,6.83047225529196,0.09279652529378894,39.942546159065074,0.0,0.01819630806462826,0.22266950035124142,0.18975230514890704,0.18975230514890704,0.16954579925117022,0,9.85524942706864,9.676576423074849,0.03361258193597483,0,1.4079733557801901,1.285852509309642,0.0,0,0.0,0.0,0.0,0.0,0.0,0.0,0.0,0.0,0.0,0.0,7.017721515454967,40.93560395834802,79.01085544099195,76.08982569360887
183,-1316.8538887995915,0.31167060526684504,0.2280228293223924,0.18495317250206872,0.2753533929086939,6.83117968659433,0.092819380539052,39.973084061666945,0.0,0.018197279023181117,0.22266104030925643,0.18979216229255158,0.18979216229255158,0.16955484624813794,0,9.857319505172615,9.678608971223232,0.03361437550991293,0,1.4082690981494066,1.286122600406185,0.0,0,0.0,0.0,0.0,0.0,0.0,0.0,0.0,0.0,0.0,0.0,7.016789089302538,40.934238070631906,79.02023026663923,76.0992796602213
183,-1316.8538884914678,0.31167238270727676,0.2280199944349464,0.1849531547400606,0.2753544681177162,6.831173228139685,0.09282337048396835,39.983944816805646,0.0,0.01819668774528792,0.22267763560807438,0.1897988293785187,0.1897988293785187,0.1695493369611647,0,9.857665776566295,9.67894896481029,0.03361328328963608,0,1.408318568322615,1.2861677797741715,0.0,0,0.0,0.0,0.0,0.0,0.0,0.0,0.0,0.0,0.0,0.0,7.016215144299837,40.93520453597103,79.02226154558045,76.10120970138172
