-6.880546025726841375e-01
-8.200255127928346432e-01
-4.869997604216034781e-01
7.125991197990062531e-01
-2.078413755773050653e+00
-1.053605156578262814e-01
3.364722366212128946e-01
-1.587706789559736764e+00
-7.050590796246325453e-01
-6.100484896454869688e-01
-1.356216574465039182e+00
-3.466615435110510290e+00
-3.649065527374622420e+00
-8.963441123811738409e-01
-6.473598908131787955e-01
-1.400286096658349022e+00
-1.204848508506795923e+00
-3.055762252791379474e+00
-1.110937652602281611e+00
-1.786232091692945945e+00
-1.831854520794022667e+00
-1.022588705372471596e+00
-1.141619509402913124e+00
