-6.808377887654407656e-01
-8.107290978819655658e-01
-4.450005605480233384e-01
7.388841997117258087e-01
-2.382979648697049146e+00
-2.724982292632363468e+00
-1.343667930341881256e+00
-8.539392044434831464e-01
-5.656659295587349590e-01
-7.773797522135860172e-01
-2.605573028291090054e+00
-3.161859751634026328e+00
-3.153634875723731468e-01
-1.435816674782209451e-02
-1.041630448367820039e+00
-1.275226160735582148e+00
-2.264064621182456438e+00
-1.463355565612795228e+00
-2.143775619941272748e+00
-1.546583418475514060e+00
-4.856850648645112400e-01
-8.001492856557737010e-01
