-6.640415278911148134e-01
-8.200654619177071281e-01
-6.572382536048166912e-01
5.725494357657825439e-01
-2.252567394348779395e+00
-1.053605156578262814e-01
3.364722366212128946e-01
-2.287049958581869546e+00
-1.585365429628265987e-01
-9.263682255409632083e-01
-1.530509761002279090e+00
-2.639389510366818570e+00
-4.062135298792275862e+00
-8.124884929360187691e-01
-7.993416642301706121e-01
-1.505892145917117286e+00
-1.376873336931066172e+00
-2.850357500363951857e+00
-1.533968597471418116e+00
-1.684967571576726497e+00
-2.194259995290972931e+00
-8.838171423769651813e-01
-9.973684527319094384e-01
