183,-1585.702208713261,0.30892531876138435,0.22695810564663021,0.21675774134790532,0.24735883424408012,1.2,0.9,0.0,0.14399999999999996,0.84,0.21600000000000003,0.21600000000000003,1.5860151528514026,0,11.617165672558516,11.399025170013557,0.15157746513957687,0,1.4018516089829534,1.2719632759213255,0.0,0,0.0,0.0,0.0,0.0,0.0,0.0,0.0,0.0,0.0,0.0,13.117983855814426,56.716687419217905,60.70584942983829,58.80523957354882
183,-1494.8300463787875,0.2278748319079937,0.2868594122495078,0.15901557424464594,0.3262501815978525,1.6042691232351867,0.605073096411252,0.0,0.06085074380557567,0.37935246972602954,0.09182427988125956,0.09182427988125956,0.6702097342911226,0,4.938601259925806,4.845867025855774,0.06405278817990952,0,0.5959445115520589,0.5407273696614979,0.0,0,0.0,0.0,0.0,0.0,0.0,0.0,0.0,0.0,0.0,0.0,11.30747132487301,40.96534174725484,58.45219193119671,55.75453055565436
183,-1436.1785918536295,0.30316426751875336,0.23982111896416822,0.18083258932279667,0.2761820241942818,2.031350947807026,0.4372737744876228,0.0,0.03782876596754422,0.2826209865663484,0.09683003319788311,0.09683003319788311,0.4166458058207958,0,5.207826563607171,5.110036970536656,0.03981936426887949,0,0.6284321196126167,0.5702048436756948,0.0,0,0.0,0.0,0.0,0.0,0.0,0.0,0.0,0.0,0.0,0.0,10.074499589685866,39.34469764416833,59.478718077491216,56.106641401519795
183,-1385.6189919327967,0.3459175633114039,0.21081493973388263,0.19431654081023797,0.24895095614447552,3.3608594708909405,0.2185018407849343,0.0,3.059023205018258e-07,0.1696575017311219,0.1428292548821532,0.1428292548821532,3.369206358390987e-06,0,7.681810726176208,7.53756607137012,3.219992939026471e-07,0,0.9269695405851054,0.8410813284134515,0.0,0,0.0,0.0,0.0,0.0,0.0,0.0,0.0,0.0,0.0,0.0,0.0002599983279982359,38.63633890100961,69.4819228083331,64.27156567272218
183,-1369.8020405352809,0.3131809390364724,0.24063734738547482,0.16375315080179398,0.28242856277625883,4.455529601074794,0.14626496690939214,0.0,0.006475300477096867,0.16118638970728344,0.15471108923018656,0.15471108923018656,0.07131892136070521,0,8.320853495227132,8.164609260255137,0.006816039113440528,0,1.004083284096492,0.9110501105490026,0.0,0,0.0,0.0,0.0,0.0,0.0,0.0,0.0,0.0,0.0,0.0,3.259995588309654,38.340446597473345,68.92201178923645,63.9908426137955
183,-1364.260292194092,0.30263252696985754,0.23618315476507915,0.18182475817636154,0.2793595600887018,4.851194482956002,0.12866734751752668,0.0,0.011739042558168048,0.18298778827096576,0.17124874571279772,0.17124874571279772,0.12929374567515292,0,9.210301158163961,9.037355382932557,0.012356766070366159,0,1.111413563489806,1.008435720343834,0.0,0,0.0,0.0,0.0,0.0,0.0,0.0,0.0,0.0,0.0,0.0,4.6572391724647915,39.08989079739625,69.50053690370729,64.67131261039083
183,-1361.751881530885,0.3160842890442524,0.2270272388276361,0.1816425157993882,0.2752459563287234,5.598200395346449,0.10325286255332841,0.0,0.014470205910233012,0.2165387922950212,0.20206858638478822,0.20206858638478822,0.159374762767427,0,10.867890024313827,10.663818991987313,0.015231646749450305,0,1.3114359858723437,1.1899250976795672,0.0,0,0.0,0.0,0.0,0.0,0.0,0.0,0.0,0.0,0.0,0.0,4.77936636997982,41.00440800297134,72.90037946825083,68.01774286152133
183,-1361.4279525640932,0.30853218428706447,0.226882168709188,0.18791703985897096,0.27666860714477653,5.775246209663943,0.0978207193866839,0.0,0.012672784091211751,0.2171326484466187,0.1956030338823458,0.1956030338823458,0.13957796942691691,0,10.520152086417998,10.322610678499418,0.01333964228338218,0,1.2694742026384886,1.151851276653419,0.0,0,0.0,0.0,0.0,0.0,0.0,0.0,0.0,0.0,0.0,0.0,4.412354017042439,41.31810204145679,72.672776930873,67.67591151418469
183,-1361.3534766401858,0.31060818502095405,0.22680703126881943,0.18644802123336304,0.2761367624768634,5.796816282322863,0.09664039201372976,0.0,0.012110487736960667,0.2194946646136264,0.1932807802470218,0.1932807802470218,0.13338484068917164,0,10.395253914125128,10.200057772757688,0.012747757172030758,0,1.2544026517350375,1.1381761778501465,0.0,0,0.0,0.0,0.0,0.0,0.0,0.0,0.0,0.0,0.0,0.0,4.287945196834914,41.55321291642805,72.55961935193122,67.53555716519395
183,-1361.2969133716779,0.3128018984595006,0.2268604933058241,0.18491677843265325,0.27542082980202204,5.7984074134789365,0.09501850452151969,0.0,0.01091480534084012,0.22732278652594787,0.19150391658484214,0.19150391658484214,0.12021560181247119,0,10.29968854587934,10.106286876420333,0.011489156430947646,0,1.2428707110694361,1.1277127272732408,0.0,0,0.0,0.0,0.0,0.0,0.0,0.0,0.0,0.0,0.0,0.0,3.9541164452201985,42.159458820322,72.59084889407843,67.49855111472348
183,-1361.285897887268,0.312481720992436,0.22711905759485687,0.18484140271353675,0.27555781869917034,5.758628037242857,0.09485165896780344,0.0,0.010125343511964254,0.23077619302811422,0.19188777608838678,0.19188777608838678,0.1115204738736177,0,10.320333728507414,10.126544395599288,0.010658152105631964,0,1.2453619798780817,1.1299731679751954,0.0,0,0.0,0.0,0.0,0.0,0.0,0.0,0.0,0.0,0.0,0.0,3.705460513334309,42.40075579502842,72.73531501244379,67.6040281071177
183,-1361.2770737198387,0.31224711980813574,0.22709782921912214,0.18505628515797187,0.2755987658147703,5.678126645665432,0.0944607351508386,0.0,0.009845631355032644,0.23258812234822385,0.19208093582863353,0.19208093582863353,0.10843972582271295,0,10.330722472506094,10.136738065696075,0.010363721135379068,0,1.2466155969737096,1.1311106313825119,0.0,0,0.0,0.0,0.0,0.0,0.0,0.0,0.0,0.0,0.0,0.0,3.6105910173909317,42.510230851734995,72.77586103865224,67.62906670956248
183,-1361.271094762244,0.3117307229927502,0.227587093505705,0.18513712072701297,0.27554506277453183,5.58206937167026,0.09363257103486117,0.0,0.009550928093213756,0.23190142646912357,0.19266774625121044,0.19266774625121044,0.10519386583077205,0,10.36228299980915,10.167705967441355,0.010053510209025791,0,1.250424028154531,1.1345661929910569,0.0,0,0.0,0.0,0.0,0.0,0.0,0.0,0.0,0.0,0.0,0.0,3.507411718570427,42.46348190134616,72.86770718817195,67.71866104206786
183,-1361.2719734122206,0.31200250479961317,0.22642395946809776,0.18503502309884098,0.276538512633448,5.54047223488418,0.09304910214503201,0.0,0.009866851906959578,0.23128073377073335,0.19236935586805085,0.19236935586805085,0.1086734488567962,0,10.346234617789413,10.151958932774104,0.01038605834003148,0,1.248487458530747,1.1328090559111166,0.0,0,0.0,0.0,0.0,0.0,0.0,0.0,0.0,0.0,0.0,0.0,3.6071512195795217,42.412253440381704,72.80609079939705,67.65741747752281
183,-1361.2702592875535,0.31184231744787216,0.22710866937125024,0.18509521000642337,0.2759538031744542,5.56494741084426,0.09339249391552189,0.0,0.009680736495411697,0.23164640135821402,0.1925451387951953,0.1925451387951953,0.1066235748089204,0,10.355688781618323,10.161235571713819,0.010190149296240946,0,1.2496282991754193,1.133844192151217,0.0,0,0.0,0.0,0.0,0.0,0.0,0.0,0.0,0.0,0.0,0.0,3.5484767085160804,42.442429838451986,72.84229072658175,67.69337611328119
183,-1361.2698897348128,0.3118750576592464,0.22721898864593254,0.18509096394932062,0.2758149897455005,5.562000450454037,0.0932021671269312,0.0,0.009836994423922059,0.23115074424708384,0.19250094648747054,0.19250094648747054,0.10834459871427182,0,10.353311979024381,10.158903399361618,0.010354629717849015,0,1.249341488723157,1.133583956074809,0.0,0,0.0,0.0,0.0,0.0,0.0,0.0,0.0,0.0,0.0,0.0,3.5964072027381833,42.408268781399464,72.81569319224494,67.6755205188412
183,-1361.2698756605107,0.31183103920597655,0.22728070181799617,0.1850145917457059,0.27587366723032136,5.5655304465334945,0.09314382469168306,0.0,0.009886495629983701,0.2309737291240556,0.19249576068117719,0.19249576068117719,0.10888980470662032,0,10.353033069900048,10.15862972743354,0.010406735741016901,0,1.2493078325616005,1.1335534183194331,0.0,0,0.0,0.0,0.0,0.0,0.0,0.0,0.0,0.0,0.0,0.0,3.611640654027613,42.39729348364908,72.81066479705221,67.67275879294368
183,-1361.26986029852,0.3118904319255847,0.22724416809417755,0.18506153453273416,0.2758038654475036,5.565179097077309,0.09315256045273629,0.0,0.00988394415402551,0.23092718871398146,0.19247062788243124,0.19247062788243124,0.10886170276542709,0,10.351681348201685,10.157303387593272,0.010404050003113379,0,1.2491447193469698,1.1334054183332019,0.0,0,0.0,0.0,0.0,0.0,0.0,0.0,0.0,0.0,0.0,0.0,3.611423090285917,42.394540321138805,72.80805308170264,67.67046847131468
183,-1361.2698598820507,0.3118890318322106,0.22724434064608612,0.18505615974025363,0.2758104677814496,5.565152842817209,0.09315395377171808,0.0,0.009877342973214038,0.23093977312273045,0.192474518629339,0.192474518629339,0.10878899739880413,0,10.351890604921211,10.157508715009623,0.010397101459680525,0,1.2491699705035104,1.1334283298479362,0.0,0,0.0,0.0,0.0,0.0,0.0,0.0,0.0,0.0,0.0,0.0,3.609364738115279,42.395550182386245,72.80952246636465,67.67163503730697
