159,-1325.0505056278396,0.3048218029350105,0.21635220125786164,0.21844863731656183,0.26037735849056604,1.2,0.9,0.0,0.144,0.84,0.21599999999999997,0.21599999999999997,1.154615743339626,0,7.969161835797243,7.9560994038978325,0.09635301210241837,0,1.440716989309219,0.7641812307889371,0.0,0,0.0,0.0,0.0,0.0,0.0,0.0,0.0,0.0,0.0,0.0,9.501537413396994,38.47646920595368,54.94565787203193,40.46316210373445
159,-1236.152017432526,0.2304774602789423,0.2668744330836112,0.16419548385211583,0.33845262278533067,1.5230112278287926,0.6528424070782827,0.0,0.05727768763713231,0.3588410622082897,0.08647131068729941,0.08647131068729941,0.459261943666128,0,3.1902956899101516,3.1850664046920705,0.0383255397923552,0,0.5767624370140191,0.3059247806895974,0.0,0,0.0,0.0,0.0,0.0,0.0,0.0,0.0,0.0,0.0,0.0,7.87927119644076,24.511235534633386,53.40555717024206,37.36469001683602
159,-1189.9704980481183,0.31167306774865433,0.21869202441623994,0.18388857809161677,0.28574632974348896,1.894982425209969,0.48745100386359425,0.0,0.03382630663488068,0.2524791306966981,0.08679214758762586,0.08679214758762586,0.27122490402546445,0,3.2021327324175455,3.1968840448376064,0.022633795365074812,0,0.5789024146672489,0.3070598618811436,0.0,0,0.0,0.0,0.0,0.0,0.0,0.0,0.0,0.0,0.0,0.0,7.12557226734318,22.878615188923067,53.71420605828341,37.60876639539407
159,-1150.3838836706934,0.3463233176027807,0.1952834134887918,0.19073782204994183,0.2676554468584857,2.9049560784284916,0.2745974983886972,0.0,3.059023205018258e-07,0.14125246780322265,0.11500029691089185,0.11500029691089185,2.4527752442745285e-06,0,4.24285174651681,4.235897193059354,2.0468479159354364e-07,0,0.7670503774774371,0.40685679830767846,0.0,0,0.0,0.0,0.0,0.0,0.0,0.0,0.0,0.0,0.0,0.0,0.0003108963522740959,22.524152531742686,60.24564762563528,43.617720447162895
159,-1132.722382552668,0.314400876635456,0.21606750932548066,0.16762956423420394,0.3019020498048594,4.205451722539699,0.16568963877777515,0.0,0.0041824598911080054,0.1162068178077788,0.11202435791667081,0.11202435791667081,0.03353565302888779,0,4.1330566564315925,4.126282070568807,0.0027985597812903405,0,0.747200905865761,0.39632829495880517,0.0,0,0.0,0.0,0.0,0.0,0.0,0.0,0.0,0.0,0.0,0.0,2.349435406973585,22.081094116592965,58.891503457356656,42.46749169018344
159,-1125.9562093264833,0.30160523688438223,0.21396319398321673,0.18782681277393187,0.29660475635846917,4.756565252884009,0.1391092201871487,0.0,0.007305992943234595,0.13272465596977065,0.12541866302653606,0.12541866302653606,0.05858065606240885,0,4.6272297355916026,4.619645139551328,0.004888572406108793,0,0.8365407342536043,0.44371568646074677,0.0,0,0.0,0.0,0.0,0.0,0.0,0.0,0.0,0.0,0.0,0.0,3.017801974113418,22.542703658761095,59.030713550920325,42.924186742119645
159,-1120.70388908192,0.3153767333762076,0.21554253945131158,0.17967648521586327,0.28940424195661757,6.150021954225136,0.09567787741158892,0.0,0.005579145895015258,0.1856765391003678,0.1800973932053525,0.1800973932053525,0.04473451169981434,0,6.64456144749382,6.633670197799346,0.003733107721830298,0,1.2012471024132134,0.6371622574145623,0.0,0,0.0,0.0,0.0,0.0,0.0,0.0,0.0,0.0,0.0,0.0,1.5511023841545626,25.036627752420348,63.484172154715175,48.29153632611728
159,-1120.2257202416295,0.30152873894864934,0.21644325258112312,0.19236955124070387,0.28965845722952377,6.234026279863535,0.09282574764805938,0.0,3.059023205018258e-07,0.1731254464537918,0.1731254464537918,0.1731254464537918,2.4527752442745285e-06,0,6.3873365772449855,6.376866950604441,2.0468479159354364e-07,0,1.1547443147579692,0.6124963738515873,0.0,0,0.0,0.0,0.0,0.0,0.0,0.0,0.0,0.0,0.0,0.0,0.00010428231843080907,24.7161199685822,64.1829690572421,48.7760361204191
159,-1120.1464459260824,0.3075401592101884,0.21512051919531666,0.18797177084335034,0.2893675507511447,6.173651582991835,0.09401228268410966,0.0,0.0018942637333493775,0.1730418495355753,0.17114758580222592,0.17114758580222592,0.015188518948350601,0,6.314364856777468,6.304014839720569,0.0012674862251707275,0,1.1415520117802047,0.6054989479856492,0.0,0,0.0,0.0,0.0,0.0,0.0,0.0,0.0,0.0,0.0,0.0,0.6195759528674134,24.63955015843034,63.60534836719026,48.21260078109705
159,-1120.135611941803,0.3086438847720678,0.21468513537285866,0.18755351621343871,0.2891174636416347,6.189958396665775,0.0932986912149945,0.0,0.0011392404008104993,0.17282800250387553,0.17168876210306502,0.17168876210306502,0.009134617376557973,0,6.334331160125083,6.323948415852558,0.000762286417547625,0,1.1451616501636788,0.6074135626692095,0.0,0,0.0,0.0,0.0,0.0,0.0,0.0,0.0,0.0,0.0,0.0,0.3792544222322891,24.664537148058322,63.833611140842294,48.430664832261044
159,-1120.1294053683735,0.30889924318269885,0.21437835019434906,0.18761996888602658,0.28910243773692557,6.1980430215676385,0.09232198363831691,0.0,0.0003107950124076527,0.17266182537840558,0.17235103036599791,0.17235103036599791,0.002492005654703543,0,6.358765062745567,6.348342268315247,0.00020795858049920714,0,1.1495789702464922,0.6097565857075452,0.0,0,0.0,0.0,0.0,0.0,0.0,0.0,0.0,0.0,0.0,0.0,0.10547942399273741,24.69493944651967,64.09667507011402,48.68224171288005
159,-1120.1247114829184,0.30877537076442557,0.21434766618872955,0.1876583476802271,0.28921861536661775,6.171458514889851,0.0917459498184868,0.0,2.936771958986781e-05,0.17267640710193718,0.17264703938234732,0.17264703938234732,0.00023547521794753417,0,6.369686098653639,6.359245403308423,1.965047389627057e-05,0,1.1515533462596557,0.6108038289225384,0.0,0,0.0,0.0,0.0,0.0,0.0,0.0,0.0,0.0,0.0,0.0,0.010028183130517024,24.7069594073741,64.19135526842607,48.77109171603736
159,-1120.1106134642168,0.30833769377606834,0.21452095923688977,0.18777787816431482,0.2893634688227271,6.025879494023855,0.090009799986335,0.0,3.059023205018258e-07,0.17274822852451108,0.17274822852451108,0.17274822852451108,2.4527752442745285e-06,0,6.373419397958863,6.362972583279024,2.0468479159354364e-07,0,1.152228276427475,0.6111618235669882,0.0,0,0.0,0.0,0.0,0.0,0.0,0.0,0.0,0.0,0.0,0.0,0.00010449419151234145,24.710319362470287,64.20641227416942,48.77569369264134
159,-1120.140722040574,0.3072126773043499,0.21508037591619109,0.18814970415115279,0.28955724262830623,5.656773804486238,0.08668942147451801,0.0,0.0018776172332171245,0.17303940489508207,0.1711617876618649,0.1711617876618649,0.015055044565543626,0,6.314888823989654,6.304537948086347,0.0012563477499713811,0,1.1416467379860458,0.6055491924049937,0.0,0,0.0,0.0,0.0,0.0,0.0,0.0,0.0,0.0,0.0,0.0,0.6147864850174185,24.648401255086682,63.63634115996684,48.20456038434808
159,-1120.108001132924,0.3080428798921551,0.2146673110683751,0.18787547174597116,0.2894143372934987,5.927019536053001,0.0891287654567603,0.0,0.0004927395449724042,0.17282438193114816,0.17233164238617577,0.17233164238617577,0.003950866916605149,0,6.358049757426715,6.347628135469387,0.00032970096763934847,0,1.1494496526913156,0.6096879934377165,0.0,0,0.0,0.0,0.0,0.0,0.0,0.0,0.0,0.0,0.0,0.0,0.1664055899758879,24.694135541214813,64.05191035030157,48.6214054888312
159,-1120.1075459670597,0.30831805976469845,0.21461112451426972,0.1876638646971123,0.2894069510239195,5.929334183834504,0.08944718457595141,0.0,0.0004788910015147896,0.17279876007373843,0.17231986907222363,0.17231986907222363,0.003839827011754561,0,6.357615389629363,6.347194479654033,0.0003204346560048179,0,1.1493711248513558,0.6096463409120387,0.0,0,0.0,0.0,0.0,0.0,0.0,0.0,0.0,0.0,0.0,0.0,0.16184511947898778,24.690777283605996,64.05140138082912,48.619198411845176
159,-1120.1074843818678,0.30835373048562226,0.21461749482767423,0.1875912565869766,0.2894375180997269,5.927902587431847,0.08961012723279328,0.0,0.00047546161908736524,0.17283051727268053,0.17235505565359316,0.17235505565359316,0.003812329658000141,0,6.35891357278391,6.348490534927456,0.0003181399940150023,0,1.1496058188586467,0.6097708266761972,0.0,0,0.0,0.0,0.0,0.0,0.0,0.0,0.0,0.0,0.0,0.0,0.16067242596719444,24.690268267872078,64.05183018480488,48.61900717114317
159,-1120.1074800626827,0.308353718549367,0.21460258115583997,0.18763187206977439,0.28941182822501865,5.925093392161311,0.08965922136158254,0.0,0.00047616165166052004,0.17284755907383806,0.17237139742217752,0.17237139742217752,0.003817942634596079,0,6.359516490369706,6.349092464257515,0.00031860839850801116,0,1.1497148182273265,0.6098286418281882,0.0,0,0.0,0.0,0.0,0.0,0.0,0.0,0.0,0.0,0.0,0.0,0.16090487854008195,24.68989842161438,64.05113344423265,48.61798585749824
159,-1120.1074769366348,0.30831564398067524,0.21463181921147537,0.1876075340151293,0.28944500279272006,5.924243897395272,0.0896578652612766,0.0,0.00047661270387282185,0.1728513016023917,0.1723746888985189,0.1723746888985189,0.003821559245605745,0,6.359637926979165,6.349213701817503,0.00031891020572516905,0,1.1497367723286456,0.6098402866635663,0.0,0,0.0,0.0,0.0,0.0,0.0,0.0,0.0,0.0,0.0,0.0,0.161044182460756,24.68999607293105,64.0510941527004,48.61787767064207
159,-1120.1074766958423,0.308320371908225,0.21462726232482204,0.18761343934647798,0.2894389264204751,5.924511304077705,0.08965079463439389,0.0,0.00047628491534126974,0.17284864040950568,0.1723723554941644,0.1723723554941644,0.0038189309831125765,0,6.359551837734122,6.349127753683272,0.00031869087647275467,0,1.149721208554125,0.6098320313681425,0.0,0,0.0,0.0,0.0,0.0,0.0,0.0,0.0,0.0,0.0,0.0,0.16093816206529932,24.690003245127663,64.0511878139823,48.61800400492558
