-6.280633452016307627e-01
-9.676799948648532324e-01
-5.544246602070553864e-01
5.435142588288485177e-01
-2.902105256230694597e+00
-1.728031511291635569e+00
-2.344783196227928634e+00
-7.814344470760276051e-01
-1.498500096973656381e+00
-4.550149158093254598e-01
-1.276136565060232542e+00
-2.346994247409023071e+00
-3.267078998598069717e+00
-5.811418493628878190e-01
-1.072004750959528296e+00
-1.170556151569139391e+00
-1.555460813070680626e+00
-4.715681546771715915e+00
-1.954590320864669994e+00
-1.725661053695759062e+00
-1.772265855485413599e+00
-1.196851476564513517e+00
-4.102988766566499912e-01
