-7.375018844429608311e-01
-8.602850378602554526e-01
-4.506853116797862602e-01
8.287679911899633600e-01
-3.154830392639707437e+00
-3.192068418862860746e+00
-1.445480933417383707e+00
-8.211915626348688102e-01
-1.750939042401182144e+00
-7.144347967650329645e-01
-3.735595208235560349e-01
-3.464904892618097421e+00
-3.011731769919032686e+00
-5.053754502571002893e-01
-8.520249442910183824e-01
-1.588847325854731762e+00
-1.619800910387040327e+00
-2.766115497374336041e+00
-1.663991618278303219e+00
-2.316822816518245620e+00
-2.290329222578263657e+00
-1.263632822064283401e+00
-1.338543185399027502e+00
