-6.497717254835713163e-01
-7.735524537883452512e-01
-5.327380456449165580e-01
4.099213465510083143e-01
-2.008927807655434439e+00
-2.231435513142096816e-01
-2.022917035730347202e+00
-1.213153185137672674e+00
-7.383206556708180601e-01
-1.650838271878894092e+00
-1.189097072979062419e+00
-1.346850167430654777e+00
-3.338580759980209756e+00
-6.110168394599591046e-01
-5.957566484121921135e-01
-1.589513964001135760e+00
-1.407570764147868525e+00
-4.328847343350077814e+00
-6.920183846130333327e-01
-1.827388744492860040e+00
-1.229104905504796452e+00
-4.261706498626405826e-01
-5.496581876392531152e-01
