-6.972062249894001029e-01
-8.418737894987678994e-01
-5.532731760414498767e-01
6.380532840373320802e-01
-3.096249447164246327e+00
-1.509650898302338229e+00
-1.473829750756219914e+00
-4.319506355460061009e-01
-1.113172925671602087e+00
-1.424699559992042674e+00
-3.676303428828019193e+00
-3.364249832083496816e+00
-8.260374830182735106e-01
-9.646972167393271791e-01
-1.482144374370146789e+00
-1.472305537451284563e+00
-3.021656405966823389e+00
-1.738160390889219142e+00
-2.279393809475477983e+00
-2.177647676271490251e+00
-1.370432899993972331e+00
-1.098993160456721130e+00
