-7.233173134875870991e-01
-8.745055001737573885e-01
-4.039427549173252863e-01
6.560108672945784702e-01
-2.279552561035483205e+00
-1.175200628729806546e-01
3.364722366212128946e-01
-1.335204841352516825e+00
-6.048270539733656692e-01
-3.756838999746781038e-01
-1.830146720216905276e+00
-3.442668664574263016e+00
-3.124976208204624406e+00
-7.996395975015561097e-01
-9.145382689095192807e-01
-7.545678324500586509e-01
-1.231381741920657191e+00
-3.457714641481207885e+00
-1.464521882381935258e+00
-1.085074512787840728e+00
-8.050039367942825042e-01
