-6.815223794040068395e-01
-8.505572770056023524e-01
-5.353597832001312229e-01
6.227016661386711727e-01
-2.511002983386995790e+00
-1.152835134659084604e+00
3.364722366212128946e-01
-1.871591660006616920e+00
-1.292119123020649241e+00
-9.665913665140102307e-01
-4.353767735916943549e-01
-4.889829364271937706e+00
-2.931504282883911294e+00
-1.793445077820995825e+00
-1.042542700745835438e+00
-3.822592755964760336e+00
-8.680603352798462735e-01
-1.611887929242033834e+00
-1.634142332964529709e+00
-1.383079366547791123e-01
-9.299344872042353272e-01
