-6.961185081485855575e-01
-8.978004291097870793e-01
-5.202349716206304819e-01
6.651256734915872437e-01
-2.850334741279474837e+00
-2.231435513142097093e-01
3.364722366212128946e-01
-3.610099567724081027e+00
-1.628758309820432237e-01
-1.064633187471071052e+00
-1.402896325434117575e+00
-2.718475223249688266e+00
-2.845621358582932636e+00
-8.098306699170232381e-01
-8.533371719205691264e-01
-1.476986004017090570e+00
-1.541475568568480892e+00
-2.961617791165517044e+00
-1.688215228600388418e+00
-2.316494988492377338e+00
-1.810796192120018411e+00
-1.163918759956256377e+00
-1.227935845351051380e+00
