133,-1137.9332073121827,0.30776942355889725,0.19849624060150375,0.2370927318295739,0.2566416040100251,1.2,0.9,0.9,0.0,0.144,0.84,0.21599999999999997,0.21599999999999997,0.7247400252937127,0,4.495908090746031,6.889609041828428,0.09598362654312807,0,0.730562389026853,0.9959254346484865,0.0,0,0.0,0.0,0.0,0.0,0.0,0.0,0.0,0.0,0.0,0.0,6.416384685141285,43.816571805680944,31.947939532523886,51.30978979325248
133,-1071.3041685375524,0.22901383120216953,0.25144867052819464,0.17508989543573952,0.3444476028338963,1.5545615830829898,0.6125136247692325,0.956790503454809,0.0,0.058913390854239696,0.3758167510332007,0.08908771736192433,0.08908771736192433,0.29650619706833375,0,1.8543064318220897,2.84157195857671,0.039268895181546394,0,0.3013154427262801,0.4107626094236853,0.0,0,0.0,0.0,0.0,0.0,0.0,0.0,0.0,0.0,0.0,0.0,5.066780598327605,32.04345788174595,29.672462171477783,49.86970245914976
133,-1029.4470163333058,0.3038889693797128,0.20114091000516596,0.20957189838428053,0.2853982222308407,1.9282689104643203,0.4475893772075707,1.004692520770118,0.0,0.034770323366347465,0.28050527146126486,0.0898143981646863,0.0898143981646863,0.17499614608331412,0,1.8694318489541606,2.864750415193525,0.023176262033189548,0,0.3037732467231585,0.41411316449008073,0.0,0,0.0,0.0,0.0,0.0,0.0,0.0,0.0,0.0,0.0,0.0,4.410663438000087,30.840081764138798,29.734953378578197,50.35366521121287
133,-994.8565107843036,0.3514890886061509,0.17236954904054436,0.2203392290434016,0.2558021333099031,2.906941720855906,0.24561254602450772,1.1130296901316836,0.0,3.059023205018258e-07,0.18366398881616786,0.1183050246567623,0.1183050246567623,1.5395809409576296e-06,0,2.4624468404178077,3.773497072078541,2.0390009784530222e-07,0,0.4001351918848381,0.5454767736221571,0.0,0,0.0,0.0,0.0,0.0,0.0,0.0,0.0,0.0,0.0,0.0,0.00016678752054313865,30.51234733998372,33.428268081399324,54.59595418204517
133,-977.9843653853487,0.3111578450775875,0.19759239810750606,0.19762002998119577,0.2936297268337107,3.7833970122658673,0.16600881216764943,1.2076004328874088,0.0,3.059023205018258e-07,0.15507521665231025,0.142100514397357,0.142100514397357,1.5395809409576296e-06,0,2.957735427677085,4.532486059446767,2.0390009784530222e-07,0,0.4806170892596197,0.6551922063192652,0.0,0,0.0,0.0,0.0,0.0,0.0,0.0,0.0,0.0,0.0,0.0,0.0001037567255284352,30.126416280612304,34.73343631504369,56.04210287862797
133,-971.3297979876285,0.3009030450743254,0.199380589859665,0.2064856134521378,0.2932307516138718,4.643461299005765,0.12141702800769515,1.31120514205351,0.0,0.003287702818875092,0.16071085144257818,0.1574231486237031,0.1574231486237031,0.016546734889651006,0,3.276666701703805,5.021221982180396,0.0021914280524423352,0,0.5324418127160273,0.725841285725902,0.0,0,0.0,0.0,0.0,0.0,0.0,0.0,0.0,0.0,0.0,0.0,0.7905128020031051,30.405193094423787,35.45054535271009,56.64197388174574
133,-966.5692984784572,0.3099080185226211,0.20039137605460916,0.20320261589988978,0.2864979895228799,6.079347290832803,0.07866443792153686,1.53830264092691,0.0,3.059023205018258e-07,0.19190724797640119,0.1914873230687104,0.1914873230687104,1.5395809409576296e-06,0,3.9856916900921964,6.107744409304208,2.0390009784530222e-07,0,0.6476547972658977,0.8829032197077806,0.0,0,0.0,0.0,0.0,0.0,0.0,0.0,0.0,0.0,0.0,0.0,6.108544083653937e-05,31.939778679650757,38.87043272775014,59.99063591687901
133,-965.4879842747405,0.2858857723884652,0.19690730396717374,0.2396109206408962,0.2775960030034648,6.518875200470762,0.06669043126657943,1.8421718952120512,0.0,3.059023205018258e-07,0.2386331254385083,0.18697310317957225,0.18697310317957225,1.5395809409576296e-06,0,3.8917309598932013,5.963757325206948,2.0390009784530222e-07,0,0.632386652512188,0.8620892085726474,0.0,0,0.0,0.0,0.0,0.0,0.0,0.0,0.0,0.0,0.0,0.0,6.154289439171131e-05,34.36456538415716,38.823472838166126,59.35155004140183
133,-963.9045866609856,0.30130804372751463,0.19670670150684935,0.22520330969234212,0.27678194507329384,6.493706053654191,0.06577933334411351,1.942461879118151,0.0,3.059023205018258e-07,0.25231332612339785,0.18439168874204392,0.18439168874204392,1.5395809409576296e-06,0,3.8380003948225894,5.881419657385181,2.0390009784530222e-07,0,0.6236557066855718,0.8501869109073544,0.0,0,0.0,0.0,0.0,0.0,0.0,0.0,0.0,0.0,0.0,0.0,6.196717625188625e-05,35.03087618789402,38.651265132971204,59.33803659864912
133,-962.273722023376,0.3185825601347078,0.1961013012308395,0.20849999287657386,0.2768161457578788,6.350496311798049,0.06368134214212945,2.335555010086865,0.0,3.059023205018258e-07,0.2880817219910096,0.17465708824461568,0.17465708824461568,1.5395809409576296e-06,0,3.635380630301441,5.570921548099676,2.0390009784530222e-07,0,0.59073101689102,0.8053029468724906,0.0,0,0.0,0.0,0.0,0.0,0.0,0.0,0.0,0.0,0.0,0.0,6.523508372562303e-05,36.94986070099932,38.0268068285023,58.89974887122439
133,-960.9468260239623,0.3205393262083513,0.19592544089488034,0.20556188472227852,0.2779733481744899,6.149174654142989,0.06181388270229849,2.939084189472072,0.0,0.0007748942682898563,0.3224104734476009,0.16482592807587476,0.16482592807587476,0.0038999784138912742,0,3.430751035190041,5.25734353888569,0.0005165080698468338,0,0.5574797397624043,0.759973768797712,0.0,0,0.0,0.0,0.0,0.0,0.0,0.0,0.0,0.0,0.0,0.0,0.17332338553926663,38.880959054524375,37.350411406766646,58.21373727114516
133,-957.2708649878603,0.3153210394018106,0.19607779473541154,0.20448583403768403,0.2841153318250939,5.53350368970953,0.055084619160028485,6.837956714293755,0.0,3.059023205018258e-07,0.4215546689137364,0.1417333013655575,0.1417333013655575,1.5395809409576296e-06,0,2.9500921126738686,4.520773308408975,2.0390009784530222e-07,0,0.4793750891216881,0.6534990729937862,0.0,0,0.0,0.0,0.0,0.0,0.0,0.0,0.0,0.0,0.0,0.0,8.845318547154549e-05,45.12900245274339,36.4967245956726,57.24875559149416
133,-955.9073130238305,0.2990792850421489,0.19670815251740667,0.21449539456292335,0.289717167877521,4.498869378291678,0.0493978794170826,27.30066196228823,0.0,0.009806371639476761,0.5779547948151846,0.11452586426759596,0.11452586426759596,0.049354652986346774,0,2.383785924816512,3.6529556943576136,0.006536466063796251,0,0.38735318983657413,0.5280519497648106,0.0,0,0.0,0.0,0.0,0.0,0.0,0.0,0.0,0.0,0.0,0.0,2.61570751584411,55.98842241386336,34.624750916532946,54.69832350490558
133,-951.1354660547081,0.30445120866480463,0.19968660159934787,0.20783195373121416,0.2880302360046333,4.542423498808434,0.05264372907177516,25.17296721921474,0.0,0.0077394855763809394,0.496064674536434,0.12505184225079108,0.12505184225079108,0.038952187308240606,0,2.6028777284167965,3.9886958475386693,0.005158777036106073,0,0.42295450290253284,0.5765847701259865,0.0,0,0.0,0.0,0.0,0.0,0.0,0.0,0.0,0.0,0.0,0.0,2.074422665872532,49.48311422181087,35.49123801731398,55.75003344987787
133,-936.4038486043075,0.3392532647582438,0.19000964694463401,0.19297619480269498,0.2777608934944272,3.819163549702362,0.0725998592976736,85.09268844868879,0.0,3.059023205018258e-07,0.23065468556144406,0.17537033012808528,0.17537033012808528,1.5395809409576296e-06,0,3.6502263245354687,5.593671352402282,2.0390009784530222e-07,0,0.5931433673277865,0.8085915382280645,0.0,0,0.0,0.0,0.0,0.0,0.0,0.0,0.0,0.0,0.0,0.0,8.184449016001346e-05,33.166779542369156,42.234988547773256,63.3335550609401
133,-939.307876252298,0.26118092574691176,0.24183498789143607,0.18112082647254793,0.31586325988910424,4.198992851070934,0.06981547828713569,198.26945991194228,0.0,3.059023205018258e-07,0.19566430343394894,0.18387960064110584,0.18387960064110584,1.5395809409576296e-06,0,3.8273415937291526,5.865085922151683,2.0390009784530222e-07,0,0.6219237052669905,0.8478257925531643,0.0,0,0.0,0.0,0.0,0.0,0.0,0.0,0.0,0.0,0.0,0.0,7.815352167463038e-05,31.728747224387792,42.64644100195528,63.23057064793162
133,-934.8245318664738,0.3091484312926981,0.2085555303542871,0.1892068093359569,0.2930892290170579,3.9500155004324697,0.07159804727365641,114.92647253368534,0.0,3.059023205018258e-07,0.21806313119235046,0.17834768654546043,0.17834768654546043,1.5395809409576296e-06,0,3.7121981801183925,5.688638119503642,2.0390009784530222e-07,0,0.6032134812965921,0.8223194316728691,0.0,0,0.0,0.0,0.0,0.0,0.0,0.0,0.0,0.0,0.0,0.0,8.006471618138221e-05,32.623879975464334,42.412801519652604,63.31728217174788
133,-933.0427355359121,0.30302887529272005,0.20549932512980193,0.20470955237724567,0.2867622472002324,3.8813585151680896,0.07019048930016689,178.92769617938265,0.0,3.059023205018258e-07,0.23741889900195007,0.17230475035320014,0.17230475035320014,1.5395809409576296e-06,0,3.586418153643184,5.495890583256472,2.0390009784530222e-07,0,0.5827748613829139,0.7944568675347677,0.0,0,0.0,0.0,0.0,0.0,0.0,0.0,0.0,0.0,0.0,0.0,8.243525994721613e-05,33.46206961780095,42.009147945990634,62.80411523663479
133,-931.9756561480497,0.30027029072748507,0.20200803969772935,0.21595881102659925,0.28176285854818633,3.930778381292628,0.07209720632123785,301.04559743570013,0.0,3.059023205018258e-07,0.2341516488041005,0.168446974720743,0.168446974720743,1.5395809409576296e-06,0,3.506120909762411,5.372841667151277,2.0390009784530222e-07,0,0.5697269642422774,0.7766695671943454,0.0,0,0.0,0.0,0.0,0.0,0.0,0.0,0.0,0.0,0.0,0.0,8.503059424939153e-05,33.33425993169193,42.00063597421445,62.74849841526598
133,-930.7984940892629,0.29797546875718284,0.2002411382501487,0.2220750153452158,0.2797083776474527,4.206087782679898,0.07517873141104044,594.5863411696764,0.0,3.059023205018258e-07,0.23759314681859237,0.1633583723311223,0.1633583723311223,1.5395809409576296e-06,0,3.40020475858609,5.210533884587385,2.0390009784530222e-07,0,0.5525161238785319,0.7532072128117698,0.0,0,0.0,0.0,0.0,0.0,0.0,0.0,0.0,0.0,0.0,0.0,8.78160503551981e-05,33.54161675942289,41.885909614815574,62.62657291162629
133,-928.4955549897654,0.29884817884915127,0.19787015929914786,0.2250719255074043,0.2782097363442966,5.226219124783862,0.08687141085910316,2215.218323413992,0.0,3.059023205018258e-07,0.2398066167577777,0.16099471678736443,0.16099471678736443,1.5395809409576296e-06,0,3.3510067119059155,5.135141928077932,2.0390009784530222e-07,0,0.5445216894299933,0.7423089504285459,0.0,0,0.0,0.0,0.0,0.0,0.0,0.0,0.0,0.0,0.0,0.0,8.859418418427493e-05,33.73491679533084,42.46673899725279,63.273262715277966
133,-934.6157108752352,0.3304771062519189,0.22160186716304578,0.17333308870201264,0.27458793788302266,6.1553582884193805,0.1088282889630172,48064.39505101815,0.0,0.0015127853481255917,0.42195582910422375,0.15516044937348372,0.15516044937348372,0.007613722857392357,0,3.229569998620535,4.9490501617486835,0.0010083515548222417,0,0.5247888360035757,0.7154085091784319,0.0,0,0.0,0.0,0.0,0.0,0.0,0.0,0.0,0.0,0.0,0.0,0.44829356915842744,42.85313864305256,42.37828012814758,63.47628221333554
133,-927.9840412714703,0.3055536859829074,0.20293485036515715,0.21386285312912753,0.2776486105228079,5.418295023373004,0.09129837216082864,4367.059196258498,0.0,0.0003421184804670701,0.2745827439070864,0.1596892719132812,0.1596892719132812,0.0017218538624107704,0,3.323834674075296,5.093503016929355,0.00022804008654620634,0,0.5401063703283586,0.7362898497172914,0.0,0,0.0,0.0,0.0,0.0,0.0,0.0,0.0,0.0,0.0,0.0,0.10376606133826922,35.213341227720306,42.44565200331701,63.302975941114795
133,-926.4480577361193,0.3095920467097085,0.19900404139315492,0.2151109770988131,0.2762929347983234,7.246411911965783,0.11999234756284573,21646.65333088076,0.0,3.059023205018258e-07,0.24684208594385837,0.16653807983104932,0.16653807983104932,1.5395809409576296e-06,0,3.466388428378348,5.311954910244176,2.0390009784530222e-07,0,0.5632706364135007,0.7678680997280656,0.0,0,0.0,0.0,0.0,0.0,0.0,0.0,0.0,0.0,0.0,0.0,8.490981046380697e-05,33.88367172873358,44.679075996730035,65.71174419376175
133,-926.768146296658,0.3075743393229376,0.18818096557049818,0.21016503532625738,0.29407965978030687,7.602297897320539,0.13024416774837314,36635.86317923201,0.0,3.059023205018258e-07,0.24810476834616013,0.16491053314182647,0.16491053314182647,1.5395809409576296e-06,0,3.432512037970274,5.260042130679048,2.0390009784530222e-07,0,0.5577658938323369,0.7603638629508666,0.0,0,0.0,0.0,0.0,0.0,0.0,0.0,0.0,0.0,0.0,0.0,8.636102892022282e-05,33.92076462269172,44.86412376730725,66.31176988125661
133,-926.4235754851122,0.3091729857727665,0.1967186065396821,0.21407983770490008,0.28002856998265135,7.318740640266066,0.12204759477653176,24139.5278754023,0.0,3.059023205018258e-07,0.2471049434810721,0.16619961261653204,0.16619961261653204,1.5395809409576296e-06,0,3.4593434400070495,5.301159045515007,2.0390009784530222e-07,0,0.5621258613355147,0.766307506636712,0.0,0,0.0,0.0,0.0,0.0,0.0,0.0,0.0,0.0,0.0,0.0,8.520284040834246e-05,33.89008269458317,44.714560064671076,65.83442262006156
133,-926.3791785652957,0.30877907203895943,0.19833126099630896,0.21372794840989356,0.27916171855483807,7.723364234569771,0.12827545473691565,33285.01468709441,0.0,0.00015396218772122713,0.24315089167219192,0.16735440132270882,0.16735440132270882,0.0007748788876622048,0,3.48337966170706,5.337992576586659,0.00010262395227775864,0,0.5660316261318374,0.7716319670261854,0.0,0,0.0,0.0,0.0,0.0,0.0,0.0,0.0,0.0,0.0,0.0,0.049252378509602915,33.67916735198082,45.114308281773575,66.22151644381657
133,-926.394280553075,0.30827003494963034,0.1984127891537967,0.2141286338510011,0.27918854204557186,7.771085629385607,0.12944039743578434,36568.00408103024,0.0,0.0023382399971532564,0.24292364317618606,0.16565366177692503,0.16565366177692503,0.01176816746305293,0,3.4479798066878886,5.2837452129180145,0.001558560796215021,0,0.5602793282351697,0.7637902551217475,0.0,0,0.0,0.0,0.0,0.0,0.0,0.0,0.0,0.0,0.0,0.0,0.7403246575495691,33.57024146641344,44.693947886094186,65.77273946146522
133,-926.3788836651045,0.30869923894365003,0.1983440373738695,0.21379079887459052,0.27916592480788993,7.73082384188713,0.12845733229612763,33779.34788078711,0.0,0.0004973449852618852,0.2431153582169842,0.16708670779870238,0.16708670779870238,0.0025030959527666662,0,3.4778077844828896,5.329454133422614,0.0003315067731144051,0,0.5651262241854247,0.7703976948537378,0.0,0,0.0,0.0,0.0,0.0,0.0,0.0,0.0,0.0,0.0,0.0,0.1614262515778631,33.66222454333603,45.0453875978331,66.14661227946556
133,-926.3783423658349,0.30854483680553685,0.1985899600248189,0.2137214646943139,0.27914373847533036,7.748150154975986,0.12871688276102408,34601.952418930574,0.0,0.00038834016661096335,0.24347803164419077,0.16719755753100185,0.16719755753100185,0.001954483765084682,0,3.48011505396577,5.3329898339686075,0.0002588492883589086,0,0.5655011438393677,0.7709087970195758,0.0,0,0.0,0.0,0.0,0.0,0.0,0.0,0.0,0.0,0.0,0.0,0.12594626980797058,33.68050394060114,45.082359206938776,66.1828632952184
133,-926.3780110146854,0.30843442310370944,0.19866921247915106,0.21378152322713356,0.27911484119000596,7.757129096001465,0.12891732019757596,35522.54828173242,0.0,0.0002712618813318427,0.2438693622049218,0.16731779797414748,0.16731779797414748,0.0013652384912337485,0,3.482617785360091,5.336825063803282,0.00018081041050792997,0,0.5659078250680812,0.7714631975547709,0.0,0,0.0,0.0,0.0,0.0,0.0,0.0,0.0,0.0,0.0,0.0,0.08773398801713064,33.70008743244383,45.11970656769455,66.2211553112665
133,-926.3776875776907,0.3082877534744598,0.1987047972421155,0.21387970935002762,0.27912773993339707,7.75480109961736,0.129035216842743,36491.946290013715,0.0,0.00023299101178660952,0.2441562434444189,0.167361892387264,0.167361892387264,0.0011726243873294104,0,3.483535583641051,5.338231514114864,0.00015530084905021862,0,0.5660569626596976,0.7716665065711998,0.0,0,0.0,0.0,0.0,0.0,0.0,0.0,0.0,0.0,0.0,0.0,0.07524504633027719,33.71178022340059,45.13405904347242,66.23535391550311
133,-926.3768191645102,0.3081091133039045,0.1987032438016029,0.21411013685832933,0.27907750603616327,7.744003504836626,0.12944302408833036,40008.84660082679,0.0,0.00020372330886502104,0.24475072278305685,0.16744070511203435,0.16744070511203435,0.0010253224723594041,0,3.4851760223769244,5.340745351435183,0.00013579237497382302,0,0.5663235256805029,0.7720298935951476,0.0,0,0.0,0.0,0.0,0.0,0.0,0.0,0.0,0.0,0.0,0.0,0.06578112594459493,33.73070265509918,45.16359164584911,66.26493080574085
133,-926.3755642446899,0.3077053007293646,0.19896639026069013,0.21409499789522585,0.27923331111471944,7.706334112688151,0.1297935483167209,46657.18611906461,0.0,0.00013162957768231046,0.2448310533211226,0.16760104725522568,0.16760104725522568,0.0006624807184644334,0,3.48851344616795,5.345859678655169,8.773808490478162e-05,0,0.566865840213797,0.7727691936814916,0.0,0,0.0,0.0,0.0,0.0,0.0,0.0,0.0,0.0,0.0,0.0,0.042306747082082555,33.726401486336485,45.20289555597789,66.30311268735016
133,-926.3738932244958,0.30792019599612563,0.19888023557110707,0.21412827360435446,0.2790712948284128,7.668967359703769,0.1304737186819202,58089.65284034623,0.0,0.00017152847193748868,0.24466625040956183,0.16769052109395452,0.16769052109395452,0.0008632885353511628,0,3.490375789480223,5.348713566471435,0.00011433281105528707,0,0.5671684616090616,0.7731817366061475,0.0,0,0.0,0.0,0.0,0.0,0.0,0.0,0.0,0.0,0.0,0.0,0.05566381443617997,33.70253424741383,45.23871987566148,66.34071024232387
133,-926.3725431215813,0.30806438751127346,0.19887161742503004,0.21391076798255998,0.27915322708113655,7.621505375516872,0.13041591855845022,68117.75040229039,0.0,0.00021721298284724136,0.24389844201017774,0.1675906538903192,0.1675906538903192,0.0010932148797418923,0,3.488297114624556,5.345528168373528,0.00014478395712450346,0,0.5668306874290929,0.7727212723089827,0.0,0,0.0,0.0,0.0,0.0,0.0,0.0,0.0,0.0,0.0,0.0,0.07091413094938331,33.66295058192867,45.21950187521588,66.32264883263662
133,-926.371177624451,0.3085553138371965,0.19864358259320317,0.21380508050579808,0.27899602306380233,7.61403075572479,0.1303678074432362,82725.94080615658,0.0,0.00018715939270527778,0.24279059479035484,0.16759419143104992,0.16759419143104992,0.0009419576597442981,0,3.4883707463745215,5.345641002968917,0.00012475164759348634,0,0.5668426522170906,0.7727375830811577,0.0,0,0.0,0.0,0.0,0.0,0.0,0.0,0.0,0.0,0.0,0.0,0.06124429558952516,33.61733250358732,45.22796402927966,66.33486790139966
133,-926.3698324742512,0.30858649314559317,0.19853923749862382,0.21366891129938506,0.27920535805639796,7.615084147150811,0.12995031826297804,99279.45217093079,0.0,0.0002475322710150853,0.24179573334684445,0.16745661777873583,0.16745661777873583,0.0012458093358089103,0,3.4855072348165934,5.341252907233267,0.00016499336846169662,0,0.5663773460314344,0.7721032631761712,0.0,0,0.0,0.0,0.0,0.0,0.0,0.0,0.0,0.0,0.0,0.0,0.08136593018067298,33.57980763215539,45.1876221247595,66.29614849608062
133,-926.3677472737998,0.3090717076098158,0.1986188665594525,0.21326440021772836,0.27904502561300343,7.654208487460938,0.1292984266726593,146467.88507689897,0.0,0.0002034370203590687,0.2416084187542533,0.16737493092365596,0.16737493092365596,0.0010238816061160349,0,3.483806972813533,5.338647395680689,0.00013560154852216384,0,0.566101062031438,0.7717266242101968,0.0,0,0.0,0.0,0.0,0.0,0.0,0.0,0.0,0.0,0.0,0.0,0.06700308970735494,33.58779928353772,45.15836251064878,66.26773007515251
133,-926.3653127059025,0.308702417176562,0.19851808790430517,0.21376599189605075,0.27901350302308214,7.691243888728222,0.1283553132157826,247212.3075728933,0.0,0.00026874943309063533,0.2414594505867968,0.167199156557525,0.167199156557525,0.001352593548165125,0,3.4801483367263386,5.333040837059312,0.00017913573069061758,0,0.5655065521200939,0.7709161697565439,0.0,0,0.0,0.0,0.0,0.0,0.0,0.0,0.0,0.0,0.0,0.0,0.08874583681606349,33.597082122266166,45.09117519144576,66.19326747334591
133,-926.3636537463883,0.30842058914735765,0.19858710593239998,0.21364692592755735,0.279345378992685,7.731018133099086,0.12832369827010567,449413.97611007415,0.0,0.00023758422206506476,0.2430323018860266,0.16730045281214798,0.16730045281214798,0.0011957416327001535,0,3.4822567564056057,5.336271816650765,0.00015836246696689435,0,0.5658491596838756,0.7713832230732737,0.0,0,0.0,0.0,0.0,0.0,0.0,0.0,0.0,0.0,0.0,0.0,0.07843659718203516,33.67049059524945,45.09717929332308,66.20376734797463
133,-926.3629783072504,0.30837571428238353,0.19862108057581843,0.2139451895529054,0.2790580155888926,7.726653364802844,0.12835342873104044,709214.4685853447,0.0,0.0001052985933563099,0.2437090826796613,0.1674396880391987,0.1674396880391987,0.0005299590639753084,0,3.485154852626968,5.340712910536087,7.018708930714414e-05,0,0.5663200857029074,0.7720252041103981,0.0,0,0.0,0.0,0.0,0.0,0.0,0.0,0.0,0.0,0.0,0.0,0.03481242363412662,33.70276174496479,45.133625958287155,66.23707197995367
133,-1137.9332073121827,0.30776942355889725,0.19849624060150375,0.2370927318295739,0.2566416040100251,1.2,0.9,0.9,0.0,0.144,0.84,0.21599999999999997,0.21599999999999997,0.7247400252937135,0,4.495908090746033,6.889609041828431,0.09598362654312814,0,0.7305623890268526,0.9959254346484869,0.0,0,0.0,0.0,0.0,0.0,0.0,0.0,0.0,0.0,0.0,0.0,6.416384685141287,43.816571805680944,31.947939532523897,51.30978979325246
133,-1071.3041685375524,0.22901383120216953,0.25144867052819464,0.17508989543573952,0.3444476028338963,1.5545615830829898,0.6125136247692325,0.956790503454809,0.0,0.058913390854239696,0.3758167510332007,0.08908771736192433,0.08908771736192433,0.2965061970683341,0,1.8543064318220903,2.8415719585767114,0.039268895181546415,0,0.3013154427262799,0.4107626094236855,0.0,0,0.0,0.0,0.0,0.0,0.0,0.0,0.0,0.0,0.0,0.0,5.066780598327605,32.04345788174595,29.672462171477786,49.869702459149764
133,-1029.4470162812956,0.30388896926254927,0.20114091025863157,0.2095718982785748,0.28539822220024436,1.9282689126008656,0.4475893770252804,1.004692520002214,0.0,0.03477032334355746,0.2805052713638062,0.08981439817873868,0.08981439817873868,0.1749961459686141,0,1.869431849246653,2.8647504156417454,0.023176262017998817,0,0.30377324677068673,0.4141131645548732,0.0,0,0.0,0.0,0.0,0.0,0.0,0.0,0.0,0.0,0.0,0.0,4.410663436901223,30.8400817633674,29.734953379389403,50.35366521109826
133,-994.8565105978801,0.35148908680871244,0.17236954963114762,0.2203392288741867,0.25580213468595325,2.9069417189785898,0.24561254747903202,1.1130296910994408,0.0,3.059023205018258e-07,0.18366398952379231,0.11830502499806529,0.11830502499806529,1.539580940957631e-06,0,2.4624468475218215,3.7734970829648575,2.0390009784530235e-07,0,0.4001351930392042,0.5454767751958255,0.0,0,0.0,0.0,0.0,0.0,0.0,0.0,0.0,0.0,0.0,0.0,0.00016678751979034884,30.51234734983946,33.42826808400592,54.595954186283706
133,-977.9843644019825,0.3111578419095085,0.19759240005259218,0.19762002913872398,0.2936297288991753,3.783397159988103,0.16600880384020758,1.2076004494874997,0.0,3.059023205018258e-07,0.1550752119259976,0.1421005161500168,0.1421005161500168,1.539580940957631e-06,0,2.957735464157629,4.532486115350197,2.0390009784530235e-07,0,0.4806170951875237,0.6551922144003696,0.0,0,0.0,0.0,0.0,0.0,0.0,0.0,0.0,0.0,0.0,0.0,0.00010375672230248943,30.126416190833304,34.73343648458926,56.042103038003745
133,-971.3297980454595,0.30090304432366183,0.19938059058559976,0.20648561439938912,0.2932307506913493,4.643461366932812,0.12141702643618006,1.3112051552310804,0.0,0.0032877073230398565,0.1607108520097595,0.15742314468671964,0.15742314468671964,0.01654675755873773,0,3.2766666197578993,5.021221856605042,0.0021914310547067025,0,0.5324417994002305,0.7258412675733932,0.0,0,0.0,0.0,0.0,0.0,0.0,0.0,0.0,0.0,0.0,0.0,0.7905137835301366,30.405193005887234,35.45054460451047,56.64197305872515
133,-966.5692982404217,0.3099080137815224,0.20039137511944485,0.20320262550584217,0.2864979855931906,6.079347700772066,0.07866443081952365,1.5383026783362137,0.0,3.059023205018258e-07,0.1919072478548308,0.1914873284405573,0.1914873284405573,1.539580940957631e-06,0,3.98569180190391,6.107744580646454,2.0390009784530235e-07,0,0.6476548154347367,0.8829032444761094,0.0,0,0.0,0.0,0.0,0.0,0.0,0.0,0.0,0.0,0.0,0.0,6.108543884820883e-05,31.939778776189364,38.87043334340862,59.99063638075873
133,-965.487982075893,0.28588579077131293,0.19690730248024868,0.23961090138617347,0.2775960053622649,6.518874957381238,0.06669043553207352,1.8421718917419159,0.0,3.059023205018258e-07,0.2386331179230815,0.18697309204802087,0.18697309204802087,1.539580940957631e-06,0,3.891730728196759,5.963756970151223,2.0390009784530235e-07,0,0.6323866148626841,0.8620891572476702,0.0,0,0.0,0.0,0.0,0.0,0.0,0.0,0.0,0.0,0.0,0.0,6.154289857446504e-05,34.36456493510415,38.82347190801592,59.35154944856049
133,-963.9045850625447,0.3013080460834388,0.19670669838714186,0.22520331313247494,0.2767819423969444,6.493706087819139,0.06577932929367836,1.9424622241581988,0.0,3.059023205018258e-07,0.25231336552025424,0.1843916764305484,0.1843916764305484,1.539580940957631e-06,0,3.83800013856633,5.881419264693559,2.0390009784530235e-07,0,0.6236556650452215,0.8501868541419311,0.0,0,0.0,0.0,0.0,0.0,0.0,0.0,0.0,0.0,0.0,0.0,6.1967180288601e-05,35.03087829239353,38.65126437327796,59.33803574456644
133,-962.2737181506513,0.3185825646148204,0.19610129819558278,0.2084999924936997,0.2768161446958972,6.350496098216879,0.06368133201161995,2.3355564493425423,0.0,3.059023205018258e-07,0.28808184287161015,0.17465706308159865,0.17465706308159865,1.539580940957631e-06,0,3.6353801065486095,5.570920745491578,2.0390009784530235e-07,0,0.590730931783826,0.80530283085171,0.0,0,0.0,0.0,0.0,0.0,0.0,0.0,0.0,0.0,0.0,0.0,6.523509393546961e-05,36.94986750559184,38.026805417130305,58.89974730098785
133,-960.9468241061145,0.3205393282185079,0.1959254379322646,0.205561889298333,0.2779733445508945,6.149173686304065,0.061813876299121606,2.939087080095985,0.0,0.0007749258908213596,0.3224106869680234,0.16482587216736597,0.16482587216736597,0.003900137567462678,0,3.4307498714885747,5.25734175560899,0.0005165291479388769,0,0.5574795506667848,0.7599735110166662,0.0,0,0.0,0.0,0.0,0.0,0.0,0.0,0.0,0.0,0.0,0.0,0.17333036598104995,38.880970797932946,37.3504040742319,58.21372928975764
133,-957.2708591559326,0.3153210879810782,0.19607778162905506,0.20448577909825721,0.2841153512916095,5.533501611518098,0.055084573766100355,6.837985868253658,0.0,3.059023205018258e-07,0.4215551483607728,0.1417331699967075,0.1417331699967075,1.539580940957631e-06,0,2.9500893783114823,4.520769118223713,2.0390009784530235e-07,0,0.47937464480159103,0.6534984672827723,0.0,0,0.0,0.0,0.0,0.0,0.0,0.0,0.0,0.0,0.0,0.0,8.845331193060418e-05,45.129036853913746,36.49671927484195,57.24875102986615
133,-955.9072372844453,0.2990796169694428,0.1967081080585797,0.21449520177957176,0.28971707319240575,4.498879788046999,0.049397883293056465,27.300363985720107,0.0,0.009806208331102672,0.5779525971028477,0.11452612882914275,0.11452612882914275,0.04935383106888038,0,2.3837914315035436,3.6529641329021745,0.006536357210115769,0,0.38735408464544274,0.5280531695961695,0.0,0,0.0,0.0,0.0,0.0,0.0,0.0,0.0,0.0,0.0,0.0,2.6156717934462685,55.98826287616855,34.624769116965254,54.698355349748
133,-951.1354272592375,0.3044510773543346,0.19968656830432677,0.2078320346263178,0.2880303197150209,4.54241946170961,0.05264367107113654,25.173164850380648,0.0,0.007739456380991075,0.49606475693146973,0.12505177480182822,0.12505177480182822,0.03895204037027128,0,2.602876324507826,3.988693696163743,0.005158757575832482,0,0.42295427477440556,0.5765844591346088,0.0,0,0.0,0.0,0.0,0.0,0.0,0.0,0.0,0.0,0.0,0.0,2.0744183851268505,49.483119725326596,35.49123991213278,55.75003514896981
133,-936.4036289188746,0.3392531729339456,0.19000906405526635,0.1929766893484624,0.27776107366232566,3.8191089078440577,0.07260070491422142,85.10134161689861,0.0,3.059023205018258e-07,0.2306458420897684,0.17537215141085985,0.17537215141085985,1.539580940957631e-06,0,3.6502642334241813,5.59372944465354,2.0390009784530235e-07,0,0.5931495273310032,0.8085999357365782,0.0,0,0.0,0.0,0.0,0.0,0.0,0.0,0.0,0.0,0.0,0.0,8.184405906939854e-05,33.16636026341522,42.23529046277737,63.33386731999311
133,-939.3082765027331,0.261177789012768,0.24183767772333262,0.18112027913174164,0.31586425413215774,4.198999489490166,0.06981500098422047,198.28625524952582,0.0,3.059023205018258e-07,0.19566767695404208,0.1838787162141925,0.1838787162141925,1.539580940957631e-06,0,3.8273231849230642,5.865057712171781,2.0390009784530235e-07,0,0.6219207139288478,0.8478217146677105,0.0,0,0.0,0.0,0.0,0.0,0.0,0.0,0.0,0.0,0.0,0.0,7.815365472271137e-05,31.728889042021287,42.646322494319605,63.23042328618473
133,-934.8243928135959,0.30914872571656893,0.20855500847144737,0.1892071855142145,0.2930890802977693,3.949973559958146,0.07159846876321595,114.93546101617159,0.0,3.059023205018258e-07,0.2180594710473182,0.1783484016227419,0.1783484016227419,1.539580940957631e-06,0,3.7122130640153164,5.688660927850422,2.0390009784530235e-07,0,0.6032158998547729,0.8223227287268156,0.0,0,0.0,0.0,0.0,0.0,0.0,0.0,0.0,0.0,0.0,0.0,8.006457641684995e-05,32.62370658908519,42.41294060186513,63.3174330854465
133,-933.0427212079437,0.30302855783743843,0.20549932476650118,0.20470962374156776,0.28676249365449263,3.8813518398670106,0.07019006180081332,178.9320335975588,0.0,3.059023205018258e-07,0.2374216433307884,0.17230416890692113,0.17230416890692113,1.539580940957631e-06,0,3.5864060511939715,5.495872037249338,2.0390009784530235e-07,0,0.5827728947959567,0.7944541866220914,0.0,0,0.0,0.0,0.0,0.0,0.0,0.0,0.0,0.0,0.0,0.0,8.24354143570686e-05,33.46219293449549,42.00907362258496,62.804043350729046
133,-931.9756706403768,0.30026969440542683,0.20200815798467836,0.215959320080053,0.2817628275298418,3.9307948037836864,0.07209670297102395,301.04412556863804,0.0,3.059023205018258e-07,0.2341522486469507,0.16844682357652885,0.16844682357652885,1.539580940957631e-06,0,3.506117763787897,5.372836846204313,2.0390009784530235e-07,0,0.5697264530372856,0.776668870303757,0.0,0,0.0,0.0,0.0,0.0,0.0,0.0,0.0,0.0,0.0,0.0,8.503060404200055e-05,33.33429891451587,42.00059453919727,62.74844685594163
133,-930.7985134399859,0.29797499420450463,0.20024130897013448,0.22207573324955215,0.2797079635758088,4.206126043159706,0.07517793058172535,594.5786061876886,0.0,3.059023205018258e-07,0.23759342617391582,0.16335817179283382,0.16335817179283382,1.539580940957631e-06,0,3.4002005845040837,5.2105274881503245,2.0390009784530235e-07,0,0.5525154456112579,0.7532062881766678,0.0,0,0.0,0.0,0.0,0.0,0.0,0.0,0.0,0.0,0.0,0.0,8.78160548160525e-05,33.541653708784345,41.88585353689521,62.626499524072216
133,-928.4956027814715,0.2988478276969076,0.19787023212931185,0.22507240043724314,0.2782095397365374,5.226276843683489,0.08686988531432584,2215.1151543858755,0.0,3.059023205018258e-07,0.2398077927615688,0.16099432895547824,0.16099432895547824,1.539580940957631e-06,0,3.350998639422051,5.135129557660943,2.0390009784530235e-07,0,0.5445203776920796,0.74230716222651,0.0,0,0.0,0.0,0.0,0.0,0.0,0.0,0.0,0.0,0.0,0.0,8.859419521752685e-05,33.7350069300596,42.46662749141989,63.27313730431087
133,-934.6129458612122,0.3304746154410184,0.22160276636161744,0.17334396579007225,0.2745786524072919,6.155464573547572,0.10883068777289184,48039.92638165322,0.0,0.001511265256074546,0.4219230953086085,0.1551629754116129,0.1551629754116129,0.007606072360506784,0,3.229622576561566,4.94913073311505,0.0010073383329629454,0,0.5247973796538089,0.7154201561489031,0.0,0,0.0,0.0,0.0,0.0,0.0,0.0,0.0,0.0,0.0,0.0,0.4478650237724645,42.85108398813426,42.37901917540418,63.4768015929527
133,-927.9840077041646,0.30555438559181086,0.2029361637107495,0.2138631728501024,0.2776462778473372,5.4184052078790685,0.09129856212446578,4367.060369580808,0.0,0.000341845498238918,0.27458615945388765,0.15968926041112763,0.15968926041112763,0.0017204799655570525,0,3.3238344346649953,5.093502650052777,0.0002278581294334297,0,0.5401063314253917,0.7362897966835542,0.0,0,0.0,0.0,0.0,0.0,0.0,0.0,0.0,0.0,0.0,0.0,0.10368076353024416,35.213527612855756,42.44571448579169,63.303004330035144
133,-926.4480473681468,0.30959161905712074,0.199004567141265,0.21511191473557978,0.2762918990660345,7.246559621607892,0.11999360976530694,21644.855827154835,0.0,3.059023205018258e-07,0.24684312749197523,0.16653827206084915,0.16653827206084915,1.539580940957631e-06,0,3.4663924295242396,5.311961041670878,2.0390009784530235e-07,0,0.5632712865795273,0.7678689860546721,0.0,0,0.0,0.0,0.0,0.0,0.0,0.0,0.0,0.0,0.0,0.0,8.490967068589987e-05,33.883717846394426,44.67916180457491,65.7118105006318
133,-926.768149480102,0.3075747595984918,0.1881783249113247,0.2101682749458458,0.29407864054433774,7.602510787435139,0.13023630953217183,36626.60096768012,0.0,3.059023205018258e-07,0.24810278403721026,0.16490948249731469,0.16490948249731469,1.539580940957631e-06,0,3.432490169446382,5.26000861896642,2.0390009784530235e-07,0,0.5577623403075007,0.7603590186749778,0.0,0,0.0,0.0,0.0,0.0,0.0,0.0,0.0,0.0,0.0,0.0,8.636117980844637e-05,33.92083007964007,44.86370941935826,66.31133746679447
133,-926.4235685868156,0.3091727674339888,0.19671861877363833,0.21408133875274882,0.28002727503962405,7.31889568825049,0.12204692515337598,24136.468539442976,0.0,3.059023205018258e-07,0.24710533910862942,0.16619957184208822,0.16619957184208822,1.539580940957631e-06,0,3.459342591311903,5.30115774495956,2.0390009784530235e-07,0,0.5621257234268334,0.766307318635297,0.0,0,0.0,0.0,0.0,0.0,0.0,0.0,0.0,0.0,0.0,0.0,8.520274744387119e-05,33.89013076003589,44.71454122848225,65.83437831664033
133,-926.3791878520233,0.30877939709393637,0.19833177157614043,0.21372786262712667,0.27916096870279655,7.723439605842256,0.12827487747322308,33279.32423238252,0.0,0.00015222044825564384,0.24315131226108985,0.16735641677335766,0.16735641677335766,0.0007661128577709426,0,3.4834216120814996,5.338056862082094,0.00010146299067775889,0,0.5660384428561009,0.7716412597973129,0.0,0,0.0,0.0,0.0,0.0,0.0,0.0,0.0,0.0,0.0,0.0,0.04868090580466387,33.67926694050863,45.11474289394763,66.22197614076117
133,-926.3946843383457,0.30826897757511584,0.1984182595864614,0.2141331035286764,0.27917965930974636,7.772252228320243,0.1294561127926285,36601.22209705855,0.0,0.002364923588274205,0.24290174689854024,0.16563006939350172,0.16563006939350172,0.011902463758219078,0,3.4474887456345895,5.282992702278426,0.0015763468229162906,0,0.5601995332907408,0.7636814761647327,0.0,0,0.0,0.0,0.0,0.0,0.0,0.0,0.0,0.0,0.0,0.0,0.748455131529606,33.56815778207907,44.68902519507066,65.76736093934481
133,-926.3788900862855,0.3086994256228413,0.19834531161528074,0.21379136502399002,0.2791638977378879,7.731061842535551,0.12845910773542338,33778.78985357721,0.0,0.0004997506834526232,0.24311232220506493,0.16708494153968945,0.16708494153968945,0.0025152036317083667,0,3.477771020880175,5.329397796227867,0.0003331102983693725,0,0.5651202502854052,0.7703895510469086,0.0,0,0.0,0.0,0.0,0.0,0.0,0.0,0.0,0.0,0.0,0.0,0.16220848674575555,33.662000104790884,45.04496345656451,66.14611900990789
133,-926.3783467413411,0.3085450146388821,0.19858974012584793,0.21372137653392437,0.27914386870134555,7.748198946156153,0.1287161830453296,34596.4228157093,0.0,0.00038940667502835425,0.2434777264606819,0.1671962987602183,0.1671962987602183,0.001959851413261044,0,3.480088853420632,5.332949683790035,0.0002595601727036307,0,0.5654968863829282,0.7709029931221699,0.0,0,0.0,0.0,0.0,0.0,0.0,0.0,0.0,0.0,0.0,0.0,0.1262938462835728,33.68046637806503,45.082043995289574,66.1825353369972
133,-926.3780145283118,0.30843513790483545,0.19866856352740417,0.21378126538600425,0.27911503318175607,7.757178512330432,0.12891644975712657,35517.11718764653,0.0,0.00026996982000532954,0.24387096193620061,0.16731812278257452,0.16731812278257452,0.0013587356540222348,0,3.4826245460491436,5.336835424002708,0.00017994918320352136,0,0.5659089236459532,0.771464695170391,0.0,0,0.0,0.0,0.0,0.0,0.0,0.0,0.0,0.0,0.0,0.0,0.08731134249723242,33.700231383948875,45.119884612457625,66.2213715432603
133,-926.3776962998368,0.30828967873829355,0.19870305899545004,0.21387860715298082,0.27912865511327556,7.754748012447468,0.12902993701215235,36461.58883439876,0.0,0.00023301640602514138,0.24415231854668082,0.16736019661385224,0.16736019661385224,0.0011727521944202167,0,3.4835002871530794,5.338177425152687,0.00015531777565513255,0,0.5660512271584244,0.771658687756977,0.0,0,0.0,0.0,0.0,0.0,0.0,0.0,0.0,0.0,0.0,0.0,0.07525260100045236,33.71169054897711,45.133651458099706,66.23497066166058
133,-926.3768213188876,0.30810759970384427,0.19870030890115556,0.2141131636729442,0.279078927722056,7.743631082729351,0.1294380831133456,39989.75484370508,0.0,0.00020471215622821953,0.2447537472203897,0.16743776441443314,0.16743776441443314,0.0010302992589081282,0,3.4851148135522143,5.340651553950081,0.00013645149411283281,0,0.5663135795552019,0.7720163347269227,0.0,0,0.0,0.0,0.0,0.0,0.0,0.0,0.0,0.0,0.0,0.0,0.0661050469747328,33.73082459265348,45.1629116677035,66.264244738597
133,-926.375568148157,0.3077085645614838,0.1989602077919171,0.21409793499177548,0.2792332926548236,7.70604711332706,0.12978671786922105,46583.73286047179,0.0,0.00013211626067696717,0.24483058447344028,0.16759835146023078,0.16759835146023078,0.0006649301535051114,0,3.4884573348414296,5.3457736926664134,8.806248489647627e-05,0,0.5668567224062422,0.7727567640018529,0.0,0,0.0,0.0,0.0,0.0,0.0,0.0,0.0,0.0,0.0,0.0,0.0424653243483836,33.72643469226671,45.20226915900279,66.30252946683761
133,-926.3738958563124,0.3079165744943421,0.19887760280900607,0.21412917856046512,0.27907664413618666,7.668125125721469,0.13046592053430078,58019.22344611025,0.0,0.00017237994783683963,0.24465972711104747,0.16768820784698782,0.16768820784698782,0.0008675739427458345,0,3.490327640657292,5.348639782363947,0.00011490036483816059,0,0.5671606376681798,0.7731710707659128,0.0,0,0.0,0.0,0.0,0.0,0.0,0.0,0.0,0.0,0.0,0.0,0.05594316174810897,33.7022343412694,45.23797642661036,66.3399775794085
133,-926.3725437769085,0.3080648069033389,0.19887441016173907,0.2139047692059701,0.279156013728952,7.621481817585538,0.13041135296770034,68044.14317064216,0.0,0.0002161328214797728,0.24389308217528824,0.1675883032924,0.1675883032924,0.0010877785174031405,0,3.4882481883643575,5.345453192907428,0.00014406397236546594,0,0.5668227371585763,0.7727104342522497,0.0,0,0.0,0.0,0.0,0.0,0.0,0.0,0.0,0.0,0.0,0.0,0.07055827859009636,33.662848546286426,45.21917876948656,66.32235079130575
133,-926.371178618763,0.30854238321081995,0.1986402002059858,0.21381624589144269,0.2790011706917516,7.613457690605958,0.13035942974292358,82641.37586826025,0.0,0.0001915238183772416,0.2427542988344974,0.16758908086206087,0.16758908086206087,0.0009639234512157685,0,3.4882643730019938,5.3454779945322715,0.00012766076845302125,0,0.5668253670805629,0.7727140194439278,0.0,0,0.0,0.0,0.0,0.0,0.0,0.0,0.0,0.0,0.0,0.0,0.06268662099803655,33.61569129508946,45.22650443239482,66.33324462292116
133,-926.3698517399482,0.30858107122411155,0.19854034783617538,0.21365950641325002,0.27921907452646305,7.6146282247653625,0.12995164510727716,99086.71982098806,0.0,0.0002501851991760391,0.2418008009616806,0.16745619066293227,0.16745619066293227,0.0012591613026316343,0,3.4854983446619796,5.341239283803167,0.00016676168558563243,0,0.5663759014261479,0.7721012938451886,0.0,0,0.0,0.0,0.0,0.0,0.0,0.0,0.0,0.0,0.0,0.0,0.08223866716596812,33.579841456303356,45.187068901315726,66.29572471895796
133,-926.3677347456928,0.30902698658516004,0.19859566787601304,0.21333925323901257,0.2790380922998143,7.651825004235835,0.12930866367201355,144271.87578308792,0.0,0.00021644673072232281,0.24154426709089133,0.16736171702662123,0.16736171702662123,0.0010893583965169294,0,3.4835319336163635,5.338225920752504,0.0001442732095009198,0,0.5660563695490949,0.7716656980243279,0.0,0,0.0,0.0,0.0,0.0,0.0,0.0,0.0,0.0,0.0,0.0,0.07130563815818909,33.58415912320297,45.15596371200006,66.26469104740782
133,-926.3653247767572,0.3085821796816102,0.19847321923149033,0.21387472025078597,0.2790698808361135,7.693202923528755,0.1283082242066207,254878.52793815747,0.0,0.0003039441633342032,0.24135775256751885,0.16716829091371027,0.16716829091371027,0.001529725698768799,0,3.4795058871997067,5.332056336046778,0.00020259488238495626,0,0.5654021573122967,0.7707738554985261,0.0,0,0.0,0.0,0.0,0.0,0.0,0.0,0.0,0.0,0.0,0.0,0.10035364127544494,33.59243058282483,45.080894550467434,66.1823265810321
133,-926.3637163743831,0.30846160698160935,0.19858273975839702,0.21360555998078595,0.2793500932792077,7.734170505009786,0.1283537172471793,446736.5142663522,0.0,0.00024531705199994823,0.24300271135515183,0.167303913021057,0.167303913021057,0.0012346603227182064,0,3.4823287785409294,5.33638218464422,0.00016351680766544567,0,0.5658608629176118,0.7713991772865224,0.0,0,0.0,0.0,0.0,0.0,0.0,0.0,0.0,0.0,0.0,0.0,0.08097856441254267,33.66890133693372,45.097780513310866,66.20493257605486
