-6.326466551460492305e-01
-6.556085791973479404e-01
-5.748022176526513816e-01
5.457811211877467983e-01
-1.475106989739001007e+00
3.364722366212128946e-01
-1.104167362654585594e+00
-3.172988274379005547e-01
-4.469573638430906493e-01
-8.106830124752447686e-01
-2.220996329056471374e+00
-2.763347560268143877e+00
-3.211627038838414938e-01
-4.307849980688441272e-01
-1.079952253757696212e+00
-5.755223119450765257e-01
-1.835101024104220935e+00
-9.899582160018629562e-01
-9.235641239506390265e-01
-1.029586033933799660e+00
-6.151179382399493134e-01
-4.677156547003474274e-01
