-7.089443224814547806e-01
-9.426377509715568870e-01
-4.734341997430224769e-01
6.941224108453649677e-01
-2.455940189606905744e+00
-2.231435513142097093e-01
-2.678617942291481757e+00
-9.040341550796787695e-01
-1.759556032169333761e-01
-2.591923596062465363e-01
-1.250480845292575971e+00
-1.260758028799087427e+01
-2.401630121003495155e+00
-7.443395359151917523e-01
-7.755500868856756158e-01
-1.452043762354807699e+00
-8.560551867959108607e-01
-2.156639229245000067e+00
-1.590668102889265079e+00
-2.148372124437292197e+00
-8.143070975315223059e-01
-1.116327655285204390e+00
-1.334144395480015177e+00
