-7.250550726063154094e-01
-8.547078562158108017e-01
-5.511350466616870003e-01
6.111153733558143397e-01
-2.052486384128664465e+00
7.639472449946796417e-02
-2.236173723343654274e+00
-1.141390964585502710e+00
-9.344464373670386959e-01
-4.784768353684859532e-01
-1.841484858015784765e+00
-2.431343475019032585e+00
-2.093158180368360988e+00
-3.506939915583522360e-01
-6.881904493066091089e-01
-1.517998395189060545e+00
-1.205239690671007002e+00
-2.601272145148273651e+00
-1.087306650965503385e+00
-2.363672479588607267e+00
-1.823865307029004734e+00
-5.435239185447384713e-01
-6.382747263972086138e-01
