-6.300688317838576413e-01
-7.443098845218457660e-01
-5.812091040359409488e-01
5.111117337571470243e-01
-2.598838481160028913e+00
-2.231435513142097093e-01
3.364722366212128946e-01
-1.703347609440732491e+00
-3.751069181734181801e-01
-1.156164382043062933e+00
-1.217924222060823070e+00
-2.145843397016474530e+00
-2.516346393725574782e+00
-1.005718285807198242e+00
-8.123206852734937700e-01
-1.205644194850664874e+00
-7.114634022360870613e-01
-3.267637204145861674e+00
-1.605512992519184001e+00
-2.538585688487883463e+00
-2.330587483336877153e+00
-9.114629986611378909e-01
-1.027107006641253095e+00
