-6.935165551149314878e-01
-8.620453314003715395e-01
-4.755886854777716666e-01
6.931817504026036580e-01
-2.637519730535209828e+00
-1.281652137124513979e+00
-1.993681062951480287e+00
-1.131679266876968182e+00
-1.280483068718567319e+00
-3.961769756160816724e-01
-4.980360933167278237e-01
-3.935738156194284798e+00
-4.990502678728135244e+00
-1.823663856602818489e+00
-1.106904022785082153e+00
-3.287712892434969447e+00
-1.377239471512080593e+00
-2.047266185650959081e+00
-2.338018410871283148e+00
-1.417890786856663921e+00
-1.363470672443640508e+00
