-7.067505383832254351e-01
-8.086449015464088896e-01
-5.056671213521092278e-01
4.321369171294398015e-01
-2.051541773724309792e+00
3.364722366212128946e-01
-1.727842653951189522e+00
-5.586081128585579370e-01
-1.007007465965007231e+00
-1.474872257011011323e+00
-3.046209877961205237e+00
-4.455943933422800818e+00
-7.090066161541166423e-01
-2.849059778744652549e-01
-1.227935538661931725e+00
-1.118175849766104957e+00
-3.030076912152449786e+00
-8.433055587844511258e-01
-1.640250942899055930e+00
-1.362187299689157083e+00
-1.084524160641415325e+00
-5.430997351003620244e-01
