-6.120950867981435062e-01
-7.019373171670206801e-01
-6.136954161261108931e-01
5.784280277681156379e-01
-2.027360061681934500e+00
-2.231435513142096816e-01
3.364722366212128390e-01
-1.415248634660690286e+00
-4.072665432993023416e-01
-4.822584016682215924e-01
-1.017589947755384916e+00
-3.626339244025869935e+00
-2.859029645163508437e+00
-4.346707422928630105e-01
-5.223125342525705150e-01
-1.173201248461338553e+00
-1.256486280446962311e+00
-2.582439358640108207e+00
-1.562740668968232383e+00
-1.846412811888755279e+00
-8.024802451805610470e-01
-1.024538440489136892e+00
-7.891303535841965866e-01
