-7.389621626549569555e-01
-7.847062339685464405e-01
-6.457292803556188288e-01
4.256459854733948833e-01
-2.144012864405481000e+00
-2.231435513142097093e-01
3.364722366212128946e-01
-2.156323892708939649e+00
-3.168816703754587238e-01
-1.177186137471034844e+00
-1.581301773078239270e+00
-3.202761524962098427e+00
-2.169987360582911862e+00
-5.532142404122515345e-01
-3.064373300521006094e-01
-1.465664368609024271e+00
-7.697579801572389524e-01
-2.774128963423202698e+00
-1.060873259748160491e+00
-1.243361358766075453e+00
-1.644450274234073417e+00
-8.741006938152353634e-01
-8.118854985932786317e-01
