-7.285951401946687556e-01
-8.390711779891254496e-01
-4.349548209531865495e-01
6.340686803934656446e-01
-3.413918679376482412e+00
-1.522403085982116266e+00
3.364722366212128946e-01
-1.493479927311647248e+00
-7.181198854976021950e-01
-1.231536611244607338e+00
-1.434551511693627157e+00
-2.683142504642130888e+00
-3.023809117839834748e+00
-4.391920177185505425e-01
-8.581982150440184975e-01
-1.355610304537665067e+00
-1.545950978970326295e+00
-9.107908806682284419e-01
-1.058303783553851352e+00
-2.234982520476536560e+00
-1.781685160640096521e+00
