-6.479099597819263368e-01
-7.288576879816643928e-01
-5.959798845046937465e-01
6.187665997033267029e-01
-3.270024137513725115e+00
-3.628222201284306281e-01
3.364722366212128946e-01
-2.182053156435167729e+00
-2.827667109389359057e-01
-7.300761965375965890e-01
-2.143568079900424195e+00
-3.121896021765911744e+00
-1.099752691614339994e+01
-4.903497109780694529e-01
-9.753033935604472626e-01
-5.925528623811039397e-01
-1.406861358567769171e+00
-2.339567603008131158e+00
-1.571913386250649136e+00
-1.463110930215779870e+00
-7.951173732201807232e-01
