-6.280273667254665515e-01
-9.676602759122423514e-01
-5.545416193596250931e-01
5.436118137674321726e-01
-2.902050355112436808e+00
6.138399338163428309e-01
-2.340176086302810710e+00
-7.784683372631751030e-01
-1.504349416830190078e+00
-4.557896973216688519e-01
-1.275760862114267313e+00
-2.348986694326721025e+00
-3.265196926437189173e+00
-5.812804088118558310e-01
-1.071528625639067034e+00
-1.170808367526229743e+00
-1.555301145823742681e+00
-4.732754599269073381e+00
-1.954615115444759965e+00
-1.726035937474353910e+00
-1.772584659237488536e+00
-1.196368031585939518e+00
-4.100920547096080782e-01
