-6.368395981849126475e-01
-8.153264020728874240e-01
-5.213808941196257374e-01
4.689897638263288426e-01
-1.747487552827338586e+00
-2.231435513142096816e-01
3.364722366212128390e-01
-7.829056659672720686e-01
1.505880212170423449e-01
-6.451978844698487148e-01
-7.259663556856338351e-01
-2.709234517704927292e+00
-3.815271232867938345e+00
-8.181917216285741201e-01
-8.006608579753893284e-01
-1.348167593893588423e+00
-1.210847962868780048e+00
-1.965815438872243082e+00
-9.995342431815879003e-01
-1.848214186490407140e+00
-8.802532772623966606e-01
-1.367124754525701258e+00
-5.576968537601522113e-01
