-7.232955100961312445e-01
-8.437974553388172261e-01
-5.590290925496534946e-01
5.926525383374274814e-01
-1.983761626533774525e+00
-1.053605156578262814e-01
3.364722366212128390e-01
-1.835474025623222483e+00
-6.866099910255429872e-01
-5.462219269566930269e-01
-1.662407232243617417e+00
-2.519131417608830414e+00
-2.010384629937731926e+00
-3.198018200216899976e-01
-6.827568684149490919e-01
-1.493477487388335634e+00
-1.113337523748062052e+00
-2.468212754908840179e+00
-9.922385258610795233e-01
-2.255454992495104172e+00
-1.780951501305591211e+00
-4.756036890963677433e-01
-5.865851223265229342e-01
