-6.370176994703377060e-01
-6.576434641987500829e-01
-5.740953751789361625e-01
5.197303886006550133e-01
-1.541596598263891060e+00
-4.077590633471704917e-01
3.364722366212128390e-01
-8.283081470526165724e-01
-4.143958293831242479e-01
-4.458612377354132517e-01
-8.037892948635626533e-01
-2.263577799999823892e+00
-2.852703531313171670e+00
-3.446295280985211540e-01
-4.470022915518080397e-01
-3.481024093717351997e-01
-5.976922722815869449e-01
-1.849384631109266763e+00
-1.027161141163644542e+00
-6.478934163441509853e-01
-4.793913474044801393e-01
