140,-1102.190862556858,0.31952380952380954,0.19952380952380952,0.2228571428571429,0.25809523809523804,1.2,0.9,1.3999999999999997,0.14399999999999996,0.84,0.21600000000000003,0.21600000000000003,1.666606333767131,0,7.217127038433715,6.637284972631382,0.8075616278928295,0,1.930531134746131,1.8451603531022283,1.7902466791342317,0,2.098950090459693,2.5985229724488916,2.1423987623644694,0.0,8.736742356832206,10.369865184257824,2.1423987623644694,0.0,10.05852674326692,11.19249470066387,21.35134553020613,40.82518643570694,34.62258989470239,33.92818361138556
140,-1048.323155358004,0.23877242749409294,0.2607889241833884,0.16518957633420095,0.33524907198831777,1.4753887692224816,0.7312362394414212,1.576916978432777,0.05972758819184077,0.35177068596349337,0.07766355629158286,0.07766355629158286,0.6912665054246997,0,2.5949432963560253,2.3864590513668253,0.334956307988302,0,0.6941292289630068,0.663433865509962,4.576803557783783,0,6.058073722882748,7.508868048260951,0.46450918343623815,0.0,4.353793327231241,6.195242742021344,0.46450918343623815,0.0,5.688722505622661,7.058431930967313,13.45877642760438,27.03061549424249,26.535645703531706,26.29764285188981
140,-1021.9508804654231,0.32270777527412686,0.20254829388714277,0.20790155822833897,0.26684237261039134,1.706011222503581,0.6125803768779734,1.7114287363314877,0.04615753192978712,0.2735369980927786,0.07525079369388882,0.07525079369388882,0.5342113546197348,0,2.5143265640359362,2.312319269273299,0.25885452517176494,0,0.6725648154648618,0.6428230604788833,6.184927507217382,0,6.422820090846094,7.968057127039426,0.3151226589374673,0.0,4.06469591367486,6.017708009128468,0.3151226589374673,0.0,5.514077627527375,6.76261634295948,11.990291842867748,25.93424068136608,26.750063512554206,27.052113290353084
140,-1008.5780961567775,0.3367923470723756,0.191595130876171,0.21164506185905185,0.2599674601924016,1.969578614839955,0.5078058427599441,1.8640508193839953,0.0371021278017865,0.22991249774669106,0.08699788692387331,0.08699788692387331,0.4294072304909372,0,2.9068277870596524,2.673285960789391,0.20807121337429527,0,0.7775561544613921,0.7431715359055637,8.007964344356788,0,5.692646046032718,7.068067025100302,0.23210949470061004,0.0,4.115737550603386,6.03674150207009,0.23210949470061001,0.0,5.418559880203794,6.701369800944285,10.511344691610164,25.72262885031025,27.83761593710569,28.53894554518883
140,-979.2883355066054,0.3045794851088775,0.20449142426990916,0.2006435840158459,0.29028550660536745,3.6560174201169975,0.21541364132178756,2.697238691951845,3.059023205018258e-07,0.1262243276090284,0.1262243276090284,0.1262243276090284,3.5404079504333745e-06,0,4.217486146737195,3.8786427445365956,1.715520666115615e-06,0,1.1281481222760414,1.0782598375053989,1095868.895781891,0,4.213709122586241,5.245149039900014,3.457445103821138e-11,0.0,4.849457342548252,6.342831831677471,3.457445103821138e-11,0.0,4.849471545991685,6.342841085278189,0.0001411057969350737,27.026667790300998,37.531701836075,39.01139150478341
140,-973.3551990962102,0.3238359072422054,0.2042181109430409,0.1841264125987763,0.28781956921597734,4.247342668231055,0.1624128776622569,3.07709477761773,0.012541538425182243,0.1441407104499513,0.13159917202476903,0.13159917202476903,0.14515144010133738,0,4.397073808590047,4.043801883753387,0.07033378602028227,0,1.1761865689843918,1.1241739570425169,27.365861509615904,0,4.096524122131018,5.101848060083649,0.0596812639829029,0.0,5.942822969166661,7.341225015631865,0.059681263982902896,0.0,6.287892159184628,7.583085177436612,4.080776587854797,26.620503158584945,36.97268805362481,38.187213461747454
140,-971.0580999165254,0.2921724341172215,0.19825890146492076,0.23320620149338478,0.2763624629244729,5.295094554323367,0.10370482719485774,3.8578244652199736,0.026727932076132985,0.17779480738533848,0.1510668753092055,0.1510668753092055,0.309339867267923,0,5.047540881508155,4.642008802556335,0.14989203012229815,0,1.350181973209411,1.2904750416091846,13.188683726426074,0,3.6231416118017914,4.514885779957199,0.30186257462291693,0.0,8.20043521703333,9.417080294276722,0.3018625746229171,0.0,8.619947757148118,9.710815514578355,6.955410439122972,27.664186710661685,40.16896838416841,40.98010055478052
140,-969.466187952365,0.3094118379582287,0.20182650582870557,0.2081378387929428,0.280623817420123,5.0869347743999676,0.10805037107661408,3.822314512192255,0.023676783410185594,0.1820030581340845,0.15086261948920346,0.15086261948920346,0.2740269249628323,0,5.040716158354015,4.6357323947569276,0.132780984402746,0,1.34835640737623,1.2887302048454894,14.858475885548847,0,3.623948267804683,4.515696214432636,0.23594788322255994,0.0,8.026867591431586,9.257618684026856,0.23594788322255994,0.0,8.401163700179202,9.530106742084278,6.1996853580937765,27.95204488428505,40.28875579518586,41.114992881420285
140,-969.2661566814785,0.31461548281213103,0.20282276054056536,0.20111982105160184,0.28144193559570174,4.985359515497313,0.10792498112006929,3.869209762267392,0.02254119207177923,0.1886773646701116,0.15100959048770057,0.15100959048770057,0.2608839824825605,0,5.045626845238826,4.640248544755712,0.1264125122509096,0,1.349669981860042,1.2899856912319834,15.607924673463163,0,3.620539263245917,4.511453961372239,0.21509993781649558,0.0,8.02973249488377,9.26131705959299,0.21509993781649558,0.0,8.38116149326991,9.520910424382654,5.8850083417751495,28.320585890029392,40.465632599515786,41.26998593399274
140,-969.0695068201495,0.3157690023917043,0.2036128914332104,0.19862290989510595,0.2819951962799794,4.868342472887115,0.10657297556729806,3.960557162206806,0.020451506085210132,0.19658620682206404,0.15096246700931532,0.15096246700931532,0.23669867761589053,0,5.044052326118459,4.638800526445784,0.11469341352105838,0,1.3492488089794852,1.2895831432041283,17.213421535231756,0,3.6229429080390476,4.5145096095118875,0.18042591988498774,0.0,8.021071284569611,9.256166964261372,0.18042591988498766,0.0,8.338428723406793,9.4932340320556,5.342052059627646,28.80229091736726,40.7190055662369,41.500664069177645
140,-968.4887159444604,0.3155209836896618,0.2049001657457773,0.19680597170357841,0.28277287886098246,4.462921172931017,0.09995945768711154,4.3711555312873385,0.00981109376579541,0.2198415173326337,0.15205577783626575,0.15205577783626575,0.11355021535595727,0,5.0805827109823305,4.672395968677882,0.05502126981190926,0,1.3590204320877393,1.2989226514981391,35.99154562250147,0,3.6030906842930723,4.490067086338372,0.04635876540486311,0.0,7.937917735654146,9.203640703771566,0.046358765404863105,0.0,8.092061906179799,9.3224574338836,2.602017800044875,30.402842904229846,42.155711117050544,42.90817365270016
140,-968.1349527701125,0.3131530176402995,0.20409501165890354,0.2007872597207533,0.2819647109800436,4.1020968287461,0.09146470680481965,4.8269123063183255,3.059023205018258e-07,0.22882249458265236,0.15675564597045957,0.15675564597045957,3.5404079504333745e-06,0,5.237617643335864,4.81681432117989,1.715520666115615e-06,0,1.401026180987102,1.3390708475445416,1158893.568749045,0,3.5028144701758244,4.3654757998527085,5.1565509202776336e-11,0.0,8.001181352678827,9.31584439183477,5.1565509202776336e-11,0.0,8.001186067063163,9.315848094828727,8.135019235894809e-05,31.214776881387458,44.161201782590936,44.93364924783276
140,-968.1204701660491,0.31119536789825747,0.20318852371908358,0.20335510637550885,0.28226100200715015,4.09487075693236,0.09262661659885112,4.755798953461809,0.00250631962654055,0.2198812612545638,0.15580084712371456,0.15580084712371456,0.029007278916926057,0,5.20571530734925,4.787475098784583,0.014055608039089134,0,1.3924925286673755,1.3309145652426824,141.3695245930931,0,3.5232119968069315,4.390845753045056,0.0034006399381935485,0.0,8.038624422506631,9.355223781497427,0.0034006399381935485,0.0,8.0777931144268,9.385738535704775,0.6691622276296848,30.650610278873845,43.71506364776653,44.494135511299675
140,-968.0699474274446,0.31002766308056146,0.20268709374037355,0.20485795868021753,0.28242728449884746,4.0070733715120035,0.09240161596907569,4.778200537773686,7.455284309783542e-06,0.2109907359604416,0.15765650309300386,0.15765650309300386,8.62848892411109e-05,0,5.2677176447103085,4.844496013040775,4.18097328723102e-05,0,1.409077721371498,1.3467663375738401,47530.60693032963,0,3.481947419657881,4.339429031759068,3.093327493106984e-08,0.0,8.001626186599815,9.343340008348868,3.093327493106984e-08,0.0,8.001745433394083,9.343432959194523,0.002010316873357967,30.296361517744206,44.209190504012774,45.04378636411647
140,-968.0613359705081,0.31063165103633106,0.20341196472454137,0.2039812718650362,0.28197511237409134,4.0147935873688185,0.09225047119310446,4.773253486428214,3.059023205018258e-07,0.21269992223769355,0.15936727688508534,0.15936727688508534,3.5404079504333745e-06,0,5.32487908818936,4.897064962956303,1.715520666115615e-06,0,1.4243680087331694,1.3613804670843732,1158471.2048522683,0,3.4447053660838787,4.29302205204367,5.189066757459668e-11,0.0,8.086289438813857,9.425109526377934,5.189066757459668e-11,0.0,8.086294196510305,9.425113244820166,8.157071638092566e-05,30.356917640628545,44.43202385439426,45.258901792281236
140,-968.0797412945379,0.31140927503880766,0.20418804016040304,0.20277416422344283,0.28162852057734644,4.035106277143296,0.09230274704223836,4.7556505223892005,0.000798718482036661,0.21565419088947374,0.16053363191764108,0.16053363191764108,0.009244092229577557,0,5.363850071716541,4.932904920041188,0.004479266649872332,0,1.4347924749577838,1.3713439488608228,443.67376674997575,0,3.4196312370721746,4.261770769508975,0.0003496407339803509,0.0,8.180729632794243,9.511526075938882,0.0003496407339803509,0.0,8.192769600708374,9.520958986511879,0.21035674387235287,30.44783342786293,44.49653835597208,45.303283961522894
140,-968.0618079916233,0.3106715250115083,0.2034517421394135,0.20391934052421198,0.2819573923248662,4.0158338964622535,0.09225315418540116,4.772348209008071,4.0625773141321e-05,0.2128506021028767,0.15942694779974892,0.15942694779974892,0.0004701886863299458,0,5.326872850095039,4.898898541035932,0.0002278320520306249,0,1.4249013261340806,1.3618902004453481,8722.999253870701,0,3.443413657106405,4.291412122883376,9.147054236984627e-07,0.0,8.091104238877168,9.429516253230368,9.147054236984627e-07,0.0,8.091735076273942,9.43000935531887,0.010826134505102067,30.361497014102888,44.43524935372403,45.26110292811099
140,-968.0613642837254,0.31063455485285885,0.20341486144642565,0.2039767615965089,0.2819738221042066,4.014869343138036,0.09225066659062633,4.773187550009321,2.957366043648716e-06,0.2127108925471588,0.15937162191533186,0.15937162191533186,3.4227534580644396e-05,0,5.325024267056373,4.897198477789455,1.6585106503360653e-05,0,1.4244068430673005,1.3614175841100393,119829.26443708465,0,3.4446112756098386,4.29290478182085,4.849893176583565e-09,0.0,8.08662314511195,9.425414419132633,4.849893176583565e-09,0.0,8.086669135786646,9.42545036409965,0.0007885636758157326,30.357266013450868,44.432284214722486,45.259091509056375
140,-968.0613341524197,0.3106319052233223,0.20341221829010642,0.20398087705568835,0.28197499943088294,4.014800218658094,0.09225048829737793,4.773247714590744,2.5886694656091583e-07,0.21270088251068514,0.1593676572263111,0.1593676572263111,2.9960367551484715e-06,0,5.324891796388176,4.897076650146591,1.4517431442526344e-06,0,1.424371408087698,1.361383716114699,1368962.0544276694,0,3.444697129690746,4.293011786566017,3.716385430297496e-11,0.0,8.086302024972493,9.425120471408867,3.716385430297496e-11,0.0,8.086306051102724,9.425123618088008,6.902826039960623e-05,30.356963129565493,44.432072097958496,45.25894773084359
140,-968.0613320740028,0.3106317217286482,0.2034120352440252,0.2039811620640137,0.28197508096331286,4.014795431605855,0.09225047595000016,4.77325188121285,7.199372141734712e-08,0.21270018930027043,0.15936738266228193,0.15936738266228193,8.332305007334521e-07,0,5.324882622483181,4.897068213296105,4.0374560323510917e-07,0,1.424368954132111,1.3613813706764537,4922360.200865817,0,3.4447030754458443,4.293019197093308,2.8757123380088403e-12,0.0,8.086279786638265,9.425100114800578,2.8757123380088403e-12,0.0,8.086280906357299,9.425100989932346,1.9197569211277538e-05,30.35694215569189,44.43205741019304,45.25893777565543
140,-968.0613315456978,0.3106316750717171,0.20341198870116345,0.20398123453269,0.28197510169442946,4.014794214409316,0.09225047281044899,4.773252940654929,2.4477850897241283e-08,0.21270001303893218,0.15936731284932434,0.15936731284932434,2.8329820376631796e-07,0,5.3248802898489975,4.897066068071595,1.3727342442982037e-07,0,1.4243683301687395,1.3613807743056137,14477538.531495571,0,3.4447045872667745,4.293021081360333,3.3061558534942223e-13,0.0,8.086274132132315,9.425094938757503,3.3061558534942223e-13,0.0,8.086274512837281,9.42509523630265,6.527174635662085e-06,30.35693682273046,44.43205367559594,45.25893524440261
140,-968.0613313660897,0.31063165920836217,0.20341197287659257,0.20398125917203863,0.28197510874300663,4.014793800562576,0.09225047174300159,4.77325330086529,8.322467639044943e-09,0.2126999531101103,0.1593672891129257,0.1593672891129257,9.63213699986409e-08,0,5.324879496753606,4.897065338695474,4.667295496300368e-08,0,1.424368118021255,1.361380571539587,42581004.225945696,0,3.444705101286044,4.293021722011311,2.983851249798251e-14,0.0,8.086272209600835,9.425093178903301,2.983851249798251e-14,0.0,8.086272339040583,9.425093280068694,2.2192394984641e-06,30.356935009527064,44.43205240583677,45.25893438378035
140,-968.0613313050246,0.3106316538148216,0.20341196749623877,0.20398126754941703,0.2819751111395226,4.0147936598546945,0.09225047138006949,4.7732534233368185,2.829638795733596e-09,0.21269993273431476,0.15936728104255096,0.15936728104255096,3.2749263466963955e-08,0,5.3248792271012,4.897065090707618,1.586880355716201e-08,0,1.4243680458911177,1.361380502599145,125238256.66457525,0,3.4447052760526122,4.2930219398326654,3.0304936961170477e-15,0.0,8.086271555940193,9.425092580552924,3.0304936961170477e-15,0.0,8.086271599949711,9.42509261494916,7.545414404814653e-07,30.356934393038294,44.43205197411909,45.25893409116917
140,-968.0613312842629,0.3106316519810179,0.20341196566691847,0.2039812703977257,0.281975111954338,4.014793612014016,0.09225047125667257,4.773253464977139,9.620771591718671e-10,0.21269992580654468,0.1593672782986236,0.1593672782986236,1.113474921561474e-08,0,5.324879135419383,4.897065006391749,5.395393033467653e-09,0,1.4243680213668715,1.361380479159395,368347825.7538586,0,3.444705335473248,4.293022013891929,1.6723809524484562e-16,0.0,8.086271333695574,9.425092377113796,1.6723809524484562e-16,0.0,8.086271348658814,9.425092388808517,2.5654409015785915e-07,30.35693418343218,44.432051827335115,45.25893399168143
140,-968.061331277204,0.31063165135752463,0.20341196504494957,0.20398127136615057,0.2819751122313752,4.014793595748185,0.0922504712147176,4.773253479134848,3.2710623019252595e-10,0.21269992345110295,0.1593672773656884,0.1593672773656884,3.7858146878718965e-09,0,5.32487910424757,4.897064977724356,1.8344336093622427e-09,0,1.4243680130286285,1.361380471189881,1083375971.1232781,0,3.444705355676263,4.293022039072078,3.6000077838826006e-17,0.0,8.086271258132426,9.42509230794451,3.6000077838826006e-17,0.0,8.086271263219924,9.425092311920714,8.722498661883623e-08,30.3569341121661,44.432051777428605,45.25893395785562
140,-968.0613312748038,0.3106316511455368,0.20341196483348017,0.2039812716954151,0.2819751123255679,4.014793590217803,0.09225047120045296,4.773253483948469,1.1121611753957132e-10,0.2126999226502527,0.15936727704849035,0.15936727704849035,1.287176985475273e-09,0,5.32487909364915,4.89706496797744,6.237074231123368e-10,0,1.4243680101936254,1.3613804684802455,3186399935.8866034,0,3.44470536254529,4.293022047633329,8.809390983690304e-20,0.0,8.086271232440934,9.425092284426935,8.809390983690304e-20,0.0,8.086271234170685,9.425092285778842,2.965649376480668e-08,30.356934087935624,44.43205176046035,45.258933946354816
140,-968.0613312739878,0.310631651073461,0.20341196476158055,0.203981271807365,0.28197511235759337,4.014793588337473,0.09225047119560294,4.773253485585101,3.781347779724996e-11,0.21269992237796362,0.15936727694064307,0.15936727694064307,4.376401499906916e-10,0,5.324879090045689,4.89706496466349,2.1206051170997605e-10,0,1.4243680092297246,1.36138046755897,9371765054.210829,0,3.4447053648807575,4.293022050544154,1.097463647285845e-20,0.0,8.086271223705825,9.425092276430956,1.097463647285845e-20,0.0,8.086271224293942,9.425092276890604,1.008320614257148e-08,30.356934079697275,44.43205175469117,45.25893394244457
140,-968.0613312737105,0.3106316510489553,0.20341196473713466,0.20398127184542802,0.28197511236848205,4.014793587698161,0.09225047119395396,4.773253486141556,1.2856569353035255e-11,0.21269992228538537,0.15936727690397495,0.15936727690397495,1.487974994047566e-10,0,5.324879088820511,4.897064963536746,7.210050052676538e-11,0,1.424368008901998,1.361380467245736,27564042947.04414,0,3.4447053656748174,4.293022051533835,1.9058947212843098e-24,0.0,8.086271220735892,9.425092273712329,1.9058947212843098e-24,0.0,8.086271220935856,9.425092273868612,3.428287611372109e-09,30.35693407689623,44.43205175272966,45.25893394111509
140,-968.0613312737103,0.31063165104895524,0.2034119647371346,0.20398127184542808,0.28197511236848205,4.0147935876981595,0.09225047119395392,4.773253486141557,1.2856516273069172e-11,0.21269992228538512,0.15936727690397484,0.15936727690397484,1.4879688507553666e-10,0,5.3248790888205075,4.897064963536743,7.210020285076665e-11,0,1.424368008901997,1.361380467245735,27564156749.137463,0,3.4447053656748197,4.293022051533838,1.9058947212843083e-24,0.0,8.086271220735895,9.425092273712334,1.9058947212843083e-24,0.0,8.086271220935851,9.42509227386861,3.4282752294942987e-09,30.356934076896223,44.43205175272966,45.25893394111508
140,-968.0613312737103,0.3106316510489551,0.20341196473713458,0.20398127184542822,0.2819751123684821,4.014793587698158,0.09225047119395392,4.773253486141558,1.2856445499781081e-11,0.21269992228538484,0.15936727690397479,0.15936727690397479,1.487960659699103e-10,0,5.324879088820506,4.897064963536741,7.20998059494351e-11,0,1.4243680089019966,1.3613804672457346,27564308486.723614,0,3.4447053656748206,4.29302205153384,1.905894721284306e-24,0.0,8.086271220735883,9.42509227371232,1.905894721284306e-24,0.0,8.086271220935844,9.4250922738686,3.428251200882605e-09,30.356934076896213,44.432051752729656,45.25893394111508
140,-968.0613312736389,0.3106316510426431,0.20341196473083795,0.20398127185523218,0.28197511237128675,4.014793587533488,0.09225047119352921,4.773253486284886,6.428213902589277e-12,0.21269992226153916,0.1593672768945301,0.1593672768945301,7.43979305893418e-11,0,5.324879088504933,4.897064963246523,3.604985335846053e-11,0,1.4243680088175832,1.361380467165054,55128692848.26406,0,3.4447053658793494,4.293022051788753,4.576580140795183e-27,0.0,8.086271219970925,9.425092273012089,4.576580140795183e-27,0.0,8.0862712200709,9.425092273090224,1.7141239595743206e-09,30.356934076174724,44.43205175222442,45.25893394077264
140,-968.0613312735917,0.31063165103847723,0.2034119647266822,0.2039812718617028,0.28197511237313777,4.014793587424806,0.09225047119324888,4.773253486379483,2.1855852955414354e-12,0.21269992224580106,0.15936727688829655,0.15936727688829655,2.5295210392622667e-11,0,5.324879088296655,4.897064963054977,1.2256908466431061e-11,0,1.42436800876187,1.3613804671118046,162143765572.4348,0,3.444705366014338,4.293022051956999,0.0,0.0,8.086271219466026,9.425092272549907,0.0,0.0,8.086271219500018,9.425092272576478,5.828005836339268e-10,30.35693407569856,44.43205175189096,45.25893394054664
140,-968.0613312735916,0.3106316510384772,0.2034119647266822,0.20398127186170287,0.28197511237313777,4.014793587424806,0.09225047119324888,4.773253486379483,2.1855852955414354e-12,0.21269992224580106,0.15936727688829655,0.15936727688829655,2.5295210392622667e-11,0,5.324879088296655,4.897064963054977,1.2256908466431061e-11,0,1.42436800876187,1.3613804671118046,162143765572.4348,0,3.444705366014338,4.293022051956999,0.0,0.0,8.086271219466022,9.425092272549904,0.0,0.0,8.086271219500013,9.425092272576473,5.82800583633927e-10,30.356934075698568,44.43205175189095,45.258933940546626
140,-968.0613312735916,0.3106316510384772,0.2034119647266822,0.20398127186170287,0.28197511237313777,4.014793587424806,0.09225047119324888,4.773253486379483,2.1855852955414354e-12,0.21269992224580106,0.15936727688829655,0.15936727688829655,2.5295210392622667e-11,0,5.324879088296655,4.897064963054977,1.2256908466431061e-11,0,1.42436800876187,1.3613804671118046,162143765572.4348,0,3.444705366014338,4.293022051956999,0.0,0.0,8.086271219466022,9.425092272549904,0.0,0.0,8.086271219500013,9.425092272576473,5.82800583633927e-10,30.356934075698568,44.43205175189095,45.258933940546626
140,-968.0613312735795,0.31063165103740414,0.2034119647256118,0.20398127186336953,0.2819751123736146,4.014793587396812,0.09225047119317668,4.773253486403848,1.0927926477522162e-12,0.21269992224174725,0.15936727688669095,0.15936727688669095,1.2647605196097204e-11,0,5.324879088243007,4.89706496300564,6.128454233111773e-12,0,1.4243680087475197,1.361380467098089,324287531150.3708,0,3.444705366049108,4.293022052000334,0.0,0.0,8.086271219335988,9.425092272430877,0.0,0.0,8.086271219352982,9.42509227244416,2.9139922467768826e-10,30.35693407557591,44.432051751805076,45.25893394048843
140,-1136.658608603613,0.36019461964733585,0.22688914358391332,0.018467573058063874,0.394448663710687,3.635523100716176,0.07837304158429799,4.172681278668008,0.0006493615993571472,0.24160359958587077,0.16333871536586358,0.16333871536586358,0.007515487183290112,0,5.457575273564826,5.019100004383152,0.003641663265749648,0,1.4598633126075735,1.3953061190728757,549.2699619222067,0,3.373170410032712,4.204455816491563,0.00020915153961366758,0.0,8.315120471018002,9.651962551026662,0.00020915153961366758,0.0,8.3180709289812,9.662496486028786,0.17271902172201764,31.664268344876707,46.59973898188506,47.19529992255199
140,-972.0534238218827,0.3214811668102764,0.21136302180167638,0.15779258033971483,0.30936323104833235,3.923455810929697,0.08882780746710324,4.626697796945838,0.0001475478033972001,0.21915912040994515,0.160279605043624,0.160279605043624,0.0017076673866333414,0,5.355362366989887,4.925099138774716,0.0008274579465517646,0,1.4325220731552273,1.3691739473952727,2405.610213468836,0,3.4281607747207814,4.272549396284839,1.171416072583891e-05,0.0,8.098184643894715,9.430472031846765,1.171416072583891e-05,0.0,8.100144988373566,9.432314951535353,0.038855373113496586,30.68550302967926,44.77199462573771,45.54404087523531
140,-968.0604544101152,0.31079210151263675,0.2035448263689685,0.20327042476051774,0.28239264735787695,4.013404090173028,0.09219802433603867,4.771015024696612,2.205915487782938e-06,0.21279602027331707,0.15938096124028192,0.15938096124028192,2.5530505025653165e-05,0,5.325336318420344,4.897485458165129,1.237092154380552e-05,0,1.424490314630234,1.3614973644439403,160653.32175632997,0,3.444456764863659,4.292714479304544,2.6972119420463886e-09,0.0,8.086367320344547,9.425069138918978,2.6972119420463886e-09,0.0,8.086401551663297,9.425095961788076,0.0005880890960062049,30.361732712324837,44.43677673891116,45.262818538977314
140,-968.0603861205387,0.31083176848012195,0.20353389119366325,0.20323553994791999,0.2823988003782948,4.013207640916419,0.09219103494613563,4.770714520262745,3.059023205018258e-07,0.21280792599772733,0.1593847742760548,0.1593847742760548,3.5404079504333745e-06,0,5.325463721955414,4.897602625781033,1.715520666115615e-06,0,1.4245243941870738,1.3615299369552045,1158503.1422471306,0,3.4443806461937085,4.292619915023476,5.186328565937179e-11,0.0,8.086352861233632,9.425037504112396,5.186328565937179e-11,0.0,8.08635760801926,9.425041223710908,8.15514786327578e-05,30.362372053798772,44.43764890374773,45.263725706869366
140,-968.0603443217462,0.31087513650531273,0.20351656242603583,0.2032146676355451,0.28239363343310636,4.013010405419653,0.09218410857276776,4.770416241369102,3.059023205018258e-07,0.21281951455268924,0.15938624641535332,0.15938624641535332,3.5404079504333745e-06,0,5.325512909994005,4.897647861929384,1.715520666115615e-06,0,1.424537551644252,1.3615425125712595,1158506.8641700589,0,3.444355060825253,4.292588326045507,5.1864017184699784e-11,0.0,8.086330993336002,9.424992026304022,5.1864017184699784e-11,0.0,8.086335740248606,9.424995745855806,8.155117891773603e-05,30.36292406769744,44.437981971814885,45.264098750341134
140,-968.0599732168894,0.3111874794814768,0.20333408814636342,0.20315405339728004,0.2823243789748798,4.010130205858841,0.09208225023113539,4.7660725053198005,3.059023205018258e-07,0.21297447838418748,0.15939551077749686,0.15939551077749686,3.5404079504333745e-06,0,5.32582245665382,4.897932538835108,1.715520666115615e-06,0,1.4246203532162969,1.361621652542204,1158561.6010441922,0,3.444246453478316,4.292457343342716,5.1815704994420373e-11,0.0,8.084460713043697,9.422806043329192,5.1815704994420373e-11,0.0,8.084465463497533,9.422809763002922,8.155067393719979e-05,30.37071298049081,44.43803761723626,45.26460581054397
140,-968.0596123015082,0.31132977050712407,0.20321335410576347,0.20313980224850406,0.2823170731386085,4.0059037896322005,0.09193210008145121,4.759729645914818,3.059023205018258e-07,0.21318688478872105,0.15940295323305895,0.15940295323305895,3.5404079504333745e-06,0,5.326071128631919,4.898161231883542,1.715520666115615e-06,0,1.424686871235656,1.3616852290418935,1158642.2985159867,0,3.444220651724596,4.292431631313727,5.1734562351627255e-11,0.0,8.080561852835633,9.418523258985804,5.1734562351627255e-11,0.0,8.080566607018284,9.41852697972951,8.154795449713114e-05,30.38187942970037,44.43483520307596,45.26169791531963
140,-968.058849104985,0.3113670834730754,0.20313516173330834,0.20315703056037682,0.2823407242332394,3.9943673767989685,0.09152615739156675,4.7427412024485065,3.059023205018258e-07,0.21371977473374767,0.15943341977085632,0.15943341977085632,3.5404079504333745e-06,0,5.3270890956398125,4.8990974128719245,1.715520666115615e-06,0,1.424959170308738,1.3619454866698564,1158860.5267429769,0,3.4439274764993795,4.292083678309053,5.15288010320026e-11,0.0,8.069525562083356,9.406687700577098,5.15288010320026e-11,0.0,8.069530323679485,9.4066914243969,8.1531108886842e-05,30.410572385140394,44.42420126587821,45.251485338415506
140,-968.0583696868358,0.3112140992642962,0.20352482272083985,0.2032337182899203,0.28202735972494364,3.979886200171661,0.09107672086000473,4.725184972650515,3.059023205018258e-07,0.21398428850345744,0.15965113900524022,0.15965113900524022,3.5404079504333745e-06,0,5.334363666812308,4.9057875267729845,1.715520666115615e-06,0,1.4269050673486048,1.3638053334263052,1159102.2324653508,0,3.439634563146001,4.286752793887391,5.131986515703471e-11,0.0,8.066218062863072,9.403586910742082,5.131986515703471e-11,0.0,8.066222823392618,9.403590630362904,8.144584478518745e-05,30.424729411761575,44.43242287290659,45.26061051930405
140,-968.0582064790816,0.3107939270942546,0.20338891066714804,0.2033413407576543,0.2824758214809431,3.9746627599386,0.09092931953850722,4.719782621577307,3.059023205018258e-07,0.2139834310271292,0.1596732167344336,0.1596732167344336,3.5404079504333745e-06,0,5.335101341702627,4.906465935014674,1.715520666115615e-06,0,1.4271023902356064,1.3639939304197966,1159181.5264459914,0,3.4392913531205145,4.286331377906926,5.126259683260109e-11,0.0,8.062997683287831,9.400088819793723,5.126259683260109e-11,0.0,8.063002442558194,9.400092542292242,8.14448787401912e-05,30.424470176640916,44.431329013364,45.25946193629905
140,-968.0581505083596,0.3108846848159206,0.2034306219637991,0.2033644867437562,0.2823202064765241,3.9774301872089013,0.0910247925351291,4.723764287320757,3.059023205018258e-07,0.21386765320604548,0.15965032780738503,0.15965032780738503,3.5404079504333745e-06,0,5.334336562562427,4.905762600146438,1.715520666115615e-06,0,1.4268978171508462,1.363798403842412,1159130.1658726253,0,3.4396986829282223,4.286834931985581,5.1310729247004974e-11,0.0,8.064803802897952,9.402166124155158,5.1310729247004974e-11,0.0,8.0648085633601,9.402169846181366,8.145662825703139e-05,30.418672837161473,44.431214848647436,45.259485814758804
140,-968.0581431823974,0.31088496588607173,0.20344370231545422,0.20335943778577903,0.282311894012695,3.9772827428790443,0.09103114632909054,4.7243055251769235,3.059023205018258e-07,0.2138059922458287,0.15963812683255738,0.15963812683255738,3.5404079504333745e-06,0,5.333928895963706,4.905387686503498,1.715520666115615e-06,0,1.4267887691796468,1.3636941781247214,1159126.7479524682,0,3.439955867932659,4.287155184566969,5.132252815773238e-11,0.0,8.064568537586858,9.40206959664982,5.132252815773238e-11,0.0,8.064573298987705,9.402073319446743,8.146556065918243e-05,30.415769774753183,44.430086331599746,45.25850097534224
140,-968.0581294380626,0.31088823745041766,0.2034414796894618,0.20336509262952226,0.2823051902305983,3.9754828639403903,0.09101886941454994,4.72499860448113,3.059023205018258e-07,0.21362894130346088,0.1596201557443493,0.1596201557443493,3.5404079504333745e-06,0,5.33332843472937,4.904835467828936,1.715520666115615e-06,0,1.4266281499883924,1.3635406617383155,1159133.3521371922,0,3.4403541903303054,4.287652133182697,5.134352205738203e-11,0.0,8.064171496940094,9.402072847919325,5.134352205738203e-11,0.0,8.064176260871164,9.402076572591632,8.148650870035685e-05,30.407084130959895,44.42863929444579,45.257552352040506
140,-968.0596736236145,0.31115381693531396,0.20376936921517216,0.2025116910599042,0.2825651227896097,3.9709409101304316,0.09099512598342877,4.727440104414606,2.40184307231397e-05,0.21332160474081122,0.1596593622258561,0.1596593622258561,0.00027798103312730337,0,5.334638426200502,4.906040211303635,0.0001346969653764573,0,1.4269785635681735,1.3638755795404498,14763.058147210426,0,3.4395306915009525,4.2866268394089815,3.167861056394963e-07,0.0,8.07008707021647,9.409045479576232,3.167861056394963e-07,0.0,8.070460044087923,9.409337906374166,0.006396641047601274,30.389688306226816,44.43851212292141,45.26689884168559
140,-968.0581293812536,0.31089193395947223,0.20344604574534741,0.2033532063661543,0.28230881392902607,3.9754195837807282,0.09101853875623843,4.725032592527427,3.343392368191159e-07,0.21362466086597498,0.15962070160951827,0.15962070160951827,3.869527011872274e-06,0,5.333346673517658,4.904852241267284,1.8749967941256356e-06,0,1.4266330287370224,1.3635453247418707,1060544.4935966893,0,3.4403427221916596,4.287637854828088,6.133234743563255e-11,0.0,8.064235911999358,9.402152921597187,6.133234743563255e-11,0.0,8.064241118601068,9.40215699252927,8.906140708307362e-05,30.40685805208748,44.428804084344875,45.25771397009804
140,-968.0581252620132,0.3108887281176445,0.20344208578229706,0.20336351485755724,0.28230567124250117,3.9754744641571333,0.09101882552333085,4.725003115995682,4.4379579225181716e-08,0.2136283731223076,0.15962022820166738,0.15962022820166738,5.136339432403337e-07,0,5.333330855718581,4.904837694309809,2.4888364752976774e-07,0,1.426628797586117,1.3635412806983647,7989746.536650805,0,3.4403526680625047,4.287650237890002,1.0823002299883503e-12,0.0,8.064164340567633,9.4020685986867,1.0823002299883503e-12,0.0,8.064165031706436,9.402069139055305,1.18218802220999e-05,30.40706831778313,44.42868541068891,45.25760171497784
140,-968.0581248657797,0.3108884042771879,0.2034416857610455,0.2033645561868832,0.2823053537748834,3.975480008012092,0.09101885449153307,4.725000138395595,1.50890510314524e-08,0.2136287481218171,0.15962018037983375,0.15962018037983375,1.7463547235801417e-07,0,5.333329257865578,4.904836224832319,8.462040704387279e-08,0,1.4266283701715856,1.3635408721847007,23499263.40009052,0,3.4403536727591795,4.287651488783089,1.259708167524375e-13,0.0,8.064157110801755,9.402060080816609,1.259708167524375e-13,0.0,8.064157345789685,9.402060264541884,4.019438791703133e-06,30.407089558036944,44.42867342300774,45.257590375688864
140,-968.0581247318914,0.3108882941715095,0.20344154975380252,0.20336491023900524,0.2823052458356828,3.975481892924539,0.09101886434072393,4.724999126011992,5.130276663621084e-09,0.21362887562169602,0.15962016412041355,0.15962016412041355,5.937605264978199e-08,0,5.333328714595665,4.904835725210073,2.8770934541766927e-08,0,1.4266282248506739,1.3635407332900826,69115489.5288796,0,3.440354014356114,4.28765191408682,9.305542965765363e-15,0.0,8.064154652686195,9.40205718474574,9.305542965765363e-15,0.0,8.064154732582175,9.402057247212326,1.3666091262434545e-06,30.40709677972283,44.42866934720837,45.257586520343494
140,-968.0581246864656,0.3108882567355876,0.20344150351133797,0.20336503061674416,0.2823052091363303,3.975482533794974,0.09101886768944906,4.724998781801617,1.7442939802694662e-09,0.21362891897166017,0.15962015859221113,0.15962015859221113,2.0187856912978974e-08,0,5.333328529883909,4.904835555338522,9.78211726548662e-09,0,1.426628175441568,1.3635406860659163,203280861.18770322,0,3.440354130499079,4.287652058690097,1.0862318339862218e-15,0.0,8.06415381692745,9.402056200082203,1.0862318339862218e-15,0.0,8.06415384409209,9.402056221320843,4.6464709958586096e-07,30.407099235096,44.42866796143802,45.25758520952756
140,-968.0581246710316,0.3108882440073753,0.2034414877888997,0.20336507154517744,0.28230519665854753,3.975482751690946,0.09101886882801564,4.724998664770095,5.930599430940452e-10,0.21362893371064856,0.15962015671262234,0.15962015671262234,6.8638712323896546e-09,0,5.333328467081913,4.904835497582196,3.325919813076778e-09,0,1.4266281586424723,1.3635406700097,597884895.810805,0,3.4403541699876876,4.2876521078552114,7.126668508998465e-17,0.0,8.064153532769557,9.402055865296681,7.126668508998465e-17,0.0,8.064153542005535,9.402055872517817,1.5798001148399963e-07,30.407100069922862,44.42866749027627,45.25758476385032
140,-968.0581246657856,0.3108882396797832,0.2034414824432707,0.20336508546084495,0.28230519241610114,3.975482825775579,0.09101886921512825,4.724998624979379,2.0164036694524258e-10,0.21362893872190472,0.1596201560735621,0.1596201560735621,2.333716060375485e-09,0,5.333328445729233,4.904835477945043,1.1308126595778308e-09,0,1.4266281529307792,1.3635406645505859,1758485106.897932,0,3.4403541834138154,4.287652124571353,3.3190673903841605e-19,0.0,8.064153436155875,9.40205575146961,3.3190673903841605e-19,0.0,8.06415343929611,9.402055753924795,5.371320065676465e-08,30.407100353764,44.42866733008132,45.25758461232011
140,-968.0581246640019,0.31088823820840195,0.2034414806257568,0.20336509019217194,0.28230519097366924,3.9754828509643545,0.09101886934674656,4.724998611450534,6.855772390204367e-11,0.21362894042573186,0.15962015585628167,0.15962015585628167,7.934634505819739e-10,0,5.333328438469324,4.904835471268414,3.8447629943723295e-10,0,1.4266281509888041,1.3635406626944877,5172015084.800892,0,3.440354187978698,4.287652130254839,5.0568161177365555e-20,0.0,8.064153403307218,9.402055712768398,5.0568161177365555e-20,0.0,8.0641534043749,9.402055713603163,1.8262488234523175e-08,30.40710045026998,44.428667275615,45.2575845607998
140,-968.0581246633957,0.31088823770813223,0.2034414800078021,0.20336509180082316,0.2823051904832425,3.975482859528538,0.0910188693914968,4.724998606850727,2.3309627172582846e-11,0.213628941005033,0.15962015578240626,0.15962015578240626,2.697775853026181e-10,0,5.3333284360009525,4.904835468998358,1.3072194767406902e-10,0,1.426628150328532,1.3635406620634138,15211808390.08378,0,3.440354189530759,4.287652132187226,2.7674242910532416e-21,0.0,8.064153392138671,9.402055699609985,2.7674242910532416e-21,0.0,8.064153392501682,9.402055699893804,6.209248367382541e-09,30.407100483082004,44.42866725709645,45.2575845432829
140,-968.0581246631895,0.3108882375380406,0.2034414797976975,0.2033650923477646,0.2823051903164973,3.9754828624403604,0.09101886940671187,4.724998605286793,7.925256932981777e-12,0.21362894120199544,0.1596201557572887,0.1596201557572887,9.172419028638404e-11,0,5.333328435161708,4.9048354682265405,4.444537076574791e-11,0,1.42662815010404,1.3635406618488493,44740704962.572105,0,3.440354190058459,4.2876521328442365,5.857243676744831e-25,0.0,8.064153388341385,9.402055695136145,5.857243676744831e-25,0.0,8.064153388464808,9.402055695232642,2.1111378048321583e-09,30.407100494238104,44.42866725080017,45.25758453732718
140,-968.0581246631193,0.31088823748020944,0.20344147972626195,0.20336509253372462,0.28230519025980405,3.97548286343038,0.09101886941188501,4.724998604755055,2.694591610116676e-12,0.21362894126896267,0.1596201557487487,0.1596201557487487,3.118627391900156e-11,0,5.333328434876365,4.904835467964122,1.5111449910917944e-11,0,1.4266281500277125,1.363540661775897,131590101022.73425,0,3.440354190237877,4.2876521330676205,2.5068570393458563e-35,0.0,8.064153387050293,9.402055693615022,2.5068570393458563e-35,0.0,8.064153387092256,9.402055693647831,7.177871900028804e-10,30.407100498031173,44.42866724865941,45.25758453530221
140,-968.0581246630954,0.3108882374605468,0.20344147970197385,0.20336509259695104,0.2823051902405283,3.975482863766987,0.09101886941364387,4.724998604574266,9.161607929848515e-13,0.2136289412917315,0.15962015574584504,0.15962015574584504,1.0603329030122717e-11,0,5.333328434779347,4.904835467874897,5.1378909819057805e-12,0,1.4266281500017608,1.3635406617510928,387029858628.58136,0,3.4403541902988803,4.287652133143572,0.0,0.0,8.064153386611327,9.40205569309785,0.0,0.0,8.064153386625595,9.402055693109004,2.44047358799023e-10,30.407100499320826,44.428667247931585,45.25758453461374
140,-968.0581246630874,0.3108882374538615,0.2034414796937159,0.203365092618448,0.28230519023397455,3.9754828638814335,0.09101886941424185,4.724998604512796,3.1148899876463554e-13,0.2136289412994729,0.15962015574485786,0.15962015574485786,3.6050662377772484e-12,0,5.333328434746362,4.904835467844563,1.7468511313408104e-12,0,1.4266281499929376,1.36354066174266,1138343837490.7212,0,3.44035419031962,4.287652133169394,0.0,0.0,8.06415338646207,9.402055692922001,0.0,0.0,8.06415338646692,9.402055692925792,8.297382824396437e-11,30.407100499759302,44.428667247684075,45.25758453437963
140,-968.0581246630846,0.3108882374515885,0.2034414796909082,0.203365092625757,0.2823051902317462,3.9754828639203454,0.0910188694144452,4.724998604491897,1.0590306972811901e-13,0.21362894130210494,0.15962015574452218,0.15962015574452218,1.2256856025990646e-12,0,5.333328434735146,4.904835467834249,5.939114957533864e-13,0,1.4266281499899376,1.3635406617397925,3348170955763.117,0,3.440354190326673,4.287652133178174,0.0,0.0,8.064153386411329,9.40205569286222,0.0,0.0,8.064153386412979,9.402055692863511,2.8207593108588205e-11,30.40710049990838,44.42866724759995,45.25758453430005
140,-968.0581246630846,0.3108882374515885,0.2034414796909082,0.203365092625757,0.2823051902317462,3.9754828639203454,0.0910188694144452,4.724998604491897,1.0590306972811901e-13,0.21362894130210494,0.15962015574452218,0.15962015574452218,1.2256856025990646e-12,0,5.333328434735146,4.904835467834249,5.939114957533864e-13,0,1.4266281499899376,1.3635406617397925,3348170955763.117,0,3.440354190326673,4.287652133178174,0.0,0.0,8.064153386411329,9.40205569286222,0.0,0.0,8.064153386412979,9.402055692863511,2.8207593108588205e-11,30.40710049990838,44.42866724759995,45.25758453430005
140,-968.0581246630846,0.3108882374515885,0.2034414796909082,0.203365092625757,0.2823051902317462,3.9754828639203454,0.0910188694144452,4.724998604491897,1.0590306972811901e-13,0.21362894130210494,0.15962015574452218,0.15962015574452218,1.2256856025990646e-12,0,5.333328434735146,4.904835467834249,5.939114957533864e-13,0,1.4266281499899376,1.3635406617397925,3348170955763.117,0,3.440354190326673,4.287652133178174,0.0,0.0,8.064153386411329,9.40205569286222,0.0,0.0,8.064153386412979,9.402055692863511,2.8207593108588205e-11,30.40710049990838,44.42866724759995,45.25758453430005
140,-968.058124663084,0.310888237451003,0.203441479690185,0.20336509262763966,0.28230519023117223,3.9754828639303676,0.09101886941449755,4.7249986044865135,5.2951534864013316e-14,0.21362894130278295,0.15962015574443575,0.15962015574443575,6.128428012989977e-13,0,5.333328434732258,4.904835467831593,2.9695574787643415e-13,0,1.426628149989165,1.3635406617390542,6696341911531.913,0,3.440354190328488,4.287652133180435,0.0,0.0,8.064153386398269,9.40205569284683,0.0,0.0,8.064153386399095,9.402055692847473,1.4103389788844129e-11,30.407100499946782,44.428667247578296,45.25758453427957
140,-968.0581246630834,0.31088823745061667,0.2034414796897077,0.2033650926288821,0.28230519023079353,3.9754828639369832,0.0910188694145321,4.724998604482961,1.8004939565530962e-14,0.2136289413032304,0.1596201557443787,0.1596201557443787,2.0838296054866893e-13,0,5.333328434730352,4.90483546782984,1.0097290490036251e-13,0,1.4266281499886553,1.3635406617385668,19693572472114.734,0,3.440354190329687,4.287652133181927,0.0,0.0,8.064153386389634,9.402055692836656,0.0,0.0,8.064153386389913,9.402055692836871,4.7974919653832155e-12,30.407100499972124,44.428667247563986,45.25758453426603
140,-968.0581246630834,0.31088823745048527,0.2034414796895454,0.20336509262930463,0.28230519023066475,3.9754828639392312,0.09101886941454387,4.724998604481752,6.11388203750686e-15,0.21362894130338253,0.1596201557443593,0.1596201557443593,7.075996199731964e-14,0,5.3333284347297045,4.904835467829244,3.428705924273452e-14,0,1.4266281499884819,1.3635406617384012,57996143859919.9,0,3.4403541903300945,4.287652133182434,0.0,0.0,8.06415338638671,9.402055692833212,0.0,0.0,8.064153386386806,9.402055692833287,1.6256469085991094e-12,30.407100499980736,44.428667247559126,45.25758453426144
140,-968.1928311673903,0.3179257821518275,0.2005588828760573,0.19658497013730455,0.2849303648348107,3.9385927227015225,0.09087211160387779,4.749152525237647,0.0007914962423251478,0.21378826201285409,0.1603915182342027,0.1603915182342027,0.009160504518138721,0,5.359101680479159,4.928538026450952,0.004438763846688569,0,1.433522313427454,1.3701299556464068,448.01947859528855,0,3.4239398937330243,4.267201552601773,0.00034475124194914965,0.0,8.193652869060589,9.529690565373063,0.00034475124194914965,0.0,8.205553841221338,9.539127077719117,0.20923736955445174,30.336840643285157,44.58272069498639,45.39615557713665
140,-968.0581596203365,0.3109088322811655,0.20343288848539007,0.20334525940437842,0.282313019829066,3.975373185912635,0.09101843476121045,4.725069902210465,2.3253463287017964e-06,0.21362942352693662,0.1596224329740077,0.1596224329740077,2.691275638622611e-05,0,5.3334045229503895,4.904905442931672,1.3040697684868317e-05,0,1.4266485030567095,1.3635601147655405,152485.52412958688,0,3.44030549951578,4.287591469330558,2.9667135913424546e-09,0.0,8.064529239148829,9.40242658938617,2.9667135913424546e-09,0.0,8.064565449066817,9.402454901224408,0.0006194141770759344,30.406887073212797,44.429100460223694,45.257972655194145
140,-968.0581253941983,0.31088868122922314,0.2034412945558014,0.2033646652623657,0.2823053589526098,3.9754805004823397,0.09101886004828498,4.725000140847871,5.010728722130464e-08,0.21362895169545057,0.1596202048154958,0.1596202048154958,5.799244600757998e-07,0,5.333330074325195,4.904836975695526,2.8100501692868303e-07,0,1.4266285885688375,1.363541080924121,7076447.4269991275,0,3.440353141096092,4.28765082594252,1.3762422425933487e-12,0.0,8.064161485097701,9.40206368477892,1.3762422425933487e-12,0.0,8.06416226543856,9.402064294887762,1.3347632099905964e-05,30.4070959005628,44.428676581363334,45.25759289644019
140,-968.0581247137771,0.31088826824019355,0.20344146684470665,0.20336506297840207,0.2823052019366977,3.9754826999613737,0.0910188687647095,4.724998711075703,3.476489824824762e-09,0.21362894202446797,0.15962015914895172,0.15962015914895172,4.023569417590232e-08,0,5.333328548486074,4.904835572446142,1.9496387377002383e-08,0,1.4266281804175174,1.3635406908218222,101994137.81245162,0,3.440354117533425,4.287652042485115,4.108047590290825e-15,0.0,8.064153948280945,9.402056247319765,4.108047590290825e-15,0.0,8.064154002421823,9.402056289649734,9.26071475391021e-07,30.407100180872394,44.428667895143036,45.257585114433226
140,-968.0581246803185,0.3108882479189411,0.20344147532224494,0.20336508254814178,0.2823051942106722,3.9754828081875235,0.09101886919360418,4.7249986407232845,1.182006507518765e-09,0.21362894154860335,0.1596201569019141,0.1596201569019141,1.3680135638782918e-08,0,5.333328473406649,4.904835503398786,6.628771523553972e-09,0,1.4266281603342947,1.3635406716267078,299982766.5674302,0,3.4403541655793655,4.287652102345519,2.610727786013144e-16,0.0,8.064153577429753,9.402055881357462,2.610727786013144e-16,0.0,8.064153595837652,9.402055895749648,3.1486429478150316e-07,30.40710039148683,44.42866746773598,45.25758473151826
140,-968.0581246689432,0.31088824100971557,0.20344147820460806,0.2033650892018529,0.2823051915838235,3.975482844984416,0.0910188693394284,4.724998616803463,4.018821973269995e-10,0.21362894138680932,0.15962015613792135,0.15962015613792135,4.651245940926594e-09,0,5.333328447879645,4.904835479922686,2.2537822326009663e-09,0,1.4266281535059993,1.363540665100369,882302287.9853431,0,3.440354181914985,4.287652122698056,1.864936861300986e-17,0.0,8.064153451340346,9.402055756930283,1.864936861300986e-17,0.0,8.064153457599033,9.402055761823625,1.0705386047535692e-07,30.407100463095734,44.42866732241758,45.25758460132717
140,-968.0581246650756,0.31088823866057885,0.20344147918461156,0.20336509146411466,0.28230519069069493,3.9754828574953596,0.09101886938900863,4.724998608670724,1.3663994735061915e-10,0.21362894133179935,0.15962015587816378,0.15962015587816378,1.5814236229177031e-09,0,5.3333284392004625,4.90483547194081,7.662859605392815e-10,0,1.4266281511843786,1.3635406628814135,2595006724.381787,0,3.440354187469097,4.2876521296179195,6.426009100541581e-18,0.0,8.064153408469947,9.402055714625035,6.426009100541581e-18,0.0,8.064153410597902,9.402055716288775,3.6398311746573645e-08,30.40710048744276,44.428667273009346,45.25758455706222
140,-968.0581246637607,0.3108882378618724,0.20344147951781272,0.20336509223328364,0.2823051903870312,3.9754828617490796,0.09101886940586587,4.724998605905592,4.6457582047257843e-11,0.213628941313096,0.15962015578984617,0.15962015578984617,5.376840311907368e-10,0,5.3333284362495395,4.904835469226972,2.605372262920017e-10,0,1.4266281503950273,1.3635406621269686,7632372727.245395,0,3.440354189357495,4.287652131970673,5.2377625265617216e-20,0.0,8.064153393894001,9.402055700241245,5.2377625265617216e-20,0.0,8.064153394617506,9.402055700806912,1.2375423679329949e-08,30.407100495720762,44.42866725621051,45.257584542012104
140,-968.0581246633135,0.31088823759031226,0.2034414796311011,0.20336509249480117,0.2823051902837855,3.975482863195345,0.09101886941159734,4.724998604965447,1.5795577535634055e-11,0.2136289413067368,0.15962015575981822,0.15962015575981822,1.8281256643331622e-10,0,5.333328435246227,4.9048354683042685,8.858265491794478e-11,0,1.426628150126648,1.3635406618704575,22448155592.310192,0,3.44035418999955,4.287652132770609,6.528474091352127e-22,0.0,8.064153388938186,9.40205569535076,6.528474091352127e-22,0.0,8.064153389184176,9.40205569554309,4.207644152428462e-09,30.40710049853527,44.42866725049895,45.25758453689508
140,-968.0581246631614,0.3108882374979818,0.20344147966961917,0.20336509258371704,0.282305190248682,3.9754828636870747,0.09101886941354605,4.724998604645798,5.370487146294752e-12,0.21362894130457472,0.1596201557496087,0.1596201557496087,6.215616592659584e-11,0,5.3333284349051,4.904835467990548,3.0118050989161854e-11,0,1.426628150035399,1.3635406617832435,66024100334.10617,0,3.4403541902178487,4.287652133042587,1.058054561369571e-28,0.0,8.064153387253214,9.402055693688002,1.058054561369571e-28,0.0,8.06415338733685,9.402055693753395,1.4305964231837787e-09,30.407100499492213,44.428667248557005,45.25758453515532
140,-968.0581246631616,0.31088823749798167,0.20344147966961926,0.20336509258371716,0.28230519024868195,3.9754828636870756,0.09101886941354605,4.724998604645798,5.3704694248975454e-12,0.21362894130457472,0.1596201557496087,0.1596201557496087,6.215596082525676e-11,0,5.3333284349051,4.904835467990548,3.011795160638146e-11,0,1.426628150035399,1.3635406617832435,66024318199.47596,0,3.4403541902178487,4.287652133042587,1.0580545613695712e-28,0.0,8.064153387253217,9.402055693688006,1.0580545613695712e-28,0.0,8.064153387336852,9.402055693753391,1.430590049919457e-09,30.407100499492213,44.42866724855702,45.257584535155324
140,-968.0581246631614,0.3108882374979818,0.20344147966961917,0.20336509258371704,0.282305190248682,3.9754828636870747,0.09101886941354605,4.724998604645798,5.370487146294752e-12,0.21362894130457472,0.1596201557496087,0.1596201557496087,6.215616592659584e-11,0,5.3333284349051,4.904835467990548,3.0118050989161854e-11,0,1.426628150035399,1.3635406617832435,66024100334.10617,0,3.4403541902178487,4.287652133042587,1.058054561369571e-28,0.0,8.064153387253214,9.402055693688002,1.058054561369571e-28,0.0,8.06415338733685,9.402055693753395,1.4305964231837787e-09,30.407100499492213,44.428667248557005,45.25758453515532
140,-968.0581246630882,0.3108882374570256,0.20344147968670512,0.20336509262315863,0.2823051902331106,3.9754828639051976,0.09101886941441044,4.724998604504007,3.7308857546901415e-13,0.21362894130361562,0.15962015574545302,0.15962015574545302,4.317998492588996e-12,0,5.333328434766248,4.904835467862852,2.0923056760692633e-12,0,1.426628149998257,1.363540661747744,950395175580.2257,0,3.4403541903066412,4.287652133153212,0.0,0.0,8.064153386502948,9.402055692948576,0.0,0.0,8.064153386508757,9.40205569295312,9.938358363460652e-11,30.40710049993039,44.42866724777938,45.257584534471846
140,-968.0581294380621,0.31088823745396793,0.20344147968798074,0.2033650926261032,0.28230519023194817,3.9754828639214823,0.091018869414475,4.724998604493421,3.059023205018258e-07,0.2136289413035441,0.1596201557451427,0.1596201557451427,3.5404079504333745e-06,0,5.33332843475588,4.904835467853316,1.715520666115615e-06,0,1.4266281499954836,1.3635406617450931,1159133.3521372324,0,3.4403541903132715,4.287652133161472,5.134353665367029e-11,0.0,8.064171497001846,9.402072847981277,5.134353665367029e-11,0.0,8.064176260932916,9.402076572653584,8.148650870109608e-05,30.407084130937832,44.42863929461052,45.25755235220227
140,-968.0581246630882,0.3108882374570256,0.20344147968670512,0.20336509262315863,0.2823051902331106,3.9754828639051976,0.09101886941441044,4.724998604504007,3.7308857546901415e-13,0.21362894130361562,0.15962015574545302,0.15962015574545302,4.317998492588996e-12,0,5.333328434766248,4.904835467862852,2.0923056760692633e-12,0,1.426628149998257,1.363540661747744,950395175580.2257,0,3.4403541903066412,4.287652133153212,0.0,0.0,8.064153386502948,9.402055692948576,0.0,0.0,8.064153386508757,9.40205569295312,9.938358363460652e-11,30.40710049993039,44.42866724777938,45.257584534471846
