-6.353313135436237102e-01
-6.596081036137062537e-01
-5.754342760536096391e-01
5.530342657843740906e-01
-1.515143264356002550e+00
-2.843904306709244878e+00
-4.187827704373507487e+00
-7.670488567705818772e-01
-4.578442663297545012e-01
-4.535505506575002732e-01
-8.096109211288543550e-01
-2.268593303879269829e+00
-2.818239328434216873e+00
-3.589179367944880239e-01
-4.671955033783342093e-01
-1.099234142855940899e+00
-6.246320870658463864e-01
-1.860158110347552851e+00
-1.029875947421701632e+00
-9.773004147660602214e-01
-1.091839923996031025e+00
-6.479217741872743686e-01
-4.966710833893217547e-01
