-6.269540138454640088e-01
-6.803407695058342197e-01
-6.287142020202717285e-01
6.457777269238338391e-01
-1.446044307051413291e+00
-2.725097819265068999e+00
-2.829445492789659955e+00
-4.668645634536884304e-01
-5.746507581013340360e-01
-5.075608769815679322e-01
-9.057473018132327081e-01
-2.310254540759248076e+00
-2.886551654760562968e+00
-1.124995755656466589e-01
-2.864866799751790705e-01
-7.128378831998911647e-01
-3.332836344118320637e-01
-2.163225276954344523e+00
-8.376749384961184042e-01
-1.398790899099516372e+00
-1.329893125700581935e+00
-5.082372075647089149e-01
-3.700500156534293761e-01
