-7.041574817387153962e-01
-8.495907214162708998e-01
-5.578637900977068131e-01
5.840307117145354665e-01
-2.282047777463194205e+00
-8.131045479716486613e-01
3.364722366212128390e-01
-7.261949223289433375e-01
-2.105746109953831879e-01
-7.359575200237593595e-01
-9.877188679662257664e-01
-2.531890968225380512e+00
-3.399221670673475693e+00
-4.149150067100847994e-01
-7.935230271207144304e-01
-9.839536737733628469e-01
-9.055647783427624997e-01
-2.801808595427168758e+00
-1.246989317045813506e+00
-1.492195547576309789e+00
-9.444670962391817914e-01
