118,-1024.0467318470653,0.33502824858757063,0.22485875706214684,0.22429378531073452,0.21581920903954802,1.2,0.9,0.0,0.144,0.84,0.21599999999999997,0.21599999999999997,1.0731210587917972,0,7.257443993309984,9.908860278754718,0.05426068536388871,0,1.1064899352709843,0.8046351829098071,0.0,0,0.0,0.0,0.0,0.0,0.0,0.0,0.0,0.0,0.0,0.0,8.478212757622751,31.868806120427273,34.99216208579052,46.036013146270875
118,-967.0011307082908,0.22531685550958389,0.30079757953978387,0.14968244205532036,0.32420312289531183,1.5273802072960885,0.5814395396092717,0.0,0.06262924536199187,0.4016041873985758,0.09475196730910182,0.09475196730910182,0.46672751454299977,0,3.1835976666747454,4.346685209273263,0.023599345674755745,0,0.48538008414188194,0.3529665117908482,0.0,0,0.0,0.0,0.0,0.0,0.0,0.0,0.0,0.0,0.0,0.0,7.086663903598086,22.628097299381686,33.7307031160142,43.7543328298228
118,-920.6079028078457,0.293870593094164,0.2558239711897131,0.17226347560628658,0.2780419601098363,1.8481812504276924,0.4175570515598813,0.0,0.040142849434456965,0.3039320302994815,0.09749151907051046,0.09749151907051046,0.2991537297779455,0,3.2756446272080644,4.47236037422796,0.015126239741479357,0,0.4994138177120327,0.3631717883308108,0.0,0,0.0,0.0,0.0,0.0,0.0,0.0,0.0,0.0,0.0,0.0,6.262970988489331,21.524202260218676,34.01825472882602,44.35306489912372
118,-870.46916480595,0.3763799297384001,0.194195250945304,0.22164696439160889,0.20777785492468703,3.225995362129026,0.15724006387487274,0.0,3.059023205018258e-07,0.15425038806552333,0.1498511293372362,0.1498511293372362,2.2796543198874097e-06,0,5.034889715274271,6.874323626001277,1.1526714975578481e-07,0,0.7676331777807519,0.5582198651088344,0.0,0,0.0,0.0,0.0,0.0,0.0,0.0,0.0,0.0,0.0,0.0,0.00014444551162524626,19.6925542037085,40.019624372359594,51.930095978630554
118,-858.6525386558584,0.33074242255348046,0.2420495852608415,0.17253785389675386,0.25467013828892415,3.6181850075172113,0.12838535184216798,0.0,0.0022966430053132894,0.15612163242507435,0.15382498941976105,0.15382498941976105,0.01711511092728175,0,5.168408543913967,7.05662188676544,0.000865398774336668,0,0.7879898267876447,0.573023141193836,0.0,0,0.0,0.0,0.0,0.0,0.0,0.0,0.0,0.0,0.0,0.0,0.8236543859741371,19.83187077208219,39.81961723006535,51.64127614298067
118,-855.5449854560563,0.3245056332241659,0.24472451840317258,0.17597482915935267,0.25479501921330877,3.825824016494702,0.1160065748299503,0.0,0.0014440535230071225,0.16675025346015637,0.16530619993714926,0.16530619993714926,0.010761418371954363,0,5.554168924957238,7.583314992542149,0.0005441342629201702,0,0.8468039188349477,0.6157925204747836,0.0,0,0.0,0.0,0.0,0.0,0.0,0.0,0.0,0.0,0.0,0.0,0.47544496676079023,20.139032210573554,40.6299140747339,52.49748300514065
118,-850.5932866632573,0.36247330710235154,0.2307295640715552,0.15368793911080406,0.2531091897152892,5.534728118095236,0.056802750529949014,0.0,3.059023205018258e-07,0.23348457772893916,0.23348457772893916,0.23348457772893916,2.2796543198874097e-06,0,7.844913176710221,10.710953972037519,1.1526714975578481e-07,0,1.1960571078614213,0.8697680829052965,0.0,0,0.0,0.0,0.0,0.0,0.0,0.0,0.0,0.0,0.0,0.0,5.970469992761453e-05,23.094427374857776,46.60061463975926,58.15457180608226
118,-847.8827563195237,0.3032473494359297,0.23287243742188696,0.21051942950672398,0.2533607836354594,6.175425702230207,0.04564491929636681,0.0,3.059023205018258e-07,0.22472574259803516,0.22472574259803516,0.22472574259803516,2.2796543198874097e-06,0,7.5506226424084995,10.309148076126517,1.1526714975578481e-07,0,1.1511887610232585,0.8371399953699642,0.0,0,0.0,0.0,0.0,0.0,0.0,0.0,0.0,0.0,0.0,0.0,6.240440835864897e-05,22.63881534461059,45.995210982428894,57.777299076781134
118,-846.854478877943,0.32028279133727333,0.23338112110003187,0.19556184537745658,0.25077424218523825,5.830218230183409,0.05064948309176311,0.0,3.059023205018258e-07,0.21351459628780436,0.21351459628780436,0.21351459628780436,2.2796543198874097e-06,0,7.173936223670982,9.794843991160066,1.1526714975578481e-07,0,1.0937581103051066,0.7953766492497736,0.0,0,0.0,0.0,0.0,0.0,0.0,0.0,0.0,0.0,0.0,0.0,6.675845531679929e-05,22.217047064245648,45.07631262015289,56.87590842455802
118,-846.8143084908736,0.3288378903759187,0.2336636479171201,0.18996429169198592,0.2475341700149753,5.750335636777873,0.051036855648827345,0.0,0.002140330721420225,0.21172033103755594,0.20958000031613572,0.20958000031613572,0.015950235902326967,0,7.041736640797425,9.614346946083142,0.0008064986934003317,0,1.073602597147657,0.7807196383732005,0.0,0,0.0,0.0,0.0,0.0,0.0,0.0,0.0,0.0,0.0,0.0,0.4611286412740043,22.12014071597715,44.57235175432333,56.3631752610291
118,-846.7418450864358,0.33044249533369224,0.23379270828963977,0.1887109602218033,0.24705383615486473,5.820410169394038,0.049469087372059586,0.0,3.059023205018258e-07,0.21162031792175104,0.21162031792175104,0.21162031792175104,2.2796543198874097e-06,0,7.110289838720192,9.70794519644576,1.1526714975578481e-07,0,1.084054406848442,0.7883201537888874,0.0,0,0.0,0.0,0.0,0.0,0.0,0.0,0.0,0.0,0.0,0.0,6.746858181528154e-05,22.201921158682914,45.01189179053921,56.85471980246705
118,-846.7422703668537,0.328895806782849,0.23377676629497213,0.19016335323523093,0.24716407368694793,5.818790689026441,0.04927756537130118,0.0,0.0004152379286733539,0.21169425652785442,0.2112790185991811,0.2112790185991811,0.003094448372697655,0,7.098822427986367,9.69228831079493,0.00015646593471456752,0,1.0823060537681712,0.7870487582201696,0.0,0,0.0,0.0,0.0,0.0,0.0,0.0,0.0,0.0,0.0,0.0,0.0911131348252577,22.188472936674742,44.936132844705874,56.772029892590524
118,-846.7408920332948,0.3298809576599791,0.23378693094025801,0.18923831229576366,0.24709379910399923,5.819823030126379,0.0493995717644921,0.0,0.00015059097749927717,0.2116471188489128,0.21149652787141351,0.21149652787141351,0.0011222385362396946,0,7.10613058243661,9.702266407961064,5.674423367172724e-05,0,1.0834202751596218,0.7878590156879812,0.0,0,0.0,0.0,0.0,0.0,0.0,0.0,0.0,0.0,0.0,0.0,0.03315168092856431,22.197026171128115,44.98430207493703,56.82461284610925
118,-846.7478841946468,0.32471851205356267,0.233736949429453,0.1940885996145843,0.24745593890240003,5.851430567336048,0.04812299590714628,0.0,3.059023205018258e-07,0.21140945624460952,0.21140945624460952,0.21140945624460952,2.2796543198874097e-06,0,7.103205038663757,9.698272053404375,1.1526714975578481e-07,0,1.0829742386841297,0.7875346596955752,0.0,0,0.0,0.0,0.0,0.0,0.0,0.0,0.0,0.0,0.0,0.0,6.753495659489365e-05,22.184968380440015,45.006656148593336,56.85871496871059
118,-846.7307712998365,0.32758833913334034,0.23376485371144134,0.19139288700336138,0.2472539201518569,5.833777179228322,0.04883101031172553,0.0,8.397872652007105e-05,0.2115420034910449,0.21145802476452483,0.21145802476452483,0.0006258287494389265,0,7.104836905854142,9.700500102838573,3.164405039559467e-05,0,1.0832230376584688,0.7877155853432869,0.0,0,0.0,0.0,0.0,0.0,0.0,0.0,0.0,0.0,0.0,0.0,0.018510895020742543,22.19154406466599,44.9939333756471,56.83945720312595
118,-846.7144889134771,0.32788631245319444,0.23391638357800093,0.191306661094793,0.24689064287401163,5.807521009972379,0.04843647478143073,0.0,3.059023205018258e-07,0.21135630540692874,0.21135630540692874,0.21135630540692874,2.2796543198874097e-06,0,7.101419208906044,9.695833793106793,1.1526714975578481e-07,0,1.0827019661519768,0.7873366641678017,0.0,0,0.0,0.0,0.0,0.0,0.0,0.0,0.0,0.0,0.0,0.0,6.757811012112352e-05,22.187546944181204,44.9981858709868,56.852311306685486
118,-846.6587611404765,0.3306488024134765,0.23522511604899157,0.18986793254733472,0.24425814899019727,5.612153506104568,0.045984577976509844,0.0,3.059023205018258e-07,0.2100886233722965,0.2100886233722965,0.2100886233722965,2.2796543198874097e-06,0,7.058826008129801,9.63767969977782,1.1526714975578481e-07,0,1.0762080892425119,0.7826143421038768,0.0,0,0.0,0.0,0.0,0.0,0.0,0.0,0.0,0.0,0.0,0.0,6.817634143621762e-05,22.145067524891157,44.913642976680094,56.81732223774592
118,-846.6127231492444,0.3285010571127703,0.23493639014354398,0.1886722213471546,0.24789033139653113,5.3852776959844615,0.04436637984520823,0.0,3.059023205018258e-07,0.2098583882388701,0.2098583882388701,0.2098583882388701,2.2796543198874097e-06,0,7.051090273934734,9.627117811961233,1.1526714975578481e-07,0,1.0750286778634282,0.7817566787302804,0.0,0,0.0,0.0,0.0,0.0,0.0,0.0,0.0,0.0,0.0,0.0,6.831381940095333e-05,22.139476842595553,44.89985328257851,56.73477839814028
118,-846.6011052553775,0.32939957275247533,0.23175976402616072,0.19143576938581183,0.24740489383555206,5.1413056844186,0.04408088549172077,0.0,3.23026770274747e-05,0.21073504068523655,0.21070273800820907,0.21070273800820907,0.00024072696509397996,0,7.079459816350205,9.665851811455578,1.2171981906938339e-05,0,1.079353976574641,0.7849020191520023,0.0,0,0.0,0.0,0.0,0.0,0.0,0.0,0.0,0.0,0.0,0.0,0.007197017286242256,22.13152829951683,44.910182285836875,56.70845676530468
118,-846.5930989402302,0.3284199840042999,0.23295420822316218,0.19051809845469064,0.2481077093178473,5.209589426951189,0.044355380289690556,0.0,3.059023205018258e-07,0.21073901328407066,0.21073901328407066,0.21073901328407066,2.2796543198874097e-06,0,7.0806786394192205,9.66751591627079,1.1526714975578481e-07,0,1.079539801702604,0.785037150463243,0.0,0,0.0,0.0,0.0,0.0,0.0,0.0,0.0,0.0,0.0,0.0,6.810969709872718e-05,22.140031873834612,44.92094980208661,56.725043931697265
118,-846.5930718286601,0.3282729636510525,0.23325837054272017,0.190257612164086,0.24821105364214133,5.219282948983798,0.04450190018250438,0.0,2.2790223787090987e-05,0.21078045115887967,0.2107576609350926,0.2107576609350926,0.00016983797972572974,0,7.081305187025232,9.668371365199047,8.587591404749697e-06,0,1.0796353268793273,0.7851066160007008,0.0,0,0.0,0.0,0.0,0.0,0.0,0.0,0.0,0.0,0.0,0.0,0.005071154576135252,22.140478075624,44.916233714247504,56.72198904761914
118,-846.5917911119001,0.3280387894817828,0.23357229426578177,0.1901565868974033,0.2482323293550321,5.218690390347486,0.0446612563527191,0.0,5.624146162575576e-06,0.21090757556955395,0.21090195142339135,0.21090195142339135,4.191242836654809e-05,0,7.0861532432178045,9.67499059801435,2.119236287278024e-06,0,1.0803744749027435,0.7856441215722026,0.0,0,0.0,0.0,0.0,0.0,0.0,0.0,0.0,0.0,0.0,0.0,0.0012508593281832746,22.14144035398893,44.919520075128624,56.729247260388284
118,-846.589739944086,0.3276723560493698,0.233989792338993,0.19049828233198912,0.2478395692796481,5.167254448387259,0.04471788499525836,0.0,3.059023205018258e-07,0.21125205880790995,0.21125205880790995,0.21125205880790995,2.2796543198874097e-06,0,7.0979165984714525,9.691051547809513,1.1526714975578481e-07,0,1.0821679485010485,0.7869483286063702,0.0,0,0.0,0.0,0.0,0.0,0.0,0.0,0.0,0.0,0.0,0.0,6.795602276853159e-05,22.13760021203686,44.91657061319312,56.73727093606179
118,-846.5903846327941,0.32759462984620263,0.23410566460849466,0.19069429255794781,0.24760541298735486,5.145403207939054,0.04473483532610283,0.0,2.1843343959749325e-05,0.21139135040001078,0.21136950705605104,0.21136950705605104,0.00016278161387249724,0,7.101862774781621,9.696439410220691,8.23079731871637e-06,0,1.082769593429212,0.7873858424611176,0.0,0,0.0,0.0,0.0,0.0,0.0,0.0,0.0,0.0,0.0,0.0,0.004849024664350489,22.135198965219985,44.910902176081606,56.73607528978362
118,-846.5897892059498,0.32766208826278803,0.23400509599338004,0.1905241725180636,0.24780864322576832,5.164362842406395,0.04472012356909213,0.0,2.8837314839350176e-06,0.2112704523486887,0.21126756861720478,0.21126756861720478,2.1490229050774908e-05,0,7.098437716861749,9.691763050278276,1.0866197689148464e-06,0,1.0822473996486535,0.7870061051722907,0.0,0,0.0,0.0,0.0,0.0,0.0,0.0,0.0,0.0,0.0,0.0,0.0006405618016753063,22.13729300723508,44.91585330696085,56.737148379390206
118,-846.5897441490665,0.32767066705849995,0.23399230963156942,0.19050254105024517,0.2478344822596855,5.1667786911009,0.04471825321504707,0.0,4.743189617021559e-07,0.21125508428819112,0.21125460996922943,0.21125460996922943,3.5347337943530795e-06,0,7.098002315649202,9.691168580684806,1.7872827738227127e-07,0,1.082181017178471,0.7869578320978282,0.0,0,0.0,0.0,0.0,0.0,0.0,0.0,0.0,0.0,0.0,0.0,0.00010536859395502389,22.137559003546606,44.91648243697275,56.73728457681251
118,-846.5897380213696,0.3276719465962701,0.23399040259038406,0.190499314748085,0.24783833606526082,5.167139109273901,0.044717974260376325,0.0,1.1498525626138849e-07,0.21125279225363924,0.211252677268383,0.211252677268383,8.568965273935233e-07,0,7.097937378296662,9.69107991928366,4.332763063531469e-08,0,1.0821711166505337,0.7869506324723696,0.0,0,0.0,0.0,0.0,0.0,0.0,0.0,0.0,0.0,0.0,0.0,2.5543946670991088e-05,22.137598671281047,44.91657626253074,56.73730488559253
118,-846.5896694121876,0.3275922795987874,0.23415657003912999,0.19055024930530343,0.24770090105677917,5.160035552484128,0.04482022959030531,0.0,2.6374853194472696e-08,0.21137532125694367,0.21137529488209048,0.21137529488209048,1.9655146101063024e-07,0,7.1020572415562695,9.696704922996352,9.938316741000265e-09,0,1.0827992423702293,0.7874074030558579,0.0,0,0.0,0.0,0.0,0.0,0.0,0.0,0.0,0.0,0.0,0.0,5.855992254954854e-06,22.137323539042015,44.916566559310944,56.741504663288204
118,-846.5896351107488,0.3276869695401927,0.2340930579801961,0.19045470872787384,0.24776526375173735,5.162999873540345,0.044801470358404136,0.0,3.059023205018258e-07,0.2114931077895673,0.2114931077895673,0.2114931077895673,2.2796543198874097e-06,0,7.106015670156742,9.702109513918673,1.1526714975578481e-07,0,1.0834027553163779,0.7878462753260279,0.0,0,0.0,0.0,0.0,0.0,0.0,0.0,0.0,0.0,0.0,0.0,6.786461587343363e-05,22.143002761596964,44.92729842520644,56.749935275258736
118,-846.589629010658,0.3276703346695804,0.23409926565651631,0.19045997961535863,0.24777042005854463,5.163353822230655,0.044799941315224266,0.0,3.505949817136071e-08,0.21148437677532347,0.2114843417158253,0.2114843417158253,2.612714291552756e-07,0,7.105721136410336,9.701707375956161,1.3210780550639133e-08,0,1.0833578498887513,0.7878136202734873,0.0,0,0.0,0.0,0.0,0.0,0.0,0.0,0.0,0.0,0.0,0.0,7.778377355844493e-06,22.142751412639278,44.92679994748644,56.74948779307683
118,-846.589626900582,0.3276122721760935,0.23412867654340902,0.19048058007788074,0.2477784712026167,5.164421426002696,0.04479565653918345,0.0,3.059023205018258e-07,0.21146453325136552,0.21146453325136552,0.21146453325136552,2.2796543198874097e-06,0,7.105055586311214,9.700798675462325,1.1526714975578481e-07,0,1.0832563782843165,0.7877398305168958,0.0,0,0.0,0.0,0.0,0.0,0.0,0.0,0.0,0.0,0.0,0.0,6.787506264965022e-05,22.14204589922045,44.92538932861528,56.74847772864147
118,-846.5896179775013,0.327601225214283,0.23413137974095982,0.19047822515918592,0.24778916988557126,5.164799485338953,0.04478371164751049,0.0,2.614417772613702e-08,0.21149088995473764,0.2114908638105599,0.2114908638105599,1.9483241446328528e-07,0,7.105940274082815,9.702006572833245,9.851395845107696e-09,0,1.0833912602229212,0.7878379161387176,0.0,0,0.0,0.0,0.0,0.0,0.0,0.0,0.0,0.0,0.0,0.0,5.800006430210275e-06,22.143153386672914,44.927572227621255,56.75048274447324
118,-846.5896117463636,0.32758325140437766,0.2341357435396744,0.1904820590895133,0.24779894596643467,5.1648386862828,0.044758659462563785,0.0,1.0651684057975849e-08,0.2115508226651826,0.21155081201349854,0.21155081201349854,7.937879495979687e-08,0,7.107954490403772,9.704756657865103,4.013664425454006e-09,0,1.083698353200649,0.7880612329592576,0.0,0,0.0,0.0,0.0,0.0,0.0,0.0,0.0,0.0,0.0,0.0,2.362142774012293e-06,22.145403049129467,44.93208657030849,56.75478804415964
118,-846.5896986576942,0.3276088751458368,0.2339654648175289,0.1907072478341029,0.24771841220253144,5.170374969308764,0.04476092839594799,0.0,3.059023205018258e-07,0.21158142679118402,0.21158142679118402,0.21158142679118402,2.2796543198874097e-06,0,7.108983124822383,9.706161090988022,1.1526714975578481e-07,0,1.083855181642221,0.7881752779927886,0.0,0,0.0,0.0,0.0,0.0,0.0,0.0,0.0,0.0,0.0,0.0,6.782329204781444e-05,22.14678583726221,44.93623661531637,56.75857293343699
118,-846.5896104767519,0.32758581295067185,0.234118720502703,0.19050456611002337,0.24779090043660182,5.1653918884001575,0.04475888628540724,0.0,9.586960973578608e-09,0.21155388199755396,0.211553872410593,0.211553872410593,7.144423410112719e-08,0,7.108057317535764,9.70489705160217,3.6124657846057576e-09,0,1.0837140305089035,0.7880726334369237,0.0,0,0.0,0.0,0.0,0.0,0.0,0.0,0.0,0.0,0.0,0.0,2.125983394952082e-06,22.145542424538274,44.93250500534005,56.75517040281252
