-7.414961768500537564e-01
-9.596709783282179052e-01
-5.172928396032634435e-01
7.180011951567605299e-01
-2.506371183487478227e+00
-2.387028232472394151e+00
-1.758712769866504599e+00
-9.398797974502312025e-01
-1.461107340811947708e+00
-3.592829444292418573e-01
-2.188082332183995504e+00
-3.342869017763991479e+00
-2.348582080941413519e+00
-6.433940515426872508e-01
-9.377012787663913107e-01
-1.366254777752020866e+00
-1.441910582291756837e+00
-3.006501388494971394e+00
-1.313123848383610515e+00
-1.937131417662989241e+00
-1.569317426447176755e+00
-1.181604875991814518e+00
-9.532915404712251073e-01
