-7.070139207644009494e-01
-1.023888036587395245e+00
-3.882075373769617865e-01
5.563533257425536949e-01
-2.006373724875671005e+00
3.364722366212128946e-01
-1.225333443244376541e+00
-3.291580943977184814e-01
-5.771102208050963300e-01
-1.868398636293201687e+00
-3.842042454334110513e+00
-2.718586527103076911e+00
5.197102688545931493e-01
-7.907140294469656716e-01
-8.606952154258158405e-01
-1.011939724781942829e+00
-3.425604592080594202e+00
-1.799653789402509529e+00
-1.398212623896172291e+00
-1.847889950611532495e+00
-1.031635820542169402e+00
-1.053988039507410601e+00
