-6.565621058848938318e-01
-7.816284746414505769e-01
-5.058750976853476633e-01
3.408844431319342783e-01
-3.413558652725589670e+00
-1.140839350825110010e+01
-1.314057721314049854e+00
-2.537889627471087373e+00
-9.395773341682482904e-01
-1.501178220623119675e+00
-1.605826186442637304e+00
-7.015594177141496246e+00
-2.285812655637486035e+00
-1.337780120071889733e+00
-5.934595177385173503e-01
-2.075459879645503047e+00
-1.697241672778404986e+00
-1.036168431661054612e+01
-1.720392986175550476e+00
-2.056787047055663287e+00
-2.567955863139568251e+00
-8.210100649543063955e-01
1.035202406412941700e+00
