183,-1588.0370627068066,0.30892531876138435,0.22695810564663021,0.21675774134790532,0.24735883424408012,1.2,0.9,1.0,0.0,0.144,0.84,0.21599999999999997,0.21599999999999997,1.3416883340625978,0,12.301191020305739,10.28031813107314,0.265241931018767,0,2.753225536472661,2.6786845645788064,0.0,0,0.0,0.0,0.0,0.0,0.0,0.0,0.0,0.0,0.0,0.0,12.235211501840201,56.422762637933126,68.67679199597526,52.74532158120209
183,-1496.1721313941655,0.22688865723640983,0.2896883173337652,0.15833210002089593,0.32509092540892903,1.6019912503196827,0.59746038216463,1.0084105860518933,0.0,0.0613132836430086,0.3820997510341749,0.09251925352198954,0.09251925352198954,0.5712730374089983,0,5.268967641805963,4.403367404886397,0.11293648437897905,0,1.1792887565376382,1.1473606311838278,0.0,0,0.0,0.0,0.0,0.0,0.0,0.0,0.0,0.0,0.0,0.0,10.446137043701484,40.5866942615111,66.3282200095093,49.741839036019854
183,-1435.2411673058357,0.30095439166378396,0.24303184003742775,0.18015631879068372,0.27585744950810465,2.0322863008562164,0.4270501177730871,1.0112393679821758,0.0,0.03720761830650882,0.28290637809622815,0.09808736479404331,0.09808736479404331,0.3466738015284503,0,5.586071347268237,4.6683764570434665,0.06853486477935851,0,1.2502622109086554,1.2164125465463633,0.0,0,0.0,0.0,0.0,0.0,0.0,0.0,0.0,0.0,0.0,0.0,9.149947235432165,39.11582216032355,67.23138653038977,50.16320785014008
183,-1383.5390900301875,0.3428201777680336,0.21296740667189148,0.1947143423625097,0.24949807319756526,3.4223134887209583,0.20513694045834413,1.0156094779434546,0.0,3.059023205018258e-07,0.165342834023041,0.14423263348238147,0.14423263348238147,2.850177602638733e-06,0,8.214042480687592,6.864617393895153,5.63459181896014e-07,0,1.8384489337796042,1.7886746713787391,0.0,0,0.0,0.0,0.0,0.0,0.0,0.0,0.0,0.0,0.0,0.0,0.0004792644599294723,38.59303020790521,76.3715509181158,58.707477152310794
183,-1367.9758751146942,0.3141926219863036,0.24021651752987996,0.1616853250427797,0.28390553544103675,4.472844172664971,0.14043219644670638,1.0150998208020026,0.0,0.010105077281467877,0.16288493476020993,0.15277985747874206,0.15277985747874206,0.09415183543990585,0,8.700806531949503,7.271414531951307,0.018613126466877863,0,1.9473953938385482,1.8946715092910016,0.0,0,0.0,0.0,0.0,0.0,0.0,0.0,0.0,0.0,0.0,0.0,4.776913490830023,38.02255270316712,74.61336679956302,56.95587553304275
183,-1362.452495462332,0.3024580136286148,0.2355638084300932,0.18075890077054063,0.2812192771707514,4.891368988509128,0.12326636405057541,1.0140648922166724,0.0,0.01503475929661998,0.18473189227727835,0.16969713298065836,0.16969713298065836,0.14008306356745984,0,9.664244668487518,8.076576448945334,0.027693392973873906,0,2.163029999946971,2.1044680128174384,0.0,0,0.0,0.0,0.0,0.0,0.0,0.0,0.0,0.0,0.0,0.0,5.669539670769213,38.81770728448083,75.59656350691472,58.17640312330642
183,-1360.0821774749406,0.3136146902343685,0.2275387150944635,0.18254242537335474,0.2763041692978132,5.614877122413982,0.10028632107635548,1.012797779000723,0.0,0.01566378982115837,0.21702194336743774,0.2013581535462794,0.2013581535462794,0.1459439171545601,0,11.467338473466837,9.583453133061228,0.028852040689139952,0,2.5665944922249984,2.4971063789653147,0.0,0,0.0,0.0,0.0,0.0,0.0,0.0,0.0,0.0,0.0,0.0,5.303297475926099,40.75665332104662,79.09320739417186,61.98541581179228
183,-1359.851732266051,0.3083587850288468,0.2280727584845781,0.1861380047819804,0.2774304517045946,5.755410163841528,0.0961359121259066,1.0122657199791882,0.0,0.01467925503546475,0.21679278050462167,0.19499903869735816,0.19499903869735816,0.13677073079036597,0,11.105187147186083,9.280797004917982,0.02703856910780298,0,2.485538578375867,2.418244977158883,0.0,0,0.0,0.0,0.0,0.0,0.0,0.0,0.0,0.0,0.0,0.0,5.164895627435064,40.9605724965721,78.6042692355603,61.495347650138996
183,-1359.7968727204207,0.3098802299117763,0.22780157392973122,0.18544399356615954,0.276874202592333,5.795903386151584,0.09453128986383436,1.0115323159841407,0.0,0.014311321944517221,0.21957704295685979,0.19234400932458273,0.19234400932458273,0.13334259512481117,0,10.953983334783151,9.154433363253746,0.02636085186107641,0,2.451696473425819,2.3853191151248234,0.0,0,0.0,0.0,0.0,0.0,0.0,0.0,0.0,0.0,0.0,0.0,5.107336415865545,41.22777125946996,78.39515187540809,61.29830783130763
183,-1359.7648106271358,0.311048353434059,0.2278854353830449,0.1845555000844703,0.2765107110984258,5.7946173817287345,0.09324098885558332,1.0096083632518729,0.0,0.013175137658734303,0.22608147857357883,0.19127023864131934,0.19127023864131934,0.12275644789161544,0,10.892832139010803,9.103328251106674,0.024268048291949746,0,2.4380097471967614,2.372002944036143,0.0,0,0.0,0.0,0.0,0.0,0.0,0.0,0.0,0.0,0.0,0.0,4.832264368910945,41.74344644529895,78.35642402768114,61.30896360402912
183,-1359.7592754752675,0.3113183356648204,0.22773761926980332,0.18454536979513195,0.27639867527024425,5.753340758284625,0.09322314348090562,1.0076387273520693,0.0,0.013318282109187575,0.2286341495280326,0.19092627041802032,0.19092627041802032,0.12409016483091374,0,10.873243162993598,9.086957404984018,0.024531714336761174,0,2.433625385640641,2.367737284913659,0.0,0,0.0,0.0,0.0,0.0,0.0,0.0,0.0,0.0,0.0,0.0,4.86171525735309,41.89208061388999,78.27226536087515,61.24081670393448
183,-1359.7547495176682,0.3109698016624893,0.22802519764003254,0.1845274123489985,0.27647758834847974,5.6936995703778575,0.09306167958551056,1.0039676668253217,0.0,0.013031160084815994,0.23003540804960299,0.19122516531118866,0.19122516531118866,0.12141496850763746,0,10.89026521473368,9.101183028083664,0.02400284766882829,0,2.437435223847087,2.3714439753616285,0.0,0,0.0,0.0,0.0,0.0,0.0,0.0,0.0,0.0,0.0,0.0,4.783512430462426,41.9814895748427,78.28943404080178,61.27068875813678
183,-1359.7499894548803,0.3109588365244444,0.2278263393564558,0.18459006161244904,0.2766247625066508,5.623135146867598,0.09248330741902121,0.9974769316708734,0.0,0.01322886474405149,0.22989157604647698,0.19114449440792394,0.19114449440792394,0.12325703819434639,0,10.885671010146458,9.09734357183606,0.024367011318738224,0,2.436406959074315,2.3704435498829906,0.0,0,0.0,0.0,0.0,0.0,0.0,0.0,0.0,0.0,0.0,0.0,4.832340016817067,41.9537928907218,78.24603537982226,61.22348134752012
183,-1359.7476526172559,0.3107052870390679,0.22846641924661473,0.18467347352982758,0.2761548201844897,5.580749665752138,0.09166377223260727,0.9884156494712264,0.0,0.013280347227401665,0.22853001891695768,0.19132181663308426,0.19132181663308426,0.12373671491184292,0,10.895769503497581,9.10578305742105,0.02446183988330379,0,2.4386671816599423,2.37264257908435,0.0,0,0.0,0.0,0.0,0.0,0.0,0.0,0.0,0.0,0.0,0.0,4.845491558669057,41.8680229370144,78.25689941701333,61.2248822228957
183,-1359.7463373138567,0.310659704604922,0.22784112401715473,0.18456773762990036,0.27693143374802287,5.574361331589062,0.09131459260873971,0.9834011879512001,0.0,0.013214648390145845,0.2275611168121648,0.19143430856779914,0.19143430856779914,0.12312458044304007,0,10.902175914503005,9.111137005921277,0.024340825394002254,0,2.4401010504900547,2.3740376272749075,0.0,0,0.0,0.0,0.0,0.0,0.0,0.0,0.0,0.0,0.0,0.0,4.8328356425553585,41.81239557988208,78.28989637790585,61.25396690652811
183,-1359.7455799798463,0.31081047995537336,0.22786614894286317,0.18456493185382958,0.276758439247934,5.585916622411242,0.09139466392432229,0.9823641197567095,0.0,0.013279529423006501,0.22746090944020045,0.19133977043090444,0.19133977043090444,0.12372909519922809,0,10.896791971537054,9.10663755164907,0.02446033352207484,0,2.4388960282091796,2.3728652298301673,0.0,0,0.0,0.0,0.0,0.0,0.0,0.0,0.0,0.0,0.0,0.0,4.849265157823465,41.805835036310214,78.27811660943657,61.241342273087604
183,-1359.7431559194588,0.3111281080712356,0.22797212030393077,0.18448107968481986,0.2764186919400138,5.616338520731072,0.09146335469321756,0.9727370649136736,0.0,0.01340000197629041,0.22727730115669442,0.19115694071719144,0.19115694071719144,0.12485157172225415,0,10.886379826941816,9.097935942293596,0.02468223888782335,0,2.4365656048914914,2.370597900515031,0.0,0,0.0,0.0,0.0,0.0,0.0,0.0,0.0,0.0,0.0,0.0,4.877967216898065,41.7993078466036,78.25522981432918,61.22093611835656
183,-1359.7386902917283,0.31159150833627275,0.22791570055790114,0.18461281767633558,0.2758799734294905,5.65243846471526,0.09143602392196046,0.9468315317149868,0.0,0.013438728049282209,0.22711180064431544,0.19103834969065983,0.19103834969065983,0.12521239339140106,0,10.879626072910986,9.092291713218431,0.024753570682136673,0,2.4350539945088836,2.3691272155508285,0.0,0,0.0,0.0,0.0,0.0,0.0,0.0,0.0,0.0,0.0,0.0,4.882138490116805,41.80392440213697,78.23944331039058,61.21516698511065
183,-1359.7279139355323,0.3119323715234184,0.22839375944782708,0.18415906374306015,0.2755148052856943,5.716957006294537,0.09129447290232771,0.8695192175205787,0.0,0.01364694775717309,0.2274136632886277,0.19055687127548296,0.19055687127548296,0.1271524347316727,0,10.852205897183,9.069376198027397,0.025137102608505706,0,2.428916871046266,2.363156248889198,0.0,0,0.0,0.0,0.0,0.0,0.0,0.0,0.0,0.0,0.0,0.0,4.914454013916808,41.85266584952218,78.14290495693767,61.16049774904934
183,-1359.7081746971958,0.31294040312906723,0.22782040476891466,0.18498444751389684,0.27425474458812127,5.778816954707353,0.09074822615135048,0.7284913799452956,0.0,0.013239655474306031,0.2278189720614686,0.19080360827513604,0.19080360827513604,0.1233575784505862,0,10.866257559055729,9.081119414930825,0.024386887389084174,0,2.4320618831214396,2.366216112743278,0.0,0,0.0,0.0,0.0,0.0,0.0,0.0,0.0,0.0,0.0,0.0,4.77115355952265,41.95485617382441,78.14093434002271,61.23927902154195
183,-1359.6738306416974,0.3128909854260416,0.22787546215958562,0.18495818073610076,0.27427537167827204,5.792606039222282,0.08986700139289606,0.5608220654301853,0.0,0.012698746295367281,0.2296496263033129,0.19084864287634584,0.19084864287634584,0.11831777612302025,0,10.868822277722419,9.083262794687041,0.023390555478476606,0,2.4326359128162345,2.366774601128151,0.0,0,0.0,0.0,0.0,0.0,0.0,0.0,0.0,0.0,0.0,0.0,4.578830593597073,42.16100656075545,78.08739036216619,61.31383970699166
183,-1359.6176306896618,0.3089460602855654,0.22850079643335516,0.18769729477281288,0.2748558485082665,5.783323694112582,0.09194792789765699,0.24330786325064874,0.0,0.011151558077098405,0.22848242513826458,0.1922617186274895,0.1922617186274895,0.10390219012961435,0,10.949296883004736,9.150516814432699,0.02054069998776048,0,2.450647562089471,2.384298602068749,0.0,0,0.0,0.0,0.0,0.0,0.0,0.0,0.0,0.0,0.0,0.0,4.047089942186173,42.19243253654109,78.09730293393193,61.60043288787076
183,-1359.5582683805128,0.3122051556099839,0.22749491147161055,0.1845916313156303,0.27570830160277526,5.567810084346364,0.08995160412679441,0.1065383263957509,0.0,0.009311472113673261,0.23023880407172567,0.19333884497625023,0.19333884497625023,0.08675759380461538,0,11.010639183787653,9.201781636342982,0.017151339194847886,0,2.4643770610219504,2.3976563878304455,0.0,0,0.0,0.0,0.0,0.0,0.0,0.0,0.0,0.0,0.0,0.0,3.5135389738190628,42.421073885126276,78.32957562704263,61.96738940869328
183,-1359.5426605785988,0.3111460938693434,0.22746415694393698,0.18484610409810584,0.2765436450886138,5.549187651817639,0.08959887305030491,0.08909336775070482,0.0,0.010298470521407588,0.2307503977621229,0.19156865413555363,0.19156865413555363,0.0959537344254175,0,10.90982688900152,9.11753105766209,0.018969348664152754,0,2.4418134747856732,2.375703689305757,0.0,0,0.0,0.0,0.0,0.0,0.0,0.0,0.0,0.0,0.0,0.0,3.7622959323874707,42.43475305999586,78.02499829945836,61.7088592431743
183,-1359.5363695777025,0.3106401132662055,0.22774406971092503,0.18518998298751901,0.2764258340353504,5.547876025045009,0.08971891533057375,0.06450844485414417,0.0,0.01006045073827268,0.23163143258405744,0.19137683382858423,0.19137683382858423,0.093736037437166,0,10.898902730494093,9.10840154942299,0.018530926255129344,0,2.4393684536395517,2.373324864789777,0.0,0,0.0,0.0,0.0,0.0,0.0,0.0,0.0,0.0,0.0,0.0,3.6898663861085446,42.50964789821876,78.00606763798282,61.72132563625049
183,-1359.5287554044062,0.31058340064564016,0.22775616840447177,0.18539148092118748,0.27626895002870056,5.558832298059778,0.09004569870348171,0.033506093961247464,0.0,0.00983934983084402,0.2329485737160454,0.19151853411967887,0.19151853411967887,0.09167597835280707,0,10.906972556181076,9.115145642347613,0.01812366770209893,0,2.441174624287549,2.375082135079367,0.0,0,0.0,0.0,0.0,0.0,0.0,0.0,0.0,0.0,0.0,0.0,3.6129585064265783,42.60994179541699,78.01617453608078,61.77420842802469
183,-1359.525692065813,0.31030711994880633,0.2285736567197711,0.18490149538386505,0.2762177279475576,5.589255080958308,0.09004048273245295,0.01566270276619267,0.0,0.009853013659511137,0.23115187043201577,0.1920743840433721,0.1920743840433721,0.091803288071705,0,10.938628186227247,9.14160079998048,0.018148835898632098,0,2.448259717826246,2.3819754064257532,0.0,0,0.0,0.0,0.0,0.0,0.0,0.0,0.0,0.0,0.0,0.0,3.6003856712007565,42.508020993221116,78.0812160939105,61.86093862733347
183,-1359.5218604331535,0.31098690612108965,0.22784240172696738,0.18517410829876704,0.27599658385317594,5.581628370577061,0.08997314142700781,0.009670723730735032,0.0,0.009831336800887843,0.23176850645734767,0.19177960318576,0.19177960318576,0.09160131870827445,0,10.921840428641062,9.127570980558245,0.018108908038634436,0,2.444502318822353,2.3783197354386294,0.0,0,0.0,0.0,0.0,0.0,0.0,0.0,0.0,0.0,0.0,0.0,3.594363984447005,42.55339439024114,78.0533467703472,61.83922839807717
183,-1359.5208826395128,0.31117005901332806,0.22764852303984412,0.18523464943340542,0.2759467685134224,5.581878265257083,0.08993552554516783,0.005882972416367293,0.0,0.009828247121664928,0.23195353282881687,0.1916343719289935,0.1916343719289935,0.09157253130154264,0,10.913569514605857,9.120658834622432,0.018103216979722527,0,2.442651141022244,2.3765186765229123,0.0,0,0.0,0.0,0.0,0.0,0.0,0.0,0.0,0.0,0.0,0.0,3.5926174526078674,42.56961402403811,78.03945054397758,61.83048359229678
183,-1359.5202043836057,0.31115894068633915,0.2276215384384444,0.18524683320702562,0.2759726876681909,5.583633963974799,0.08991847395649423,0.003156811251492608,0.0,0.009817592073274229,0.23203306627539524,0.1915919885536136,0.1915919885536136,0.09147325523123241,0,10.911155783139963,9.118641637481812,0.018083590829651365,0,2.442110904950865,2.37599306683113,0.0,0,0.0,0.0,0.0,0.0,0.0,0.0,0.0,0.0,0.0,0.0,3.588598601797961,42.57760993051579,78.03614515753621,61.83138097749496
183,-1359.5242636666894,0.3116602414542264,0.22827041444357962,0.18518090387744343,0.2748884402247506,5.550645858747521,0.08990099050456618,0.0011703912308591805,0.0,0.01025527464422549,0.23290806758619106,0.19176422109606633,0.19176422109606633,0.09555126633864791,0,10.920964419272481,9.126838884375042,0.018889783678903944,0,2.444306252330923,2.3781289772616225,0.0,0,0.0,0.0,0.0,0.0,0.0,0.0,0.0,0.0,0.0,0.0,3.686489454146618,42.60810866314607,77.97484272179288,61.78643768873012
183,-1359.520149067052,0.3112105763901522,0.2276883536704081,0.1852400570088482,0.2758610129305915,5.580224578342249,0.08991667164288936,0.0028499061944868656,0.0,0.009862629384556499,0.23212311008370776,0.1916097347587547,0.1916097347587547,0.09189288047529469,0,10.91216642878499,9.119486251530283,0.018166547658904162,0,2.4423371054377627,2.3762131431542386,0.0,0,0.0,0.0,0.0,0.0,0.0,0.0,0.0,0.0,0.0,0.0,3.59867504793733,42.58078051761251,78.02973423652145,61.8267954895204
183,-1359.519739646931,0.3110998002466469,0.2277311915708677,0.18520976682320964,0.27595924135927574,5.581808855198798,0.0899258408627445,0.0014600681000633655,0.0,0.009828154805079656,0.23217759881301397,0.19162677734174777,0.19162677734174777,0.09157167116206,0,10.91313700317794,9.12029737734021,0.018103046936463203,0,2.442554337265096,2.3764244936357386,0.0,0,0.0,0.0,0.0,0.0,0.0,0.0,0.0,0.0,0.0,0.0,3.5891749706385223,42.58611986349726,78.0345721939529,61.83377307765424
183,-1359.5195528247768,0.31102565046792185,0.22775230168999935,0.18524413948858218,0.27597790835349656,5.584381931275288,0.08992977663207279,0.0007279551125079482,0.0,0.009824630497572234,0.23202935008582143,0.19166394631827552,0.19166394631827552,0.09153883420186308,0,10.915253774845983,9.122066400040726,0.018096555310568953,0,2.4430281084472294,2.376885437912156,0.0,0,0.0,0.0,0.0,0.0,0.0,0.0,0.0,0.0,0.0,0.0,3.5876679440654398,42.57723667110977,78.03979987171192,61.83950477063918
183,-1359.5196326527746,0.3111120236957642,0.22781321088522216,0.18495253672805925,0.27612222869095443,5.579289738134389,0.08995075418670903,0.00025394494739520995,0.0,0.009802539086009244,0.2322998472706217,0.19152356664278006,0.19152356664278006,0.09133300233257809,0,10.907259158162473,9.115385160581328,0.018055863861527993,0,2.4412387709130816,2.375144544995812,0.0,0,0.0,0.0,0.0,0.0,0.0,0.0,0.0,0.0,0.0,0.0,3.582945197321629,42.596023330786466,78.02538026990834,61.82739624132678
183,-1359.5195039531068,0.3110579793536607,0.22777510856261182,0.18513497803235368,0.2760319340513737,5.582475249952445,0.08993762849092034,0.0004907962649090493,0.0,0.009816357817589765,0.2321306162526716,0.19161138659324228,0.19161138659324228,0.09146175532530813,0,10.912260500690389,9.11956486904895,0.018081317382699157,0,2.4423581604048614,2.3762336280780585,0.0,0,0.0,0.0,0.0,0.0,0.0,0.0,0.0,0.0,0.0,0.0,3.585858541647582,42.584298414360674,78.03437388889564,61.83503225545807
183,-1359.519436465164,0.3110426264443806,0.22776632127685226,0.18518488789180593,0.2760061643869612,5.582263163734118,0.08993923206160985,0.0002876881186090973,0.0,0.009817549415376915,0.23209771928786402,0.19163406394463806,0.19163406394463806,0.09147285777565475,0,10.91355197490962,9.12064417639487,0.01808351225560236,0,2.4426472153259833,2.3765148571111574,0.0,0,0.0,0.0,0.0,0.0,0.0,0.0,0.0,0.0,0.0,0.0,3.585847007737474,42.58176027527699,78.03625718444277,61.83683496513444
183,-1359.5193937428621,0.31104293474092204,0.22774605639859102,0.18521607031853177,0.2759949385419552,5.581827825190266,0.08994543293913497,0.00013608845727092854,0.0,0.009826184689347118,0.23205388901069146,0.1916365718632498,0.1916365718632498,0.09155331504195514,0,10.913694800770298,9.120763538437352,0.018099418066315782,0,2.4426791822961933,2.3765459586059468,0.0,0,0.0,0.0,0.0,0.0,0.0,0.0,0.0,0.0,0.0,0.0,3.587879721106406,42.57834428033699,78.03538934964928,61.83599949771503
183,-1359.5193803052268,0.3110694050903692,0.2277453090212263,0.18521646182230583,0.27596882406609863,5.5810981196948,0.08995646632590695,6.739972717507457e-05,0.0,0.009799835024510768,0.23203888982457593,0.1916569845798274,0.1916569845798274,0.0913078078341955,0,10.91485730413078,9.121735062605579,0.018050883094212374,0,2.442939371243185,2.376799103183806,0.0,0,0.0,0.0,0.0,0.0,0.0,0.0,0.0,0.0,0.0,0.0,3.581378835741781,42.57785948641185,78.04025731698607,61.839779060610994
183,-1359.519367186159,0.3110460508510618,0.22774420035515777,0.1852207694946696,0.27598897929911076,5.580323033559082,0.08996798344386986,3.3035264968696186e-05,0.0,0.009824411804801472,0.23202488005437347,0.19161533954703786,0.19161533954703786,0.09153679658006256,0,10.912485621244711,9.119753006190507,0.018096152487702168,0,2.442408546392521,2.376282649912858,0.0,0,0.0,0.0,0.0,0.0,0.0,0.0,0.0,0.0,0.0,0.0,3.58767537128983,42.575963885903505,78.03256228219635,61.83280593097829
183,-1359.5193643940383,0.31104715169973934,0.2277429274222107,0.1852159108428778,0.2759940100351721,5.58015889231084,0.08997423644951352,2.1935159938365407e-05,0.0,0.009824282971639313,0.23201291335561194,0.19162037152787934,0.19162037152787934,0.09153559620540484,0,10.912772192344441,9.119992498615876,0.018095915182447235,0,2.4424726861061865,2.376345053104568,0.0,0,0.0,0.0,0.0,0.0,0.0,0.0,0.0,0.0,0.0,0.0,3.5875983872848547,42.574986749374595,78.03297060509756,61.83317292497557
