-6.839328401896993537e-01
-8.189971897076999685e-01
-4.891203957432621596e-01
7.216162695411987293e-01
-2.063431048906324783e+00
-1.739497677163478695e+00
-1.290105466196572959e+00
-8.323749850797659278e-01
-6.221061577488958827e-01
-1.317544348544983368e+00
-3.609199689985054693e+00
-3.614776567601673207e+00
-9.638067225481025124e-01
-6.747504179804214575e-01
-1.450100182470898114e+00
-1.270917117272717389e+00
-3.133420690611205206e+00
-1.174716510530643632e+00
-1.863428202244758136e+00
-1.895888402645868442e+00
-1.075377331715372309e+00
-1.215210942184274279e+00
