-7.452596095834650436e-01
-7.852941040150115404e-01
-6.497494988351608658e-01
4.368651109653479692e-01
-2.264114007390212180e+00
-1.993263845115703370e-01
-1.513596683862496572e+00
-6.734774794812266041e-01
-7.721309979150843272e-01
-1.265799805537863421e+00
-1.777569857639018203e+00
-2.888020268611714680e+00
-2.347780525777398708e+00
-5.788502290195737254e-01
-4.067779370944158979e-01
-1.440202572434906347e+00
-9.560351222119871650e-01
-3.132719185700843845e+00
-1.210338753998362549e+00
-1.388815949674827799e+00
-1.735305839361573677e+00
-9.799345913479492465e-01
-9.433095048436335173e-01
