-6.889829232948071480e-01
-8.680227772849897772e-01
-5.420488847579952862e-01
5.980492046518448568e-01
-2.664674969189982701e+00
-1.545748999160641901e+00
-1.795063990294833989e+00
-7.526076250420987712e-01
-6.174590541026142576e-01
-1.327447353301644428e+00
-3.316691353449293445e+00
-3.057511546802543556e+00
-8.704887809873558258e-01
-1.011251851427434012e+00
-1.594202025693348457e+00
-1.289399769190201939e+00
-2.743641788721049579e+00
-1.515138699243537612e+00
-2.142599539121153640e+00
-1.577535470031770970e+00
-1.029427594471440166e+00
-8.907616600364144377e-01
