-6.235400853391098730e-01
-1.085006400825462292e+00
-3.820497679277626846e-01
8.749086906578306122e-01
-2.324941977913761892e+00
-4.970845443643592265e-01
-1.965157742061753199e+00
-6.286783642060351784e-01
-7.882910934519139490e-01
-3.556592578766757939e-01
-1.876759109321175956e+00
-2.862153690422065910e+00
-2.206106125281760644e+00
-2.378693177946576698e-01
-1.039273263352736398e+00
-1.616965382403995122e+00
-9.119924660972319463e-01
-2.568915855995197006e+00
-1.635545671251989575e+00
-2.097371343651202036e+00
-1.276073577072075693e+00
-9.498283160511816758e-01
-6.192824541885917355e-01
