-6.839187465897759166e-01
-8.220847821817737211e-01
-5.099714063162308353e-01
4.284801473374235670e-01
-2.664210569817063501e+00
-1.053605156578262814e-01
3.364722366212128946e-01
-2.979321442735901826e+00
-5.439792184111049700e-01
2.762085066952248841e-02
-2.875187851166328024e+00
-4.022648329037598280e+00
-2.914683258020103196e+00
-1.098609169149184606e+00
-2.381596611158694754e-01
-1.705311254279090249e+00
-1.452402308565139633e+00
-3.089837188528238077e+00
-1.452669345155659597e+00
-4.842886582967120823e+00
-7.812026960279052634e-01
-1.362227013432241840e+00
-1.651706172375734250e+00
