-6.956117805117670860e-01
-8.424934103488238568e-01
-5.270806417504138031e-01
6.429707635265652366e-01
-2.182123850794540409e+00
8.918839510747307575e-02
-1.922734936944596296e+00
-1.192700415422674354e+00
-5.370319797790986671e-01
-9.903991064533229638e-01
-2.222081286955622570e+00
-3.964951830641505470e+00
-2.334627650304835988e+00
-6.005742763026001851e-01
-7.809152719728821301e-01
-1.155384162011553473e+00
-1.131547310539310125e+00
-2.713010486826491263e+00
-1.478821251646245116e+00
-7.534217758001680032e-01
-1.628789860528224942e+00
-1.034440297755129023e+00
-9.515214841539152424e-01
