-6.582581072662784250e-01
-8.042821402980468992e-01
-5.964413484372321772e-01
7.218232809068751976e-01
-3.530396467886476763e+00
-2.706759378235713775e+00
-1.584952879243527235e+00
-9.055107236886373867e-01
-6.063930080209983808e-01
-8.423290896059880684e-01
-1.884568036977878336e+00
-2.155360598422803253e+00
-4.136338430979165537e+00
-6.502857343139716306e-01
1.573970831725323150e+00
-1.359764016841231937e+00
-1.623556760985508607e+00
-4.657450608701335426e+00
-1.650542949665723791e+00
-2.079065161673226747e+00
-2.183461883184981911e+00
-1.878551432833993173e+00
-1.250587035356986121e+00
