197,-1644.5464864138391,0.3245346869712352,0.20846023688663282,0.22741116751269028,0.2395939086294417,1.2,0.9,1.3999999999999997,0.14399999999999996,0.84,0.21600000000000003,0.21600000000000003,3.146844866333759,0,10.543411212806879,13.442422959859814,2.7537452664002595,0,7.990613880378242,8.659913444553032,0.9891941909604199,0,0.9932479714642874,0.7216479227982403,2.7822153002240313,0.0,9.718694469391783,6.919805678999097,2.782215300224031,0.0,7.896522254738539,8.405358621345927,52.70191179050696,55.2691387210313,36.28846133942023,54.161322842637034
197,-1533.622825473572,0.24152274465805995,0.26821657022233225,0.18209695785438984,0.30816372726521807,1.5008867474025545,0.6970402598026909,1.2687163501395993,0.059840104825391836,0.34888340257104583,0.08163398580682044,0.08163398580682044,1.3076911574351275,0,3.984725376396982,5.08036372738182,1.144336148637626,0,3.0199336115674984,3.2728854223191464,2.643008663253177,0,2.8926053888977967,2.0817435253678447,0.4654939367320807,0.0,3.8802386600817957,1.8339698610689754,0.4654939367320811,0.0,2.368028313431112,3.497761179374183,44.31445078976081,35.759977065298685,23.94473532171158,43.365331110305924
197,-1497.5567558492312,0.3300824661123082,0.2047643499460998,0.22702284644080858,0.23813033750078344,1.8132898971899594,0.5639596651307452,1.2159314311882496,0.054987351138892956,0.2592521643881357,0.062427151795309756,0.062427151795309756,1.201643497532758,0,3.047199686214194,3.8850563824626185,1.0515358188237183,0,2.309404007630007,2.5028413478581286,3.1005360405842564,0,4.049837828290122,2.8934195457656022,0.3920140032145969,0.0,3.4340363020882183,1.448207946528554,0.39201400321459623,0.0,2.0401593217158545,3.2272073379498503,44.776866635605685,33.72019581461948,22.77804595362963,42.624895838413096
197,-1480.9298550284311,0.32924926945370747,0.20883997526069875,0.21533834023942253,0.24657241504617122,2.1034792753425946,0.47856075674340653,1.1876392962114952,0.05814556859235256,0.22284707570960718,0.06107913871886506,0.06107913871886506,1.270660305728487,0,2.9814003520234658,3.801164892050621,1.1119311407871006,0,2.259536174298663,2.4487965489500887,3.0865714397600135,0,4.335812470031735,3.081634970243906,0.43356595816098153,0.0,3.4131997228303055,1.396191893492816,0.4335659581609812,0.0,1.9735090890523832,3.1438829289287566,45.42849740780125,32.96816602681646,22.722641448134397,42.5639198656295
197,-1447.4767838988441,0.2824664609265356,0.21033032577067284,0.24229316647246057,0.264910046830331,5.186131216385311,0.17709311442376874,1.0395882063696684,0.0715388440348111,0.12016733284375067,0.04862848880893955,0.04862848880893955,1.5633447506555336,0,2.3736581211575327,3.026318122539699,1.368053841143108,0,1.7989420261968996,1.9496227038186678,3.0817324758011058,0,6.542963260032262,4.545391541550763,0.7013610234424599,0.0,3.2232761208211427,1.1571860545379282,0.7013610234424592,0.0,1.6353663823755702,2.716186730673616,49.521180305974,30.813039671102256,23.03126777256059,42.24728458446091
197,-1454.3947832602512,0.38941857366789834,0.21884162072858968,0.12273279895592218,0.2690070066475898,5.910703818229535,0.15832691442602215,1.02059626289542,0.0945036891649043,0.15429534401277428,0.05979165484786996,0.05979165484786996,2.0651975631818087,0,2.918555574793106,3.721040342291761,1.8072158798278943,0,2.2119075331396973,2.3971784985608493,2.3665050011320257,0,5.388959834781222,3.737317882560929,1.103304550200406,0.0,3.552663384616565,1.3206253109248824,1.1033045502004066,0.0,1.753275044872262,2.670065749321553,52.70987844952802,33.13835919808477,23.762135170036192,43.07854878713841
197,-1438.4022009397677,0.32744903837373046,0.21424065604432901,0.1914699869186875,0.26684031866325303,5.507845044270912,0.168195218783609,1.0308043314010458,0.08133830515064983,0.13481874220339823,0.053480437052748436,0.053480437052748436,1.7774932499973002,0,2.6104918504062975,3.3282715506537177,1.5554511999001517,0,1.9784329751962335,2.1441479437669826,2.7288489680603973,0,5.984944497257,4.154391631533368,0.8510798538695857,0.0,3.367126995219871,1.2231274330969186,0.8510798538695854,0.0,1.684413024997675,2.701057711449359,50.70772172359729,31.63949435786065,23.253840918100863,42.526716583971506
197,-1430.274868601312,0.3261797867374392,0.21396696737419674,0.19270424499525615,0.2671490008931079,5.332374347386932,0.17683096017220015,1.044905451291933,0.10060457991595963,0.16784056712758433,0.0672359872116247,0.0672359872116247,2.198520873876403,0,3.2819289882925173,4.184326751029558,1.9238846230677813,0,2.4873000586765843,2.695638100054372,2.1918224542527733,0,4.7330332066124825,3.2879569851145773,1.1886578522634896,0.0,3.8307353366190235,1.4782142107473941,1.1886578522634894,0.0,1.941439121874797,2.895370905010621,52.852661166532606,32.87661055412153,23.94328503332734,42.72740378629632
197,-1426.2077265991559,0.31471988440848137,0.21247379788047413,0.2079295945651855,0.26487672314585897,5.769290305696091,0.16693543012672235,1.046347747558955,0.13392109742038266,0.22054989278361115,0.0866287953632285,0.0866287953632285,2.926589707716073,0,4.228532464743592,5.3912079063687965,2.561004083975742,0,3.2047095123604623,3.4731382854234063,1.658987701443245,0,3.6979473609778606,2.5666002513862076,1.8963544761291526,0.0,4.528266903189016,1.9026684697261447,1.896354476129152,0.0,2.3468197806793065,3.1948920803456007,57.372561659723104,35.698050623792255,25.34053529838965,43.2912917361039
197,-1425.8258467441728,0.31823242327290685,0.2102329823208992,0.20700608707315976,0.2645285073330341,6.160012196901282,0.15650936835367338,1.0366806795123251,0.13290876075679314,0.21667840663852722,0.0837696458817341,0.0837696458817341,2.9044670241548363,0,4.088971405936745,5.213273199721984,2.5416449360912763,0,3.0989393293377523,3.3585087158179427,1.6850379798895438,0,3.8511754781606804,2.67039575268848,1.8755462880284746,0.0,4.449343410907106,1.846170598182015,1.875546288028473,0.0,2.278486675899348,3.1244208989751225,57.54542882968675,35.81857178089534,25.262928292129352,43.23331437904707
197,-1425.7387854403464,0.31808744636783987,0.21100189797728963,0.20755225401727692,0.26335840163759355,6.540797106467335,0.14971729125127142,1.029699242957691,0.13390807279585976,0.2171423194182266,0.08323424662236684,0.08323424662236684,2.92630507943263,0,4.06283744966572,5.17995346223675,2.560755011072085,0,3.079132992516251,3.3370433859827653,1.6812520904079946,0,3.8938664480531386,2.6982982137378078,1.9008650331791483,0.0,4.4338300714106,1.8372568760176442,1.9008650331791492,0.0,2.2588939026645845,3.0980541606565932,57.88368602306319,36.10689474993944,25.32963205245278,43.25685955417582
197,-1425.7627779926006,0.3183030745048026,0.20636141276162176,0.20760560189623847,0.26772991083733716,6.7566172058537095,0.149481137432778,1.0271053884659114,0.1339945591655796,0.21756369250742477,0.08356913334184518,0.08356913334184518,2.9281950737976348,0,4.079183970004461,5.200794614675953,2.5624089099000305,0,3.0915216520950377,3.350469728595787,1.6804739799426163,0,3.878886032309135,2.687858266816178,1.8974213038933634,0.0,4.426162869991295,1.8360186187869443,1.8974213038933623,0.0,2.2583281309647534,3.0879133549150954,57.97131329253199,36.20347286650609,25.402084294427894,43.337611687469916
197,-1425.7298872622987,0.318160845360718,0.20941035598592136,0.20757041844634638,0.2648583802070143,6.613492607806586,0.14963684556957885,1.0288153728323826,0.1339375782402819,0.2172856935563635,0.08334811531608162,0.08334811531608162,2.926949864545885,0,4.068395618471739,5.18703990271268,2.5613192505020193,0,3.0833454034631855,3.341608631499498,1.6809863509683205,0,3.888759647116432,2.694739217029001,1.8996426175218781,0.0,4.4311970374107315,1.8368102048164459,1.8996426175218784,0.0,2.2586786689255893,3.094583516414945,57.91333736011849,36.13953180482056,25.354105811233854,43.28421240973892
197,-1425.7236435435748,0.318269165540712,0.20954937350105807,0.20753933622668555,0.26464212473154436,6.665111139769287,0.149979873978269,1.0282211085593123,0.13391549945513548,0.21740936363890842,0.08349386418377291,0.08349386418377291,2.9264673748813506,0,4.075509925165583,5.196110356071138,2.560897032793097,0,3.088737176265146,3.34745202306824,1.6808173706453489,0,3.881065131436633,2.68949313099409,1.8982733509091796,0.0,4.429995245294776,1.8379517182637586,1.8982733509091796,0.0,2.2596713455669866,3.094360824505274,57.90587744710729,36.159512455084666,25.370492965004082,43.301677377003124
197,-1425.7092420324989,0.31819216447470833,0.2101059618536363,0.20758734518861097,0.26411452848304434,6.835135950857325,0.15326265654380034,1.0254774120745365,0.1332718725275297,0.21699150254178826,0.08371963001425853,0.08371963001425853,2.912402138124612,0,4.086530026964707,5.210160540252951,2.548588806367943,0,3.0970890632040047,3.3565034700624206,1.6846567113142739,0,3.861971403985739,2.677077634029371,1.876807206749159,0.0,4.413406956954529,1.8335720056598612,1.876807206749159,0.0,2.256516940245144,3.0895395113694213,57.75685002446218,36.1284673660244,25.385153845010095,43.3347164310654
197,-1425.7095443577543,0.3188554237165752,0.2097554250407657,0.20772371452996613,0.263665436712693,6.839448593691433,0.15410973135181125,1.0229643215429378,0.13348186795550368,0.21703287025133514,0.08355100229583147,0.08355100229583147,2.916991186975122,0,4.078298955773716,5.199666257318448,2.5526045974495335,0,3.09085091974345,3.3497428152201487,1.680907745490012,0,3.8675413744469895,2.681149038686585,1.8774697033301238,0.0,4.408506625215166,1.8286179871420687,1.8774697033301262,0.0,2.2522064426483146,3.0855449254209937,57.77610276873166,36.11247713509934,25.360152051180737,43.31388705799222
197,-1425.708955263552,0.31846460885750544,0.20996195157254677,0.20764341553246732,0.26393002403748056,6.836908195797061,0.15361025457784114,1.0244437399944182,0.1333582246467631,0.21700850446398656,0.08365027981722348,0.08365027981722348,2.9142891987017414,0,4.083144898978458,5.205844638952513,2.5502401378928226,0,3.0945235509492117,3.353723068656466,1.683114441736856,0,3.864261118502666,2.6787511134193815,1.8770817621996088,0.0,4.411390628129828,1.831532747377043,1.8770817621996092,0.0,2.2547413418767785,3.0878936743780816,57.76478797795525,36.12190397901115,25.37486554659175,43.32613810378184
197,-1425.7086388891528,0.3183540816359587,0.21005699904455388,0.20750886240911434,0.26408005691037306,6.8379864836855395,0.1541276059364652,1.0237330656732975,0.13330376603615876,0.2169037949057707,0.08360002886961194,0.08360002886961194,2.913099109818353,0,4.0806920452539135,5.202717349638031,2.5491987133013887,0,3.092664588358995,3.351708398023028,1.6831303416968255,0,3.8652264002696914,2.679548631233777,1.8741296165662114,0.0,4.408220198355869,1.8293714695353318,1.874129616566212,0.0,2.2527976959117955,3.0862660470360828,57.74650423797402,36.10574874318931,25.36690816399248,43.32031081034246
197,-1425.708586083344,0.31830028837733776,0.21006507217889633,0.20751733934537311,0.2641173000983928,6.835030330057642,0.1541781922262999,1.0231788678792915,0.13333351118335143,0.21689912899983466,0.0835656178164832,0.0835656178164832,2.9137491331776695,0,4.079012369867792,5.200575831440574,2.5497675366227788,0,3.0913916002165456,3.35032878347844,1.682689219703245,0,3.8666853050136183,2.6805725623674572,1.8738883863362141,0.0,4.406902174709805,1.828262307276911,1.8738883863362137,0.0,2.251611110245526,3.0852077660085673,57.74851879536852,36.10309837357238,25.363228118967335,43.316352409984106
197,-1425.7085212972652,0.31826486411941823,0.21007945356744434,0.20749384546298374,0.26416183685015365,6.832589020445543,0.1541759646643138,1.0218849998036348,0.13341676168101946,0.21694911947750029,0.0835323577964808,0.0835323577964808,2.9155684137416027,0,4.077388878813017,5.198505945993696,2.551359555121937,0,3.0901611929133384,3.3489953163748067,1.6816421296579778,0,3.86823074756262,2.6816433846398637,1.8737810416029097,0.0,4.404357795478194,1.8264330049370203,1.8737810416029106,0.0,2.249492936245257,3.0830409774108194,57.75642742547734,36.10550947167422,25.360404490336236,43.31283568694954
197,-1425.7084349025317,0.3181879083181006,0.2100808385760001,0.20755678454750634,0.26417446855839294,6.831920685355571,0.15418658985736353,1.019830976897397,0.1334326100608073,0.21694537155318278,0.08351276149237545,0.08351276149237545,2.915914749801152,0,4.076432342273971,5.197286400585204,2.55166262734986,0,3.089436255415244,3.3482096575906146,1.68142861834379,0,3.8691105327693744,2.682255932179803,1.8708205498215447,0.0,4.39880130585341,1.8234583389375216,1.870820549821541,0.0,2.2460865214545223,3.0794847844662736,57.747981299660346,36.10624247893698,25.359865682322546,43.31362776892233
197,-1425.708257223367,0.3181642802686363,0.21008795926903187,0.20754743322107772,0.26420032724125414,6.831505458635942,0.15415552441430447,1.0154034053842205,0.13342928416401326,0.21694750633120363,0.08351822216719039,0.08351822216719039,2.915842068681344,0,4.076698889218755,5.197626237161633,2.5515990254571297,0,3.089638265341043,3.348428588013051,1.6815108072162126,0,3.8689391175700685,2.682129385704279,1.8635567487445153,0.0,4.386558355011096,1.817483017817343,1.8635567487445153,0.0,2.239156962282072,3.0719170393673436,57.72288938062964,36.11204516947387,25.36406644274235,43.322337586701025
197,-1425.7080181607207,0.3180239124687233,0.21007976026000733,0.20768917399597117,0.26420715327529815,6.828102885031155,0.15434312449099497,1.0051128500911806,0.13327328844653885,0.21700243363770894,0.08372914519117007,0.08372914519117007,2.9124330803292304,0,4.08699448262647,5.210752702440835,2.548615883314256,0,3.0974410636887435,3.356884954360863,1.683235523859636,0,3.858701598887505,2.6750787102900757,1.8426163939891769,0.0,4.357596816966583,1.8055392463214037,1.8426163939891764,0.0,2.225249978895447,3.0559584379293083,57.625757570027076,36.125999481272245,25.389665778043433,43.36214158760557
197,-1425.7078365274033,0.31820718027973205,0.21007490943900176,0.20750455427367834,0.26421335600758794,6.828354578053548,0.15420938841360757,1.0022903677036166,0.1331450018677455,0.21689453859088692,0.08374953672314142,0.08374953672314142,2.9096296222605127,0,4.087989835898846,5.212021737614716,2.5461626294316524,0,3.098195419514727,3.3577024955732417,1.6850310726878,0,3.85811216323237,2.674636971092427,1.835143998657073,0.0,4.347802576270285,1.8012827912943437,1.835143998657073,0.0,2.2203378212659377,3.050442016438981,57.59019807854183,36.12861697324771,25.396198650340565,43.37535951994535
197,-1425.7077970468736,0.31826440835259634,0.2100666441633495,0.2074991389290583,0.2641698085549959,6.831489388526544,0.1541831674724134,1.0025322283773173,0.13305349312099343,0.2168344662931326,0.08378097317213916,0.08378097317213916,2.907629873441475,0,4.089524314643538,5.213978135965567,2.5444126865274668,0,3.0993583663930195,3.3589628517182626,1.686224058867609,0,3.856733137401,2.6736744716237903,1.8334290834432114,0.0,4.347293235651693,1.8016139044915254,1.833429083443212,0.0,2.220712910249433,3.050698594824046,57.575849442449176,36.127860094379066,25.400084142628433,43.38125156162839
197,-1425.7077931199922,0.31827344650435835,0.2100627857944461,0.2075099942938006,0.26415377340739493,6.833369334660277,0.15418820408376072,1.0025730100241272,0.1330176987187172,0.2168133522189349,0.08379565350021771,0.08379565350021771,2.906847655170319,0,4.0902408921234965,5.214891743276777,2.5437281819036346,0,3.099901444325024,3.3595514182483455,1.6866712632434164,0,3.8560442895693328,2.6731981752258376,1.83265669132739,0.0,4.346965501757163,1.8017020640870243,1.8326566913273905,0.0,2.220814358428314,3.0507405062443405,57.56971081835825,36.1275813119108,25.401782552732335,43.383731675554486
197,-1425.7077930832374,0.31827287770317664,0.21006303557394854,0.20751104390395275,0.26415304281892205,6.833563803334267,0.15418844555759761,1.002552421476347,0.13301764973594482,0.21681374982222992,0.0837961000862851,0.0837961000862851,2.9068465847454177,0,4.090262690922342,5.214919535863841,2.543727245194763,0,3.099917965143676,3.359569322862647,1.6866715703105708,0,3.8560231071762376,2.6731835503098598,1.8326235364742318,0.0,4.346909360386112,1.801680344162722,1.8326235364742318,0.0,2.2207872284000465,3.0507068569164013,57.569601212135865,36.12768385574033,25.401857747010585,43.38382187178468
