-6.800943193888306926e-01
-7.619360866413092959e-01
-5.657903520115001861e-01
6.970023933867466326e-01
-1.035836000417757585e+00
-1.709724937475423312e+00
-7.529371348519864338e-01
-1.180081026084936147e+00
-1.949788548113477127e+00
-3.385069497121572901e+00
-3.868784158088040659e+00
-9.668789815837104396e-01
-1.109312847344540609e+00
-1.641206517452287850e+00
-1.578614801905386500e+00
-2.791108988951470415e+00
-1.836403166961444677e+00
-2.470410939368149705e+00
-1.762160160236692752e+00
-1.213248861979449256e+00
-1.408950508765790532e+00
-6.911969860349073125e-01
-8.531934987109921487e-01
-5.519227536546886803e-01
6.441274511754685461e-01
-1.469576128396194559e+00
-1.826009383553365062e+00
-8.280238412682852100e-01
-7.267982646958431880e-01
-1.415859902120880198e+00
-3.299831664332397718e+00
-3.055248190623906179e+00
-9.356589862890628551e-01
-1.071094315978267764e+00
-1.645736272737678307e+00
-1.340866799599811143e+00
-2.778408527037310449e+00
-1.548134535660006028e+00
-2.159613519422048267e+00
-1.624172066151768679e+00
-1.081683288642136587e+00
-9.507626666262303239e-01
-6.632782195360872324e-01
-7.766125726844270716e-01
-6.393289527718917231e-01
5.484641933770235678e-01
-1.702469594280688669e+00
-1.318097818843704916e+00
-8.170697499486470061e-01
-6.737240029542743702e-01
-1.038184494783928935e+00
-3.121425633577338044e+00
-3.969173393585784027e+00
-9.430814522639882069e-01
-7.626057898020690562e-01
-1.287324231621826076e+00
-1.351082695083998031e+00
-2.570177394206573762e+00
-1.341216489161444203e+00
-2.177818593781543743e+00
-1.587618435641370729e+00
-5.970873531177255389e-01
-8.494583549224119512e-01
-6.407253795335648983e-01
-8.212563756777266910e-01
-5.988167732728649773e-01
5.587599701537189212e-01
-1.586755965713926742e+00
-3.915827965220393669e-01
-8.910558533301214945e-01
-7.353713929941352312e-01
-1.113906892147539685e+00
-3.231209883871213329e+00
-3.695032789771049764e+00
-7.871727895197694336e-01
-5.561510575468163742e-01
-1.671856682707548281e+00
-1.466233182135654456e+00
-3.737842670537019796e+00
-1.428749800353571242e+00
-2.310613392939187882e+00
-1.358231778167479309e+00
-1.204888400767941237e+00
-9.797498548316615485e-01
-7.125038349896191114e-01
-1.150253110862047734e+00
-4.426675327882537148e-01
3.898372118186448909e-01
-1.259551650596832717e+00
-5.633400983361827041e-01
-1.183298712775339379e+00
-9.492803751088394471e-01
-8.874083003399607650e-01
-3.121776543810390603e+00
-3.615670805726755699e+00
-3.758824609382899196e-01
-8.803624481631698862e-01
-1.049242611301073547e+00
-8.617741719339111484e-01
-3.402616040234379469e+00
-9.377368496566231837e-01
-1.287444700964112343e+00
-8.576077693228164600e-01
-1.016397553472871085e+00
-6.268327734553025277e-01
-6.780579481887188953e-01
-7.866396619549518299e-01
-4.914536003934836805e-01
7.169589708757012625e-01
-2.025007702264712606e+00
-1.162925092981300423e+00
-6.165227170778825316e-01
2.906611165622229043e-02
-1.065208865744242450e+00
-3.109818699057319336e+00
-2.830945684311931831e+00
-5.076003933663133516e-01
-1.541160400338458247e-01
-1.434744863398372372e+00
-7.298193449106297193e-01
-2.673356954942450514e+00
-1.048386095646658411e+00
-1.657915246041354429e+00
-1.438317166677298031e+00
-9.433453828542193165e-01
-6.281087622189848174e-01
-6.456189310976433449e-01
-7.874280578799850439e-01
-5.330176715417167532e-01
4.248708842344785519e-01
-8.374196885247526811e-01
-4.007583884154882758e-01
-1.291861979331595300e+00
-1.111467506219687706e+00
-1.464808072864448585e+00
-2.206368838667532195e+00
-3.319795472976202699e+00
-5.833713860829182751e-01
-6.129619149995918503e-01
-1.614218286238474631e+00
-1.449662472896984244e+00
-4.907996364988938431e+00
-5.108435108146394121e-01
-1.963428502447446045e+00
-1.242967366237140769e+00
-2.455365097551175102e-01
-8.680948745686246637e-01
-6.776022381405685246e-01
-7.156525684432479828e-01
-5.226135930374131711e-01
5.480099362323048728e-01
-1.884346710904700517e+00
-5.622495956442140619e-01
3.792897950298596554e-01
-2.562537009027894275e-01
-1.101401783211118923e+00
-2.172519187576844146e+00
-2.879491754241818580e+00
-5.901458225766996746e-01
-5.956799795956554400e-01
-9.579426398802820541e-01
-7.257638056102304613e-01
-2.236196692610129766e+00
-9.654701781524984705e-01
-1.608492540183005692e+00
-5.404459270224484246e-01
-7.067793494542623511e-01
-3.141604851315664693e-01
-7.034033097579498461e-01
-8.119064446969858073e-01
-5.728811766423406171e-01
6.990324827456019241e-01
-1.349738018202208956e+00
-1.572414308025511076e+00
-6.444777761166986529e-01
-1.240708522668009239e+00
-1.561071231531538039e+00
-3.688905964182334518e+00
-3.326750798538431031e+00
-9.386675547114721185e-01
-1.088077503885025221e+00
-1.566724983776900615e+00
-1.544110457258724312e+00
-3.030903309691996395e+00
-1.790130851692778302e+00
-2.321448581174662795e+00
-2.227653783174785573e+00
-1.449277094342810157e+00
-1.183406118466328039e+00
-6.787851267850993908e-01
-8.237804064765347212e-01
-5.745822890116614179e-01
1.101165387892346859e+00
-6.955232056139830643e-01
-1.713750238732624664e+00
-1.414714740022726680e+00
-1.428199664569263838e+00
-1.805573183556397066e+00
-5.098414795855709336e+00
-3.214602640315327164e+00
-1.170333801594696022e+00
-1.382945297218346914e+00
-2.188597483747044770e+00
-2.072335335381842558e+00
-3.376360880855850066e+00
-2.132106252280965286e+00
-2.348141541259971099e+00
-2.163298251121780869e+00
-1.636330157956464637e+00
-1.609420686923016985e+00
-7.093726155081999662e-01
-9.291234078072062585e-01
-4.852188561508833931e-01
6.875021057317332041e-01
-2.142865445216106224e+00
-8.842009290935747279e-01
-2.827495995674395579e-01
-3.339346829377449200e-01
-1.305285966143180820e+00
-4.779242102000909043e+00
-2.479693671847167824e+00
-7.828185488318022411e-01
-8.268882343069060559e-01
-1.504815068976198100e+00
-9.086314941537163570e-01
-2.186064764006467431e+00
-1.616628899809904762e+00
-2.203517268255842154e+00
-8.608106187232431594e-01
-1.162837555206090556e+00
-1.381525287963154325e+00
-6.075798613304690399e-01
-6.690907914578047011e-01
-6.354418932661201058e-01
7.386806883773063825e-01
-1.875260304867946370e+00
-1.268769601166778394e+00
-4.473920531471692330e-01
-8.324231484653654700e-01
-1.586716608638663484e+00
-2.992817672661483464e+00
-3.965604934231947709e+00
-8.606541359179177286e-01
-1.170487031314039417e+00
-1.473471665605469161e+00
-1.350873390554050646e+00
-2.886774664118417988e+00
-1.399259196673410033e+00
-1.851614882297357045e+00
-1.628947629029377842e+00
-1.116176902140216587e+00
-1.003357011507023611e+00
-6.810094421026372524e-01
-8.074601203648351655e-01
-4.476653443000917498e-01
7.433718984576312971e-01
-2.653540261301938763e+00
-1.346799664735202295e+00
-8.873485505528367900e-01
-5.915199153798744724e-01
-8.124121490426726711e-01
-2.608477959812282698e+00
-3.156942199296135954e+00
-3.392630653601733104e-01
-4.607897046153097004e-02
-1.055524947944079805e+00
-1.288104371587059926e+00
-2.270385539311038592e+00
-1.468825312867612309e+00
-2.148140513661933593e+00
-1.555778106183055787e+00
-5.042772517555640377e-01
-8.168599564484260167e-01
-5.687470673719914327e-01
-9.117410720711595085e-01
-5.204238889518888467e-01
4.348656155839473181e-01
-1.476573296666559898e+00
-1.630674900246251502e+00
-8.529434201303760510e-01
-9.772057885499492169e-01
-1.018183157606765699e+00
-3.081141762077506563e+00
-2.773537756087478101e+00
-4.294359483831253210e-01
-1.139876571711435360e-01
-1.259860403313644017e+00
-1.003454835542305634e+00
-2.345539853913935158e+00
-1.074626866524204694e+00
-1.412209013810840519e+00
-1.532179044269535106e+00
-1.022772877911242384e+00
-8.875508023670025670e-01
-7.096320806749437660e-01
-7.594355896686795226e-01
-5.479829645498750512e-01
8.057066634768764724e-01
-1.042698694546874361e+00
-1.291477258225559144e+00
-6.294490736287261523e-01
-1.218862225679508526e+00
-1.066963389187645772e+00
-2.606141749499179205e+00
-4.084246163967430121e+00
-7.753434780915414715e-01
-9.940979054975952467e-01
-1.416631809138801268e+00
-1.630549302906985076e+00
-2.941799564498770447e+00
-1.252239165484112293e+00
-2.018330861834376488e+00
-2.099453085366140836e+00
-5.690735777684722274e-01
-1.283638636841355263e+00
-7.377776873704608995e-01
-7.883202743958229730e-01
-6.418358867580785665e-01
4.148790370185440057e-01
-1.137152439821268457e+00
-1.278955982319606832e+00
-4.268868223259166816e-01
-1.090462537792604936e+00
-1.664759413405427546e+00
-3.029575765832647871e+00
-2.346029582950404535e+00
-5.740032135698860394e-01
-2.965683904544451632e-01
-1.471956924205174433e+00
-8.770873707419789556e-01
-2.942814427283636736e+00
-1.187559941394873197e+00
-1.305813641809229431e+00
-1.790075527218554674e+00
-9.705010868205496966e-01
-9.016718070536907659e-01
-6.821786548297386066e-01
-8.334177652152130467e-01
-4.785943108886667186e-01
7.016211689680742492e-01
-1.751358885981003866e+00
-1.203731637730627302e+00
-7.851717248682567041e-01
-5.394868742969688435e-01
-1.230811274287252122e+00
-3.553382588132679043e+00
-3.665550417809822825e+00
-9.336854580902339551e-01
-6.046734115479750482e-01
-1.415223835214046266e+00
-1.239827192530443600e+00
-3.122990011104741281e+00
-1.144898566677907459e+00
-1.841026834932076195e+00
-1.874379566388480578e+00
-1.041439002517120072e+00
-1.186622675175430963e+00
-5.965344265662539947e-01
-5.992208289252738407e-01
-6.314079690762225416e-01
6.933841744168450782e-01
-2.543865289015391884e+00
-1.165894328520648004e+00
-6.018596366403711206e-01
-1.022906557533213245e+00
-1.514774752685321024e+00
-2.903080587598502849e+00
-3.104957437899940054e+00
-5.907018577635338996e-01
-6.488620338995336745e-01
-1.276919522792442363e+00
-1.200880253380365748e+00
-3.215763321780197082e+00
-1.426858748885252659e+00
-1.497412225625606164e+00
-1.153146064075047494e+00
-1.126182831865643053e+00
-9.637517508269926036e-01
-6.060463723448076268e-01
-7.110175567910242966e-01
-6.085998707704423083e-01
5.396401981572073181e-01
-2.158213710954365538e+00
-1.058491442162100116e+00
-4.239581092325638290e-01
-3.647092870953063115e-01
-9.144269640715709802e-01
-3.760097243300757341e+00
-2.915552849084143361e+00
-4.253132971710983368e-01
-4.500844690352749367e-01
-1.158188584100942720e+00
-1.278158403991264791e+00
-2.568905029320687206e+00
-1.604098184400003513e+00
-1.886112108778735141e+00
-7.946473573250171230e-01
-1.039718294100791418e+00
-7.859700653929850844e-01
-6.725121791582551189e-01
-7.423960415021236825e-01
-5.461956892677539699e-01
7.044522163373188040e-01
-1.813447317568132044e+00
-7.882825417585014316e-01
-3.629470904119622143e-01
-4.537383760882511829e-01
-1.076672205356377310e+00
-3.577657364633407333e+00
-3.503124001229482420e+00
-5.207403237681269559e-01
-7.569206476780570014e-01
-1.449442171512697497e+00
-1.065594364718798204e+00
-2.096715285452766420e+00
-1.475349327953906720e+00
-1.918410431731937260e+00
-1.958335599285193407e+00
-1.047633632223315736e+00
-1.021244879995568677e+00
-6.768692595161587278e-01
-8.917820332674551986e-01
-4.205050028682268404e-01
7.169075775613871215e-01
-1.436030041634572374e+00
-9.673861469145306202e-01
-1.149293730634167732e+00
-1.312171625516346918e+00
-1.504801729729050797e+00
-5.732684557366881428e+00
-5.104882029347595385e+00
-7.514054629556260467e-01
-5.330000158834673485e-01
-1.816974191854040743e+00
-1.763310938971996311e+00
-2.536384122628123183e+00
-1.474265711233963660e+00
-2.225637913516966382e+00
-2.265769418166216909e+00
-1.458999814794062821e+00
-1.533398281915880013e+00
-7.335658195130698722e-01
-7.399648080222238633e-01
-3.864933435021472019e-01
7.520746842267237442e-01
-1.314588985640265051e+00
-1.242127317681182896e+00
-1.354721529203653407e+00
-7.729263845764048346e-01
-1.441210653278880427e+00
-4.221473444356932170e+00
-2.702247738584309111e+00
-5.140469074985896114e-01
-7.141289258184679856e-01
-1.535769945384834800e+00
-1.265311475232099081e+00
-2.519386687000181979e+00
-1.151595966744871857e+00
-1.862683124978206095e+00
-1.842301402733272031e+00
-1.168275751528902173e+00
-8.276721665704299680e-01
-6.526887181090524903e-01
-8.317235932590826275e-01
-6.671125809115793226e-01
5.701810523580413959e-01
-8.334484844205003462e-01
-1.005176056914633520e+00
-4.406191548994471963e-01
-7.588375554672360801e-01
-2.249031119845915416e+00
-3.217130357553117381e+00
-3.272440525076709683e+00
-8.584464685587256394e-01
-8.525101077244168213e-01
-1.591424994918092750e+00
-1.445215406674984493e+00
-2.807336891709406590e+00
-1.666523552571764322e+00
-1.799807156296427957e+00
-2.329307945692275172e+00
-1.014394289040680963e+00
-1.085682153334302624e+00
-6.793811189217217050e-01
-9.072379240795165334e-01
-5.341009055304158926e-01
5.546952432970342350e-01
-1.372040529137290132e+00
-1.015552984888598687e+00
-7.201760104226795356e-01
-4.046567491966348573e-01
-5.961159196181021747e-01
-3.412313292046738500e+00
-3.073775637190768517e+00
-5.035171635751876096e-01
-6.270263423619329979e-01
-1.140323391530819741e+00
-1.289256302799147047e+00
-2.513182103786272936e+00
-1.337212521658405873e+00
-2.033487226027944850e+00
-1.785920584831727442e+00
-1.083763628709738081e+00
-1.147184304677074218e+00
-7.067796868980981140e-01
-7.948169636471055233e-01
-5.389293541828672485e-01
5.166243807644674835e-01
-1.377395975894976976e+00
-1.434202026588477175e+00
1.918876298969764416e-01
-1.073632988715973013e+00
-1.462859177554851620e+00
-3.219975220325213439e+00
-3.355837182594147095e+00
-8.612064527662107727e-01
-3.013062339992406136e-01
-1.464826496343345719e+00
-1.183735146250870729e+00
-3.142139827770570548e+00
-1.089814204187785851e+00
-1.993080731027961683e+00
-1.625033589543816825e+00
-9.428923488489864280e-01
-9.902293515145120795e-01
-6.967034089031406419e-01
-8.571515957370675620e-01
-5.526136773017271686e-01
6.933832206948117305e-01
-1.089544135218778242e+00
-2.616717554495985976e+00
-4.016887846232390924e-01
-1.112646098489964430e+00
-1.474907992188861927e+00
-2.957627607597596242e+00
-3.002115127690409224e+00
-9.971873412075001886e-01
-9.998297480179423324e-01
-1.605265130528999107e+00
-1.720219478501913812e+00
-3.049223474629826125e+00
-1.862972904635457061e+00
-2.481764230903943602e+00
-1.962580039944832544e+00
-1.350008664614908094e+00
-1.416227662842604929e+00
-7.226012291707030188e-01
-8.773501901430043048e-01
-5.283349346440830985e-01
5.811438621027821272e-01
-1.620592977188631822e+00
-1.241611750741001163e+00
-7.028312622928054587e-01
-3.670975630829587666e-01
-1.597288694262778641e+00
-2.375973034673341200e+00
-2.052954979178522876e+00
-2.641466926385335756e-01
-5.959980881788448093e-01
-1.460904132304144065e+00
-1.132475087256324286e+00
-2.521148456760933243e+00
-1.034231361239356550e+00
-2.370211287320121318e+00
-1.764632029203459185e+00
-4.617353314190569824e-01
-5.686627190294356593e-01
-6.781036565382403403e-01
-8.168821086725279734e-01
-4.984031467055300424e-01
6.155880998895968403e-01
-1.736145665211565881e+00
-1.747640764477616626e+00
-6.256913083435718947e-01
-4.394874814493838211e-01
-1.294936655744732379e+00
-3.567951575432704026e+00
-3.063673011148796643e+00
-5.438178229769375926e-01
-8.556754338398714355e-01
-1.365095611985178703e+00
-1.209100000004266651e+00
-2.434145569007480248e+00
-1.137556761531275829e+00
-1.578545737106452851e+00
-1.389055145979078532e+00
-2.981757910245029231e-01
-7.568508512056156823e-01
-6.453494763099750786e-01
-9.491596169544115336e-01
-4.415857766040024446e-01
8.186492849642692526e-01
-1.774753788609060079e+00
4.296498718324936149e-03
1.768377284921390791e-01
4.432157105942698960e-01
-8.691415830663651310e-01
-2.167626793293445875e+00
-3.376079384202303135e+00
7.741373293616167495e-02
-7.689874230087800910e-01
-1.145532508177648401e+00
-7.315163659980803423e-01
-2.377421212614814650e+00
-1.006608842263952086e+00
-1.614932432988968491e+00
-9.083190277345402075e-01
-2.935255417385725374e-01
-4.394573174511526847e-01
-6.861723455823662832e-01
-7.041895596454704753e-01
-6.750992586186025379e-01
6.867606523237529403e-01
-5.250012225257185694e-01
-1.216526308140788437e+00
-7.354902564267432608e-01
-1.850581820948763667e+00
-2.129679056844572926e+00
-3.736104075612048270e+00
-4.575663118131136464e+00
-1.022458030787655625e+00
-1.250940334733943615e+00
-1.734313557478261325e+00
-1.976959629117301054e+00
-3.340467470968841113e+00
-1.668084422719885662e+00
-2.384565516792539697e+00
-2.728132814863502897e+00
-1.561981674082830507e+00
-1.422307641578826498e+00
-7.079660644150082005e-01
-7.537808404365871073e-01
-5.434155269070176653e-01
7.413874911252792410e-01
-1.571916826864090844e+00
-1.627083346074630343e+00
-7.180579205555036593e-01
-1.258666466305701226e+00
-1.328920065536863815e+00
-3.054854050300828128e+00
-4.807015996902509691e+00
-9.553004736870538416e-01
-1.274876825203507869e+00
-2.083021271207376124e+00
-1.751183669994677672e+00
-4.166671902359693647e+00
-2.184958330571433294e+00
-2.504090749846035191e+00
-2.014083047425323070e+00
-1.804502733132610892e+00
-1.342900269206330766e+00
-6.456651861863335062e-01
-8.145079053247481493e-01
-6.187039052922993498e-01
6.813375305422854078e-01
-1.202539063862010371e+00
-6.048435588665440621e-01
-1.005046306996622674e+00
-7.310481047190013904e-01
-7.289802368969912072e-01
-2.499784644841571701e+00
-4.533646470986544053e+00
-8.384635217338627378e-01
-6.689431395893982168e-01
-1.091474045440661067e+00
-9.380404221821116995e-01
-2.577986330354796962e+00
-1.061761342823559717e+00
-2.150949032730981703e+00
-1.450480471688470052e+00
-1.316293351913015997e+00
-8.851798899517084873e-01
-6.643525356411125182e-01
-8.316112633512829921e-01
-5.657650488840856307e-01
4.041652348083291102e-01
-1.422822986139497647e+00
-1.018204033924749563e+00
4.977549954992790959e-02
-4.311453358954638326e-01
-1.985127974743881918e+00
-2.820092207337251633e+00
-3.124564273322933072e+00
-6.189432994372158214e-01
-2.162467778163830456e-01
-1.199271544829733527e+00
-1.055426809926614418e+00
-2.897298050724757879e+00
-1.112334334094867261e+00
-1.804191150078859662e+00
-1.914646343286698915e+00
-9.279445157948554845e-01
-1.100305888665354059e+00
-7.430159153177646747e-01
-9.447133487409314911e-01
-5.313370973561534205e-01
7.191712052043472969e-01
-1.458211041077718262e+00
-1.154740480830330540e+00
-1.381278546151617936e+00
-4.223276778790056030e-01
-2.064638653157016446e+00
-3.428647603452583681e+00
-2.340942022962786861e+00
-6.794458133784039289e-01
-9.619163449277050582e-01
-1.400075704120395281e+00
-1.456285634899693981e+00
-3.009134576861786758e+00
-1.313219671280140277e+00
-1.954300132240531562e+00
-1.581169988217564937e+00
-1.206682728574093977e+00
-9.740328010115240076e-01
-6.250620968340394601e-01
-6.966657037978725153e-01
-6.124719048737683469e-01
3.539230351688060772e-01
-1.397641498470055810e+00
-4.294381931197478047e-02
5.293234613287629564e-01
3.777414178860473148e-01
-5.521299656359560659e-01
-3.043614590915822316e+00
-3.303087302036339601e+00
1.416325034844785891e-01
3.127222555534061588e-01
-7.247480968931930834e-01
-7.041198865265739792e-01
-1.740315695015679731e+00
-1.070144835451257936e+00
-1.065741584667759589e+00
-9.757204914397504814e-01
-6.146369500761356131e-01
-4.061315106124573915e-01
-6.818495414648394481e-01
-7.794914783016685389e-01
-5.274987988746675516e-01
4.773255180228551109e-01
-1.416873668892934646e+00
-2.434504616408124544e+00
-7.773133710518448369e-01
-1.280552778506584277e-01
-3.111240727806481310e+00
-4.192789417086141945e+00
-2.933411781995741041e+00
-1.054474518444169284e+00
-3.803653958971101590e-01
-1.894842530957924653e+00
-1.580398118744352987e+00
-3.233744852985322105e+00
-1.584728519495047117e+00
-4.750222656399249566e+00
-8.890880866043346931e-01
-1.535964954045464737e+00
-1.733436928960971457e+00
-7.411021813585886298e-01
-8.058280585044421684e-01
-4.869406743120496817e-01
8.302861605105500420e-01
-1.289944172398986622e+00
-1.271524095026252965e+00
-1.589661664454940171e+00
-9.714329620464003945e-01
-7.775488655594832155e-01
-3.646106012828593368e+00
-2.930692963618452218e+00
-6.767480563724348475e-01
-1.042996720402111333e+00
-1.693470352405803458e+00
-1.727927442602081198e+00
-2.840786729334022098e+00
-1.721043908211632445e+00
-2.381843075381648855e+00
-2.338308869832157910e+00
-1.361884529989512593e+00
-1.421742085762720542e+00
-6.676134324009295185e-01
-6.668489084310119663e-01
-7.018260559353459715e-01
8.424577749213160160e-01
-1.750005513094502696e+00
-1.257374162573934306e+00
-6.298250933447501199e-01
-7.040073605091086151e-01
-1.290766431730052455e+00
-3.001471013482737593e+00
-3.056339763658709963e+00
-6.197956998438939324e-01
-6.646975242503909698e-01
-1.275403282926071302e+00
-1.229241401856373983e+00
-2.677187423964767721e+00
-1.502775509822968703e+00
-1.436621476284249965e+00
-1.852333974220120139e+00
-9.513768283321741848e-01
-8.942154172374072729e-01
-6.480793192159630678e-01
-8.745494629136799647e-01
-5.131076269213770136e-01
5.161465025853920752e-01
-1.615876662061019209e+00
-1.840909348588422700e+00
-2.728740990614885731e-01
-4.371794286013572228e-01
-1.922647876540209966e+00
-3.149186173086596430e+00
-5.142061418666099115e+00
-1.934334422257623365e-01
-6.288066380413976919e-01
-9.514410479226619310e-01
-1.158400479043861564e+00
-2.497007016400441426e+00
-1.189240479626490599e+00
-1.874656727762080699e+00
-1.217036052070958219e+00
-1.065496443493873402e+00
-1.103964010736541379e+00
-2.316616589090258138e+00
