-7.041060186570070600e-01
-7.982426946819136671e-01
-5.078717118849067624e-01
4.185125964454252667e-01
-2.012607729268530043e+00
-1.188408634418892884e+00
-1.129429642300085135e+00
-8.587918961537025497e-01
-1.056321686699280393e+00
-1.447880559468114559e+00
-3.194683490336875487e+00
-2.933994795357127039e+00
-8.294582394129607072e-01
-3.293904523951178276e-01
-1.302380758585185205e+00
-1.191017751885209641e+00
-1.210823120674517694e+00
-6.187874434139314372e-01
-1.714520755773614180e+00
-1.456174842655440171e+00
