-6.534054856394279076e-01
-8.609606646619640813e-01
-5.256348549751496124e-01
5.434646813358877671e-01
-2.115625565190450086e+00
-1.053605156578262814e-01
3.364722366212128946e-01
-2.558974967055516192e+00
-2.355169033596421768e-01
-5.370902982585714636e-01
-1.922497511026331596e+00
-3.302096923615348345e+00
-3.995451776689722401e+00
-2.277157817269483409e-01
-6.644576102503925163e-01
-9.524055180543016252e-01
-1.141668455420263628e+00
-2.492366798034072239e+00
-1.133574389060659549e+00
-1.790191180172538088e+00
-1.200927696619690455e+00
-1.038753810343686634e+00
-1.063349262318060928e+00
