-6.069998580057209825e-01
-6.891706399214250212e-01
-5.876515363932112157e-01
6.097343229702840706e-01
-3.106296777129555320e+00
5.623610920195691865e-01
-1.835661275219372612e+00
-2.610868176105982097e-01
-6.103028778587273884e+00
-9.236994769033908259e-01
-1.267872169129811821e+00
-3.807701697391673967e+00
-2.447607927453437693e+00
-7.897537595397343679e-01
-9.881797037878617962e-01
-1.470209710617916166e+00
-1.122031482162406224e+00
-2.689597193495559146e+00
-1.473328846703525485e+00
-1.389880969906096775e+00
-1.909581514703791560e+00
-1.497031709142250699e+00
-1.081185453454917011e+00
