-7.249320229183637831e-01
-1.102375854294867619e+00
-4.689311900583159054e-01
3.780968251569821748e-01
-1.942170516112942114e+00
-2.231435513142097093e-01
3.364722366212128946e-01
-1.114433262472925179e+00
-1.026444307028422820e+00
-1.061426130490070951e+00
-9.815877415061506905e-01
-3.120259683010208285e+00
-3.526447188935837751e+00
-3.940160721328715976e-01
-8.769915366864130535e-01
-1.057258365471846151e+00
-8.725539965359538908e-01
-3.211176824847265632e+00
-8.815952145592468314e-01
-1.203210292577445273e+00
-9.096825921143361082e-01
-1.018683964880910287e+00
-6.453465296762109782e-01
