-6.515423196907490500e-01
-7.834981378941568986e-01
-5.150960713116956580e-01
3.521481582234108898e-01
-3.184862631768196728e+00
-2.313705168725031847e+00
3.364722366212128946e-01
-3.348553713897279405e+00
-8.368882417209489999e-01
-1.663751352405875128e+00
-1.592936389061254010e+00
-9.558826802239702047e+00
-2.341595876282611233e+00
-1.170925673283040425e+00
-5.848019177669514512e-01
-2.095941500980506689e+00
-1.607985962024939042e+00
-1.237376370490822808e+01
-1.473816759862241144e+00
-2.027450409374500051e+00
-2.412557977372572715e+00
-8.034767737168680979e-01
4.898328703339402956e-01
