-6.695213228615727319e-01
-7.596809667719587322e-01
-6.469276509359679350e-01
4.394111714921170031e-01
-3.583622702511101377e+00
9.336620036037078796e-01
3.364722366212128390e-01
-2.161908920050172878e+00
-2.095779546332281473e-01
-1.660563423487927848e+00
-2.051869639601131556e+00
-5.642521034874121710e+00
-3.562405631199930589e+00
-7.410051446489127613e-01
-7.530788177406504413e-01
-1.503374046609500914e+00
-1.484242963068791665e+00
-3.355756876537267619e+00
-1.323345450365582598e+00
-2.121250365494809831e+00
-2.375205173364164146e+00
-1.277907652495525292e+00
-1.012338869347465975e+00
