-7.258131683285685698e-01
-8.417085266988192371e-01
-4.379060944920044607e-01
6.735694664433707901e-01
-3.338538080739014369e+00
-1.298546674424853276e+00
-8.804871215006494500e-01
-1.032939259594882975e+00
-1.305660019705863650e+00
-1.289941867121672248e+00
-2.833194260131234987e+00
-3.023231606091877133e+00
-4.811467299727632541e-01
-9.791737223459022754e-01
-1.464295550564425508e+00
-1.667696835748252671e+00
-1.030683644291821022e+00
-1.175507778726780250e+00
-2.389379921155419417e+00
-1.904009861221921174e+00
