-6.818336875125136087e-01
-7.559259912116131908e-01
-5.744800547349654396e-01
6.285860043114698259e-01
-2.844324963811377671e+00
-5.913470798609056223e-01
3.364722366212128946e-01
-1.621366413446884591e+00
-1.329483436903064475e-02
-1.245708707711998375e+00
-2.188305361239605062e+00
-9.840912611716193581e+00
-3.040788441889225258e+00
-1.230257851178775175e+00
-1.274132696199024251e+00
-1.488000300807031273e+00
-1.087559274690163891e+00
-3.126706294404811182e+00
-1.854172289251015737e+00
-1.792971084410227567e+00
-1.488369015969937426e+00
