-5.989077529087984963e-01
-7.111511789821596263e-01
-5.858095960986104966e-01
5.760610094427415229e-01
-2.192502726316134520e+00
-2.231435513142097093e-01
3.364722366212128946e-01
-1.447201396065246115e+00
-1.205525034059157924e-01
-7.098461750576522400e-01
-9.246686228437746013e-01
-2.043250383585557994e+00
-3.411690571901023095e+00
-7.371679545232415753e-01
-1.108755626325242938e+00
-1.430274006154363287e+00
-9.653261116331781633e-01
-2.858180577105251530e+00
-1.510498954816169803e+00
-2.268753610842740187e+00
-1.881458051437623791e+00
-2.762660299011371889e-01
-6.041928430531661176e-01
