-7.453468493447851229e-01
-9.516357746431099995e-01
-5.103162970719216096e-01
7.018278843274473600e-01
-2.543544758083633894e+00
-6.539473982763777116e-01
3.364722366212128946e-01
-1.262539039255590412e+00
-1.164288309028979063e+00
-3.841161238925395738e-01
-2.168830628445502562e+00
-3.165364299584156882e+00
-2.346803240011607006e+00
-6.042673681564770805e-01
-8.887770626112837524e-01
-1.310754148990874501e+00
-1.363919851862359867e+00
-2.910608253393861311e+00
-1.222984936332347727e+00
-1.851290263353517762e+00
-1.497943624991177947e+00
-1.116044838688574403e+00
-8.836269214716221398e-01
