-6.585741942700508167e-01
-9.035855633833630440e-01
-4.773231679516853343e-01
8.119663491383046772e-01
-1.483170752429283423e+00
-1.381551055796427363e+01
-8.159098989632771470e-01
-1.206843361423974165e-01
-5.255693451460143051e-02
-1.065843793357142744e+00
-2.487184533028478750e+00
-3.084717248396677380e+00
-1.989065350599203419e-01
-9.059243392691295194e-01
-1.271864507460290561e+00
-8.713949967740374225e-01
-2.523821762315771711e+00
-1.033722844665101226e+00
-1.553869018801924851e+00
-1.033750839912234154e+00
-4.515675285213865964e-01
-5.639260323060220070e-01
