-6.436034227935901741e-01
-8.859416587313266866e-01
-5.327503786840326327e-01
5.109992541088138607e-01
-2.433019282584687026e+00
-1.515832381054639022e+00
-9.247392008519919049e-01
-6.347299294208246234e-01
-7.255220424906336785e-01
-1.642349796412003959e+00
-3.039622965436112878e+00
-1.312776463197172916e+01
-1.007161888257273263e+00
-7.121932326321124274e-01
-9.667327882613331314e-01
-1.431470335829816420e+00
-2.407250949579674337e+00
-2.017549315823473854e+00
-1.508662210782246271e+00
-1.261459817120532900e+00
