-6.619032991340831895e-01
-9.769000126928879535e-01
-4.786840003652198527e-01
9.572726752356089941e-01
-5.974225213964483139e+00
-1.053605156578262814e-01
3.364722366212128390e-01
-3.758233488909150655e+00
-4.290523666363046940e-01
-1.027584535912571706e+00
-1.180367137263793831e+00
-3.969254437261392710e+00
-3.429517053275158212e+00
-7.007507569518151014e-01
-9.134567835146573112e-01
-1.806089795556135025e+00
-1.680996136538530861e+00
-3.418488296565349138e+00
-1.805997341023385605e+00
-2.089404425624076911e+00
-1.806650594446814084e+00
-1.254045749142467692e+00
-1.235035144905494597e+00
