-6.817243490745834578e-01
-8.357987867200507015e-01
-5.233875924709676664e-01
7.090880286877356831e-01
-2.043745977869892982e+00
3.364722366212128946e-01
-1.262445118920432874e+00
-2.141630953605927201e-01
-3.278627557859942199e-01
-9.718555070728465139e-01
-3.006026637582966288e+00
-3.364783301825245321e+00
-3.978878302539447520e-01
-7.189262312956007372e-01
-1.121335509094278704e+00
-1.136665972795234403e+00
-2.501887907364223729e+00
-1.182983347001393515e+00
-1.518658888387077077e+00
-1.450136886716716367e+00
-9.589361154837190426e-01
-7.249155421262840626e-01
