-7.136348078820212715e-01
-7.837019446773507703e-01
-5.217069091024709726e-01
7.616399428781561731e-01
-2.734665329584388793e+00
-2.231435513142096816e-01
3.364722366212128390e-01
-1.958300820895970462e+00
-2.515226908399013639e-01
-1.371980224459136366e+00
-7.935770859083653983e-01
-2.665593626632040358e+00
-3.548261147450554986e+00
-5.748771487558964610e-01
-8.013705020417813962e-01
-1.280672519220350303e+00
-1.492046957948948593e+00
-2.928467110402163343e+00
-1.117826648584612448e+00
-1.847904801657755502e+00
-1.983917186901130281e+00
-4.083259667968850981e-01
-1.122437607420771144e+00
