-6.515587391348318658e-01
-8.167077839961875974e-01
-5.431316285362639551e-01
8.068727530306545326e-01
-2.635944125545338856e+00
-1.981898893990671651e+00
-1.922644916695809725e+00
-9.902348944369254724e-01
-5.974438184635618709e-01
-6.476378362556981516e-01
-1.337721974991896268e+00
-3.163732833173551917e+00
-4.635936500483862410e+00
-9.163894580825915348e-01
-1.234209164586703489e+00
-1.540090112643334397e+00
-1.429997500026203738e+00
-3.779649617315232746e+00
-1.603062951981001127e+00
-2.076935264134434078e+00
-1.682062578775776807e+00
-7.976281361583248408e-01
-1.089166035195135107e+00
