-7.005202648314010627e-01
-7.949481159040551193e-01
-5.207536805566259641e-01
6.086896648433073320e-01
-3.338311810146000980e+00
-1.767355908740379178e+00
-1.940080918651025499e+00
-1.461251927321364441e+00
-5.512133643125912696e-01
-1.089639896090659033e+00
-1.076636211162320222e+00
-2.940354495041608729e+00
-6.160229997153569670e+00
-7.762976518394110181e-01
-1.172805857076750780e+00
-1.972661493364335161e+00
-1.629429524929566053e+00
-4.086941518395671658e+00
-2.105899873512814047e+00
-2.424060302303703729e+00
-1.913484342546096784e+00
-1.688014607816330059e+00
-1.230373814706927416e+00
