-6.532706088271019729e-01
-7.325794728770781417e-01
-6.575222804696794210e-01
5.690523974563185261e-01
-3.154837079416410450e+00
3.364722366212128946e-01
-1.440859930968525715e+00
-3.067289336447341364e-01
-9.829673606775437555e-01
-6.781719947263785464e+00
-2.401129254011521663e+00
-3.436143056384726169e+00
-6.269972238711157830e-01
-6.125862905937149439e-01
-1.340905061120714725e+00
-1.448385149783150139e+00
-3.537157600941989166e+00
-1.467509494594939845e+00
-1.596690923044637112e+00
-1.644459577950484475e+00
-1.100331822265960380e+00
-8.680405680161065174e-01
