-7.735042117600824385e-01
-1.062672778945849217e+00
-4.191347860752058785e-01
6.125864623559009736e-01
-3.178633845054536611e+00
-2.231435513142097093e-01
3.364722366212128946e-01
-1.394378140370291508e+00
-1.094207177263880171e+00
-6.233642256031586282e-01
-2.278813888717746483e+00
-1.174957519569221631e+01
-1.998716485470242166e+00
-6.549385636848825687e-01
-6.009705448137306893e-01
-1.433731431985610927e+00
-1.254629186619379722e+00
-2.150307521632402352e+00
-1.739353528560489526e+00
-1.716300439985031678e+00
-1.989550827833871161e+00
-1.209252827521441809e+00
-6.387242160630179910e-01
