-6.549286479713877229e-01
-8.936877663818950657e-01
-4.778574745945805557e-01
8.358334549118927592e-01
-1.527589042428459720e+00
-1.176094173786515595e+00
-1.948470348941002905e+00
-3.515137425543020111e-01
-2.982934433746911584e-01
-8.899934363006593505e-03
-1.385680854372205895e+00
-2.407461440426034383e+00
-3.320232357360060949e+00
-2.214863118065546199e-01
-9.814003546109351106e-01
-1.304029060203983015e+00
-9.184585623872392190e-01
-2.543833933902720279e+00
-1.080504544094132990e+00
-1.611961597299282012e+00
-1.077374288714214812e+00
-4.937210538170654361e-01
-6.282104741170067008e-01
