-7.221281491647645323e-01
-1.106989114076505576e+00
-4.716460421954109528e-01
4.040613199173914150e-01
-1.970476343412895348e+00
-2.252858470670020541e+00
-1.676907227107574005e+00
-6.244438891626257204e-01
-1.501267885639242072e+00
-1.167093442409091741e+00
-9.816166327650517331e-01
-3.234627226261974187e+00
-3.679322378195111654e+00
-4.816479848642673534e-01
-9.721543184405883054e-01
-1.138972143986900720e+00
-9.498760329517326184e-01
-3.502631874564887227e+00
-9.687898222524676806e-01
-1.314478344318105840e+00
-9.829615382280227909e-01
-1.113806510735550148e+00
-7.143464670736274780e-01
