-6.574373280026988287e-01
-6.575121615167445199e-01
-6.074300782173581714e-01
6.820188751600578803e-01
-2.397740618135397739e+00
-4.024995023480514300e-01
-1.462849759317101483e+00
1.433213178152128175e-01
-7.046923879662382317e-01
-7.968647790287930466e-01
-1.074629432926482275e+00
-7.619993908444582686e+00
-3.120003591419050260e+00
-4.221786254649026460e-01
-1.167354615481843494e+00
-1.664740578447829078e+00
-1.582193457687250060e+00
-1.524346879772505492e+00
-2.145591876919754171e+00
-1.621381400355618840e+00
-2.002905418947359628e+00
-4.392844245050550711e+00
1.399087241835582418e+00
