-6.819114879933656503e-01
-8.137778309879640792e-01
-4.436529625810558541e-01
7.291036206626769767e-01
-2.399811897060283084e+00
-1.053605156578262814e-01
3.364722366212128946e-01
-1.534704706544300912e+00
-7.266029655356952555e-01
-5.681589870304050160e-01
-7.889724795538877178e-01
-2.641278795383029454e+00
-2.926316876097961650e+00
-2.976697312594329681e-01
4.500342811273585694e-03
-1.016141730913714625e+00
-1.253477399133695602e+00
-2.246764190640683001e+00
-1.433409799544821617e+00
-2.110635897112316695e+00
-1.519800924247777685e+00
-4.562186835426449427e-01
-7.642440583243376162e-01
