-7.069010794564875022e-01
-7.959360468689539170e-01
-4.762717986252058000e-01
8.338225444470642733e-01
-2.892498245534745660e+00
3.364722366212128946e-01
-2.136798502140424993e+00
-8.352404478954899014e-01
-8.442390993709361080e-01
-1.277456786651020471e+00
-3.109136091685993364e+00
-3.323068446057385827e+00
-5.816579001477842903e-01
-1.305239891097029314e+00
-1.501927650326503771e+00
-1.397512341467016528e+00
-2.530118362130850063e+00
-1.290278970005932502e+00
-2.146437584723209113e+00
-2.062683952084014116e+00
-1.179997340355328328e+00
-9.798283331766254323e-01
