-6.965439286115110429e-01
-8.797509874790758744e-01
-4.917360322576210252e-01
4.939854567632259164e-01
-2.085200393322659718e+00
3.364722366212128390e-01
-1.006750020492512832e+00
-4.264981192011006450e-01
-9.333636899556977395e-01
-3.314491197911939135e+00
-3.369220448062862250e+00
-3.743838979498003372e+00
-2.898720476264790569e-01
-7.387800501882824111e-01
-1.782985270050581716e+00
-1.574008303470579850e+00
-2.560054985606098565e+00
-1.525786352518419875e+00
-2.313577104076771640e+00
-1.698687884810219817e+00
1.632797158549548211e-01
-2.078976936267567410e+00
