-6.104691843793141892e-01
-6.961302371692540403e-01
-6.152804958644942923e-01
5.982003501319832495e-01
-1.993435531507932845e+00
-2.067059988280707472e+00
-1.130971186228451941e+00
-5.354177275278300119e-01
-4.904400786364339626e-01
-1.045252254364093192e+00
-3.689195217128938165e+00
-2.933336719922792213e+00
-5.253175996915895318e-01
-5.506832365921713324e-01
-1.214696442534041187e+00
-1.325803469606257279e+00
-2.608453685294047641e+00
-1.635696052650755794e+00
-1.901051255436826182e+00
-8.552979305069928762e-01
-1.084155441771302408e+00
-8.387035368958357662e-01
