-7.201469971864339348e-01
-7.139064011151473599e-01
-4.830018029430001025e-01
5.591263928897776125e-01
-2.143037734913033621e+00
-4.511883234037537549e-01
-2.345149473169932719e+00
-1.299028599711623100e+00
-7.930695706051517080e-01
-6.153824386996118445e-01
-1.858696249916097720e+00
-4.206064925534394483e+00
-3.323993733550874907e+00
-6.660295626030099392e-01
-1.495865290990183727e+00
-1.219570197526147037e+00
-8.395710537639901050e-01
-3.507102026337034939e+00
-1.638470784912302580e+00
-1.974842157302535206e+00
-2.110517575065176121e+00
-4.936001034501021900e-01
-1.149822740912587404e+00
