-6.833040265003486047e-01
-8.127559468274765386e-01
-4.418115985987297045e-01
7.414652639066572348e-01
-2.442521310479015550e+00
-2.700403575346429719e+00
-3.639663707448895558e+00
-1.025647141373742910e+00
-1.088044375599863445e+00
-5.866492281777143658e-01
-6.566458420739499369e-01
-2.566335732017158033e+00
-3.259675855337101247e+00
-3.316410172657098809e-01
-7.504604915036890665e-03
-1.026550445140322676e+00
-1.270914002159207579e+00
-2.204959067984618049e+00
-1.462817796735945253e+00
-2.143598047805771678e+00
-1.547090367715800330e+00
-4.853577256550308250e-01
-7.976894277465823579e-01
