-6.832031413108788920e-01
-8.128020579002710466e-01
-4.418346541486449786e-01
7.413977694181662637e-01
-2.442185556760091192e+00
-2.699455038359718451e+00
-3.622960324428694090e+00
-1.024342140271138568e+00
-1.088807766722152737e+00
-5.867913948699366999e-01
-6.566517925332480132e-01
-2.568705527681808043e+00
-3.260437839377236191e+00
-3.318499123588588562e-01
-7.981697553149605384e-03
-1.026832032931996652e+00
-1.270868489869812379e+00
-2.204563157485788238e+00
-1.463112867993541899e+00
-2.143189010277820827e+00
-1.547539368310931973e+00
-4.858065074125794136e-01
-7.976607643207850318e-01
