-6.565165126321055311e-01
-7.506108575997968435e-01
-6.153527864902655908e-01
6.726480124500370250e-01
-2.128434837857088535e+00
-7.607662262789205432e-01
3.364722366212128946e-01
-9.798816497668730863e-01
-4.457096082544755866e-01
-1.214638468794867254e+00
-9.786738500917517569e-02
-3.215132002053806115e+00
-2.396322581480345271e+00
-1.235453720905822728e+00
-1.195009718071978977e+00
-2.522272355221613527e+00
-1.528595835805636183e+00
-1.752639777539058530e+00
-1.758328263954581860e+00
-1.005162663220458663e+00
-7.980499891880765695e-01
