-7.375095038326833219e-01
-8.602791201764865558e-01
-4.507416343296749561e-01
8.288318188871043324e-01
-3.155050897616437311e+00
-1.743196522637250778e+00
-1.445116407266543668e+00
-8.206200859601431308e-01
-1.751482009801719864e+00
-7.138670636739458120e-01
-3.734231965838171186e-01
-3.469777505276847585e+00
-3.009101437796798617e+00
-5.040028383990703409e-01
-8.538371919072295091e-01
-1.589139650046411223e+00
-1.620246127821392879e+00
-2.765879627340198876e+00
-1.664691556409398698e+00
-2.316766102072509437e+00
-2.291196479121038188e+00
-1.263511824229916147e+00
-1.338392683053479137e+00
