-6.989464564353603526e-01
-7.394897715166918184e-01
-4.845226405763840005e-01
5.074662409279938613e-01
-2.834971143090431855e+00
-1.736020885217556486e+00
-1.780832512711156834e+00
-9.268905750900160445e-01
-5.153025133244217848e-01
-5.960748226600539601e-01
-2.406871490375802836e+00
-2.770640066404631785e+00
-6.677053783114554442e+00
-4.382863928788262586e-01
-1.100256497186646421e+00
-8.519141536416647842e-01
-1.389425815520364926e+00
-2.519297374919780008e+00
-1.793708910729714612e+00
-1.816048695615707143e+00
-2.523114562658489657e+00
-1.795598348657112320e+00
-1.064166137405740731e+00
