-7.025160531839481637e-01
-6.400001750028138092e-01
-6.394416105732780853e-01
6.402885435526010083e-01
-1.881205329012151761e+00
-1.041410030124099301e-01
-2.112540644960711589e+00
-1.210304463107792383e+00
-1.798860448423227787e+00
-4.000097591172996347e-01
-1.261922977995051820e+00
-2.772294624562655407e+00
-2.472490428964927656e+00
-9.225534602193884437e-01
-1.392986791472951458e+00
-2.885473743321744777e+00
-1.792692243451812661e+00
-1.257814590350351036e+00
-1.565569765812441894e+00
-1.247670668168392005e+00
-1.570143414172885832e+00
