-6.528779273510539882e-01
-7.890949547845047540e-01
-6.061686294113454165e-01
6.489321518012443057e-01
-3.015837900780228065e+00
-7.901951026089538976e-02
-1.598425682690927996e+00
-2.156435628439115515e+00
-8.113317254655367794e-01
-1.584458094046648391e+00
-1.499194495859775822e+00
-3.360696060608211244e+00
-3.282863129098627653e+00
-8.538327072209356272e-01
-5.902083540975348042e-01
-1.691997994497077329e+00
-1.373975729370507937e+00
-3.927989865831212235e+00
-1.604455019806006799e+00
-2.174729541413574108e+00
-1.461315209602585652e+00
-1.499906761275390465e+00
-1.280117903502566268e+00
