-6.695795531312512816e-01
-7.595792798231185694e-01
-6.469120112407690248e-01
4.395711684499374328e-01
-3.583692445265978854e+00
9.339828096534189550e-01
3.364722366212128390e-01
-2.161790149893123125e+00
-2.096522715770876566e-01
-1.659945264036566615e+00
-2.052540440953440459e+00
-5.651498886839068092e+00
-3.562832110074382275e+00
-7.413864101712664967e-01
-7.532204873606856976e-01
-1.503630874651038507e+00
-1.484188487187904970e+00
-3.352903962092071755e+00
-1.323004623583540207e+00
-2.120899024222827389e+00
-2.375390169410971808e+00
-1.277881225171904056e+00
-1.012589094773355569e+00
