-6.357309085628797263e-01
-6.589795837479042184e-01
-5.749272850850621897e-01
5.311108590719519906e-01
-1.538470266672790077e+00
-5.602594444333857115e-01
-2.993254388973560776e+00
-6.368587182620073506e-01
-5.359237348155845293e-01
-4.542065918751522768e-01
-8.092086328227438008e-01
-2.262606451730379664e+00
-2.924786208127406972e+00
-3.705124314227134508e-01
-4.822042747125273587e-01
-3.790465431529110862e-01
-6.360568613556142337e-01
-1.859566673886076993e+00
-1.061838205578087946e+00
-6.737138339953007149e-01
-5.033664627330963759e-01
