-6.793913232392652102e-01
-7.768496872396863928e-01
-4.937213463954117643e-01
7.220690297936384061e-01
-2.099931995772367888e+00
-2.231435513142097093e-01
-2.708453933001522262e+00
-1.455019285473119650e+00
-5.827006292876083515e-01
-9.086240350211413630e-02
-1.151897487323679137e+00
-3.041875385370504947e+00
-2.833639939040147215e+00
-5.489649919379676613e-01
-2.193965909629194133e-01
-1.445339116437029725e+00
-7.517641334130530373e-01
-2.701211926734075508e+00
-1.034363368358487190e+00
-1.619094606705569817e+00
-1.452171098143923533e+00
-9.448295077936613717e-01
-6.409265725637247613e-01
