-7.418438584211456410e-01
-9.559309871495420552e-01
-5.138473930470217610e-01
7.013467252795071438e-01
-2.436145522205368064e+00
-2.231435513142097093e-01
3.364722366212128946e-01
-1.590143889139200573e+00
-1.051782020611258028e+00
-4.038259542333252350e-01
-1.973586165425046168e+00
-3.259338258195691118e+00
-2.333261101261948411e+00
-6.271696882304886866e-01
-8.724280786787590447e-01
-1.311927882747611074e+00
-1.335551377174653886e+00
-2.903694480721775051e+00
-1.206670164861155081e+00
-1.872562134554839997e+00
-1.467818461104389405e+00
-1.120737321099782413e+00
-8.852807676986818031e-01
