-6.754644357921639752e-01
-8.669697269961538222e-01
-5.009436348167550790e-01
6.571892476040923636e-01
-2.238371435074640203e+00
3.364722366212128946e-01
-2.034740596539667656e+00
-6.911325762830690111e-01
-9.478264340026059109e-01
-4.806343270466589823e-01
-2.320110225865017473e+00
-3.089101218324598719e+00
-1.022529677761706557e+00
-1.149105606172296401e+00
-2.786854960722259467e+00
-1.229323418693313519e+00
-1.823105580859269992e+00
-1.180948268861515160e+00
-1.230696890354958883e+00
-7.693992458639372645e-01
