-6.808206794174875842e-01
-8.006224027830731726e-01
-5.081132284498837137e-01
6.288934239587218311e-01
-2.084987410482186831e+00
-1.053605156578262814e-01
3.364722366212128946e-01
-2.242218079754539684e+00
-5.810527932412853369e-01
-5.422828895579773212e-01
-1.399645298145489880e+00
-3.480604846553100096e+00
-3.017339113352532909e+00
-5.678462980998577603e-01
-8.596639556444655161e-01
-1.368948753707835531e+00
-1.193078865869428462e+00
-2.407069436901943860e+00
-1.089233590187582035e+00
-1.517194777699623298e+00
-1.387275411459100605e+00
-3.117445768686969987e-01
-7.524743282061524541e-01
