-6.556458148452724011e-01
-9.246885504002024803e-01
-4.105402106797429451e-01
7.132750324251961871e-01
-2.569364969046156411e+00
-1.605006379579980269e+00
-7.003785565320080897e-01
-1.219405581011048234e+00
-3.117060935060819715e-01
-1.426442198809665829e+00
-4.330963262281769310e+00
-4.432597671553266672e+00
-6.321863169855920228e-01
-1.241323328423229233e+00
-8.527506357995947583e-01
-1.312395428297854716e+00
-3.200640794879089590e+00
-1.353499854908734479e+00
-1.241221588054327807e+00
-5.605685056036778802e-01
