-6.788097848700204162e-01
-8.693349084060513210e-01
-4.553835022852815162e-01
8.500043192609455511e-01
-2.602515428307526246e+00
-1.676839087295348918e+00
-1.156554549665658183e+00
-5.349279254054010169e-01
-3.469904734369310129e-01
-3.228293771654422439e-01
-3.305683658646091594e+00
-2.673273713581716837e+00
-1.139972081041546126e+00
-1.234292711449068491e+00
-3.417045903311434429e+00
-1.417919319379427945e+00
-1.832015915450970089e+00
-1.549808719917276090e+00
-1.068359266236964977e+00
-1.053118212244572138e+00
