-7.211456710845026707e-01
-8.385091938857160976e-01
-5.609787547693698695e-01
5.940320468580065905e-01
-1.959731039308807210e+00
-2.231435513142097093e-01
-2.311182130919693378e+00
-1.709291597320028000e+00
-7.362144800912119313e-01
-5.403895482596742239e-01
-1.649561792942978444e+00
-2.529615223944072344e+00
-2.031032775139783642e+00
-3.452724886040151597e-01
-6.978538468279001927e-01
-1.506789970657784972e+00
-1.138119648895807634e+00
-2.491238550614340408e+00
-1.033106828566528357e+00
-2.318599288736073127e+00
-1.799893257121437440e+00
-5.088132662758908520e-01
-6.174929936440457512e-01
