-6.965702589493231178e-01
-6.273994353494432019e-01
-6.394101536519478657e-01
5.792264021428479293e-01
-1.736652576670087766e+00
3.364722366212128390e-01
-1.711576086794769580e+00
-1.359316685195659069e+00
-4.426069903767640978e-01
-1.191678025107362870e+00
-2.568902029961700251e+00
-2.463630713690830643e+00
-9.110700301909731014e-01
-1.276019658479305319e+00
-2.720269563712927052e+00
-1.685813304646086364e+00
-1.172743052376817863e+00
-1.397509365155385597e+00
-1.186276472025506346e+00
-1.455957966479320520e+00
