-6.774938268332099112e-01
-9.968776224932759389e-01
-3.575496158047182238e-01
7.815602694083955138e-01
-3.319837669872890640e+00
-2.231435513142097093e-01
3.364722366212128946e-01
-7.810573703922092381e-01
-5.213466479957797883e-01
-8.976234049515894320e-01
-1.167617175035013943e+00
-1.239539651496332517e+01
-1.326070531491305005e+01
-4.616343700152298335e-01
-5.096665091947565063e-02
-1.583980991849474051e+00
-1.561888982170721807e+00
-2.331992744349428826e+00
-1.287526092720672199e+00
-2.067347975383354353e+00
-2.075009409599955390e+00
-1.260317022077129590e+00
-1.315891996812579956e+00
