-6.961486271728272168e-01
-8.976974602693705840e-01
-5.202282329756816592e-01
6.652415719477696721e-01
-2.850395206785220736e+00
-1.053605156578262814e-01
3.364722366212128946e-01
-3.607649560347838236e+00
-1.629047256525955611e-01
-1.064804306755713359e+00
-1.402387748916351873e+00
-2.718732207837720960e+00
-2.844062497223545982e+00
-8.101060736117917660e-01
-8.534964331602453713e-01
-1.477158711633128840e+00
-1.541612421331668203e+00
-2.960335843998003202e+00
-1.688376103212814616e+00
-2.315358230636459513e+00
-1.811170404686407442e+00
-1.163966111398293535e+00
-1.228041378202701983e+00
