-7.098493191457018181e-01
-1.058510467323563686e+00
-3.658460773234537000e-01
6.000457705775471551e-01
-3.378142217443724338e+00
-6.647184577494322788e-01
3.364722366212128946e-01
-1.338204819596850559e+00
-7.403168384578804329e-01
-6.789760870427191675e-01
-2.008286132916984545e+00
-4.230646651261498192e+00
-4.152828093415215527e+00
-8.533036826027546873e-01
-2.932465473732689953e-01
-1.782321076157165507e+00
-1.407338787270103309e+00
-1.545903961711226682e+00
-1.636677566032603837e+00
-2.193327806917805489e+00
-2.514720647686653265e+00
