-6.679738307396714259e-01
-6.726312040825874750e-01
-6.970709925331043388e-01
8.234987366917135843e-01
-2.361082569708234047e+00
3.364722366212128946e-01
-1.649823811110161076e+00
-4.758802188743657124e-01
-6.981950761274682282e-01
-1.287927763797716452e+00
-2.957582852676587493e+00
-2.994871691057345409e+00
-5.551365953070277470e-01
-6.143351335288338433e-01
-1.216923319526784564e+00
-1.147088358784881246e+00
-2.612294049482365654e+00
-1.419042983502255773e+00
-1.360665396675619254e+00
-1.780999289670399666e+00
-8.832958516154425510e-01
-8.288039194871842374e-01
