-6.377803756582732797e-01
-7.281870653511923752e-01
-6.014142856535537041e-01
6.298817101390118411e-01
-3.172543574104971231e+00
3.364722366212128390e-01
-2.491683296693677718e+00
-2.721512155994582072e-01
-7.458992102692053594e-01
-2.048187056084243896e+00
-4.073934454871896982e+00
-4.053330859913175210e+00
-4.867996328287686469e-01
-1.010681219562032718e+00
-6.145421397407572206e-01
-1.377684082281964928e+00
-2.284488961884739933e+00
-1.616143484523524299e+00
-1.503297342591328078e+00
-8.150223247388234116e-01
