-7.212744812378485415e-01
-8.316012165261646993e-01
-4.344357629816930078e-01
7.735094671888492757e-01
-2.548213072153212799e+00
-6.159163497277537758e-01
-1.636297629529618547e+00
-1.855592301358101326e-01
-1.263778075710253690e+00
-6.614798946732560747e-01
-1.003853827208989413e+00
-2.970128025042452435e+00
-2.985662231832387548e+00
-4.713018345019788780e-01
-6.400836573974294508e-01
-2.232992569870033250e+00
-1.237854828546131047e+00
-2.908935804147382509e+00
-1.516291341371000856e+00
-1.646921698418329694e+00
-1.750750398767698446e+00
-1.352626619258363139e+00
-8.622811862021507734e-01
