-7.384536220775037574e-01
-6.887638548644214875e-01
-5.739297442317993214e-01
8.171268003549037040e-01
-2.800857941819943520e+00
8.238321381025909274e-01
-2.864225317971171414e+00
-2.095695285574074251e+00
-1.549219628657079184e+00
-1.091359742709788527e+00
-2.166291986589953034e+00
-3.053597119229667811e+00
-3.754778785342875569e+00
-1.316645137276934552e+00
-2.685705528855754753e+00
-1.359301531786175854e+00
-1.128248727066331503e+00
-3.791264705096303089e+00
-1.974468213511695769e+00
-2.175568819885362437e+00
-1.990172124312767687e+00
-2.187401908021114227e+00
-1.141561883789288023e+00
