-7.136628888498058876e-01
-7.836293072848891095e-01
-5.216785196635227440e-01
7.616154749200992891e-01
-2.734533546753506350e+00
3.364722366212128390e-01
-1.959191499478489362e+00
-2.516818749012623702e-01
-1.371964928750371904e+00
-7.938103114092267543e-01
-2.666983215660009066e+00
-3.546060577780632883e+00
-5.745707273856724973e-01
-8.014821374174733171e-01
-1.281217960123876898e+00
-1.492124129542555577e+00
-2.925767820220570137e+00
-1.118015966810296025e+00
-1.848481716850342460e+00
-1.983486672979351217e+00
-4.082480744483661383e-01
-1.122819194662982634e+00
