-6.547135676030654272e-01
-8.353428541222659431e-01
-5.378173559398889969e-01
6.662034131159731976e-01
-2.343562056194685272e+00
3.364722366212128946e-01
-1.521351641445259917e+00
-8.326426446078472043e-02
-9.732172751561712909e-01
-1.485380352444260810e+00
-2.659580120810636217e+00
-2.570215332432989275e+00
-5.235644637835710213e-01
-4.981624625477036883e-01
-1.144627444835236707e+00
-1.075186736155441469e+00
-2.194368038834619838e+00
-1.375111676786921588e+00
-1.763913314567046031e+00
-1.702359598646277172e+00
-9.821501307565587702e-01
-8.943042740576407912e-01
