134,-1031.135758563234,0.2930348258706468,0.19999999999999998,0.22089552238805976,0.28606965174129345,1.2,0.9,1.4,0.144,0.84,0.21599999999999997,0.21599999999999997,1.9646152455980588,0,8.526714543444927,7.748912106193243,0.5079992167908544,0,1.2862773418857552,1.100819538665468,1.5493826396001265,0,1.9428614583669892,1.8270154199148485,1.8761587028534872,0.0,9.57109619763268,7.591303501639194,1.876158702853487,0.0,9.24428166041224,8.376171248457506,20.644119895049826,26.667712140164593,35.915104199536515,28.00717447094477
134,-951.7093772143328,0.2343632735290937,0.2441650979396045,0.17534773760494998,0.3461238909263519,1.4868067787399806,0.7143910065276192,1.4847440300955719,0.059004530210955114,0.34449307020392145,0.07672013520144212,0.07672013520144212,0.805008330637456,0,3.0285680212833226,2.752303631718691,0.20815454954359378,0,0.4568674610001238,0.39099548073520307,3.9344342264971037,0,5.608243851289269,5.266964979464988,0.3393857318748194,0.0,5.912406420629203,3.3456665769758347,0.33938573187481946,0.0,5.445623408013959,4.2395315420024495,13.886479860965697,13.981157445568982,29.0366735768001,19.79885487764253
134,-920.5530593372723,0.3123720637430902,0.19560473352941904,0.21302582282203614,0.27899737990545465,1.8790494381883516,0.5301170936627697,1.591899191998223,0.04003891658209221,0.22058661493307063,0.06552538329252809,0.06552538329252809,0.5462574023222727,0,2.586649253172234,2.350696462307516,0.14124818239484163,0,0.3902028511461033,0.3339426954025868,6.0410611485710275,0,6.735407669796941,6.316934606463151,0.17716926373510689,0.0,5.479325582366351,2.8301547925537194,0.17716926373510705,0.0,5.095685553503135,3.7478035283870885,12.41524016647316,12.400270744873659,29.71888918007535,19.88501725244263
134,-892.5148498981036,0.32031634187449587,0.1917049044962192,0.20660621860526496,0.28137253502402,2.5985669408668026,0.34709860083268157,1.7604939410171139,0.025091494225736356,0.13145191935184877,0.06900055363308977,0.06900055363308977,0.34232730618553686,0,2.723833445226936,2.475366784173544,0.0885170792693494,0,0.41089744775840836,0.3516535074909249,10.058444484247822,0,6.5639877131486974,6.147424225675707,0.0926783340697529,0.0,5.2381421116613005,2.553560716128615,0.0926783340697529,0.0,4.890181727978307,3.326307113795002,10.522907201004692,11.699963073474255,31.386070291265174,21.239250930498002
134,-865.4097949974218,0.20007713496861818,0.21957434529844067,0.25376978572425435,0.32657873400868676,6.231428195734404,0.10152691420005178,2.3344430699421577,0.020488332618071703,0.10085720727189418,0.08036887465382248,0.08036887465382248,0.279525629294081,0,3.172603946069678,2.8832006748432053,0.07227817307868709,0,0.4785956595373529,0.40959086814575785,13.080483789689591,0,5.841118598996921,5.459366692710139,0.1050102248524708,0.0,5.636773763817692,3.0121679483532966,0.1050102248524708,0.0,5.366123314540898,3.506026668620125,8.94502656569356,12.571693583625642,34.10750595605417,24.64343890802933
134,-849.0688582967233,0.26826904462834517,0.21315795684444858,0.1923369671026121,0.3262360314245941,7.657767860734117,0.07550954958568591,2.534954230888606,0.01752936464870436,0.10954221335543385,0.09201284870672947,0.09201284870672947,0.23915595162841838,0,3.6322559965345738,3.300923505874553,0.06183960772488267,0,0.5479353817306859,0.46893306326221046,15.389360192651889,0,5.121739550071851,4.785936378892962,0.08401995541199149,0.0,5.861330466790422,3.300007293797299,0.0840199554119915,0.0,5.632729455973019,3.6683262955543308,7.461277010831262,12.978192145760888,36.5230290395785,27.041776242508647
134,-843.624606032583,0.3103590373385514,0.19673541559091784,0.18626359197643516,0.3066419550940956,9.881198390051463,0.05201700867398258,2.808639299738282,0.017529380086389202,0.12806776196621392,0.11053838187982472,0.11053838187982472,0.23915616224724476,0,4.36356124251653,3.9655194701277114,0.061839662185520235,0,0.6582547037996921,0.5633463451193333,15.481589606986638,0,4.278359783734491,3.997041797067535,0.09277953146499562,0.0,6.571204428579673,4.0923822256707325,0.09277953146499562,0.0,6.404170807534108,4.364910467095258,6.436955489525175,13.866881605127766,39.759635646810565,30.45949937669262
134,-841.9057339274893,0.2976282923538377,0.19220662288349175,0.21204924746918774,0.2981158372934828,12.237251137113164,0.03797103107789117,3.047116329121323,0.01883486819803776,0.14375610787417054,0.12492123967613279,0.12492123967613279,0.2569671472964932,0,4.93133218116505,4.48149864095858,0.0664451270344594,0,0.7439044449800437,0.6366469510638837,14.460346913519558,0,3.7937449646794845,3.543860267316806,0.11429846935441815,0.0,7.3405937129494365,4.900436291337726,0.11429846935441819,0.0,7.203826531478752,5.129460997676373,6.157670319281688,14.741899527422376,42.01426699629526,32.95841622088862
134,-841.5880253446835,0.2957771700448672,0.1975635620270388,0.2038075011995269,0.3028517667285671,13.362286659302834,0.03329349411409065,3.1440430373164845,0.01864258819702865,0.14757663992786169,0.12893405173083303,0.12893405173083303,0.25434384020339523,0,5.089740064993401,4.625456640544435,0.06576680696559013,0,0.7678006913837795,0.6570977932620612,14.627010432867086,0,3.6782529740809857,3.43583562211451,0.11579177125382985,0.0,7.587971024893481,5.164498909902883,0.11579177125382983,0.0,7.45710031249489,5.368904988988227,5.932117406806659,15.011455152837682,42.8995071734726,33.90098519247026
134,-841.5538769963414,0.2960631664463492,0.19828659885696343,0.20275264723156594,0.3028975874651214,13.785039951463016,0.03171152174288151,3.174002981407614,0.017829934605206398,0.1465907673841871,0.12876083277898073,0.12876083277898073,0.2432566760653118,0,5.082902155012108,4.619242481132257,0.06289995010331251,0,0.7667691746571461,0.6562150024904586,15.299886112491587,0,3.6840760338566008,3.441227501845285,0.10769692839545292,0.0,7.5919201262998754,5.164742535324406,0.10769692839545292,0.0,7.464960598848726,5.361649443646432,5.717492148915316,15.01410917163447,43.063979323941766,34.05614907274691
134,-841.5334254085561,0.2964584028163468,0.19789931013103426,0.2028210370967953,0.30282124995582355,14.07181454301667,0.030317935621905365,3.1807028854480284,0.016491716638829312,0.14481808125873444,0.12832636461990515,0.12832636461990515,0.22499915232449474,0,5.06575129403686,4.603656112717368,0.05817902177820828,0,0.764181922116453,0.6540007847199104,16.54730741828047,0,3.697322599207938,3.453558944026305,0.0933168789341843,0.0,7.542412704305062,5.11042366270798,0.09331687893418433,0.0,7.421714257685353,5.297333556294044,5.368778269647043,14.985989205419669,43.229192159317556,34.19138304348216
134,-841.5199164583614,0.29673931253834723,0.19861357434802643,0.20321558699602366,0.30143152611760266,13.964259263145117,0.02959879997074211,3.1425333528341217,0.015356814749758188,0.14428185746163646,0.12892504271187827,0.12892504271187827,0.20951550264722274,0,5.0893844291927355,4.6251334456553455,0.0541753462866625,0,0.7677470427867696,0.6570518798172019,17.773468565540416,0,3.6805511226954697,3.4378716615436713,0.08050762836040859,0.0,7.484548469385539,5.054873786372263,0.08050762836040859,0.0,7.371214052753711,5.2315156092644735,5.036014707299009,15.001356307795337,43.433071148562135,34.36405945691702
134,-841.5042154726079,0.29673166555818675,0.19786750690251811,0.20336701873072294,0.3020338088085722,13.719739440243615,0.02857400274921895,3.076698142746396,0.013912940415394134,0.14416413237835077,0.13025119196295665,0.13025119196295665,0.18981649202208825,0,5.141734874127683,4.672708510406736,0.04908168634915309,0,0.7756442452572367,0.6638104492930059,19.623145934565525,0,3.643638461958462,3.4033624573570935,0.06525435828307646,0.0,7.411556170806609,4.990497274698837,0.06525435828307646,0.0,7.307573989224878,5.151649891444072,4.591898170323318,15.040573508981716,43.78376588553011,34.67359429856296
134,-841.4951883949391,0.29654262434979733,0.19811145116586545,0.2033037906586053,0.30204213382573186,13.321723263118566,0.028140595630315235,3.020929009087829,0.014218986858997659,0.14505377868315752,0.13083479182415986,0.13083479182415986,0.1939919330565643,0,5.164772788128024,4.693644917951413,0.05016134852729348,0,0.7791195752488727,0.6667846998947418,19.202917771114315,0,3.6276218568367895,3.388389246680542,0.06679353579108133,0.0,7.382297948948635,4.97016972132064,0.06679353579108133,0.0,7.277437397329666,5.13308904828814,4.6649872899230616,15.075459889557907,43.76053683045794,34.64776199294682
134,-841.4923917803418,0.296356744991536,0.1973216565851719,0.20308898556747373,0.3032326128558183,13.055796265880032,0.027860441326243626,3.02180189565493,0.015606675631393467,0.14537417031487265,0.12976749468347923,0.12976749468347923,0.21292439498985638,0,5.122640667518679,4.655356067329535,0.05505679859344996,0,0.7727638339103683,0.6613453408853759,17.496722561078876,0,3.657611838975983,3.4163931184477905,0.07998349200493839,0.0,7.395641597558534,4.984796000357271,0.07998349200493837,0.0,7.281602210850192,5.161980901746773,5.08933688265412,15.050255206340186,43.4229616790319,34.335412542513026
134,-841.4914189157208,0.2962826427422714,0.1978935128538269,0.203067876976875,0.30275596742702676,13.023439617185284,0.027976346020354908,3.0224292454728827,0.015598858278067222,0.14545846870914905,0.12985961043108182,0.12985961043108182,0.21281774157648853,0,5.1262769855036945,4.658660682291428,0.05502922075062281,0,0.7733123820537575,0.6618147983612079,17.504970155950137,0,3.65495367904001,3.4139137139978883,0.07988621237641717,0.0,7.39843642391058,4.98748729177231,0.07988621237641717,0.0,7.284712156792073,5.164545992417441,5.083612399145306,15.053498219604894,43.426750306449094,34.33961742637317
134,-841.491194064241,0.2962786608998147,0.19802319379035604,0.20305135452952683,0.3026467907803024,13.011575389258427,0.027988932722482547,3.028490016788732,0.01562582362574735,0.14542981638635682,0.12980399276060947,0.12980399276060947,0.2131856341678443,0,5.124081448468097,4.65666542099494,0.05512434835827557,0,0.7729811795105305,0.6615313492021754,17.47470551678077,0,3.6565128190541545,3.415370405383325,0.08030559672769444,0.0,7.403946831470732,4.9923069456850495,0.08030559672769444,0.0,7.290026279878493,5.169735953807864,5.0924960146401155,15.050493678489497,43.4188451775409,34.3331615298287
134,-841.490818064643,0.29631126205669983,0.1981300754570663,0.20303527144439756,0.30252339104183634,12.971691071297435,0.027948180039359078,3.0438664730106133,0.015615713266191827,0.145340907838478,0.12972519457228618,0.12972519457228618,0.21304769690033556,0,5.1209708481978495,4.653838568053067,0.05508868131150002,0,0.7725119372687624,0.6611297631590378,17.486202415473848,0,3.6587562706454904,3.417464689743572,0.08060320975820182,0.0,7.417613550119825,5.004462316095374,0.08060320975820179,0.0,7.303626408710803,5.181967834760442,5.091401713736371,15.043678711047086,43.42240305338992,34.33862101063555
134,-841.4907606017302,0.2959356845936831,0.19816226742067328,0.20316689768305102,0.3027351503025926,12.922956352637494,0.027892505135216933,3.054534168849486,0.015444300055289273,0.14526948856561134,0.12982518851032204,0.12982518851032204,0.2107090787931406,0,5.124918161927973,4.657425809890993,0.05448397452756874,0,0.7731073999392322,0.6616393709402322,17.680530998637416,0,3.6559688004110424,3.4148593927203237,0.0791685449336558,0.0,7.426566584066743,5.012692832501866,0.0791685449336558,0.0,7.313462431551035,5.188436979773203,5.040129507772057,15.041578125197006,43.4681161828194,34.38309820267856
134,-841.4906073577276,0.29631437692404006,0.1980055386620202,0.2030934001448302,0.3025866842691095,12.910319618710199,0.02787056877263296,3.0572350220198627,0.015415532946435783,0.14527181233369513,0.12985627938725933,0.12985627938725933,0.21031660448324238,0,5.12614549078237,4.65854118244975,0.05438249071668743,0,0.7732925457287867,0.661797822073597,17.713624602653812,0,3.655105513674547,3.41405238626968,0.07895806198146554,0.0,7.4298169330917805,5.01578698425773,0.07895806198146554,0.0,7.3169481974629615,5.191225609964463,5.030878979778183,15.041185003521068,43.482351464469154,34.396403629162805
134,-841.4905958152929,0.2962975910463374,0.19799289906051215,0.2030613779507176,0.30264813194243284,12.916844221572935,0.027868501372687718,3.0547896879363523,0.015400350508699881,0.14527830479652876,0.1298779542878289,0.1298779542878289,0.2101094680343445,0,5.127001118976417,4.659318760687825,0.054328930532806775,0,0.7734216194949453,0.6619082857497341,17.731096992795113,0,3.6544966602171134,3.413483624979388,0.07874800326856149,0.0,7.427395536347695,5.013636561013961,0.07874800326856149,0.0,7.314616325754168,5.188874805610011,5.02608338254392,15.042330826228767,43.48584693722912,34.399277088726016
134,-841.490594632621,0.29629036736561637,0.19798134674117202,0.20306496752773373,0.30266331836547783,12.916002992299434,0.027868080197581822,3.05445211994482,0.01538168446965821,0.14528458158738572,0.12990289711772754,0.12990289711772754,0.20985480425048203,0,5.127985750413692,4.6602135745608075,0.054263080996600134,0,0.7735701537400432,0.662035404057614,17.75261601919279,0,3.6537951865741785,3.4128284007932077,0.07855456221927891,0.0,7.427243267247858,5.01356444658038,0.07855456221927891,0.0,7.31458796117003,5.188580610650935,5.020094057889505,15.043010614380622,43.4917479721187,34.40480096148308
