-7.364017599519045998e-01
-7.577675238383863032e-01
-3.785911046992095352e-01
7.326463950498637301e-01
-2.478169971992380649e+00
3.364722366212128390e-01
-1.692147672104646672e+00
-9.768077087761014576e-01
-7.129255039247938130e-01
-1.473819790828952980e+00
-4.575998997497205067e+00
-2.606838660580212519e+00
-3.814027685224329889e-01
-6.259507411092337659e-01
-1.413434776688252681e+00
-1.141636546908984640e+00
-2.385691163109513013e+00
-1.016777651130867710e+00
-1.715001598958208362e+00
-1.736487738791191671e+00
-1.011979020569704346e+00
-7.042482087728264561e-01
