-6.306959115293924167e-01
-1.068883619848415067e+00
-3.744720011052228847e-01
7.949495263933841205e-01
-2.332479743961431318e+00
-9.449967950244951842e-01
3.364722366212128946e-01
-8.779472788864464139e-01
-6.933731968667617984e-01
-4.398352227772305278e-01
-1.858175985447166667e+00
-2.562942993057454544e+00
-1.871484613377146777e+00
-2.392489957144665058e-01
-9.871358412280648587e-01
-1.683559432372150555e+00
-8.455650818637233668e-01
-8.628303840192739216e-01
-6.066236147884283003e-01
-1.895102410140604654e+00
-1.331340327721235006e+00
