-6.737035154572098561e-01
-8.225443753455031759e-01
-5.584367950640599654e-01
4.388801328844166294e-01
-2.196393835205197931e+00
6.606199380370415819e-02
3.364722366212128390e-01
-1.133899710510101411e+00
-2.765797253670047862e-02
-5.609812431873890670e-01
-2.115738642450068596e+00
-2.702770441909803534e+00
-3.072586564065844073e+00
-5.581306266977809072e-01
-3.182965353596536873e-01
-1.153015965793893649e+00
-1.019885468525957961e+00
-2.976011738597716061e+00
-1.041123993557282024e+00
-1.758727922708739344e+00
-1.863554576848635458e+00
-8.714783594646354770e-01
-1.019620858073499781e+00
