-6.819530337109912521e-01
-6.767451252420486618e-01
-5.561228759241362285e-01
4.480644998057741191e-01
-3.042120190332999297e+00
3.364722366212128390e-01
-1.093454021416575328e+00
9.905885360569662845e-01
-1.116460000647718331e+00
-3.508957378963425966e-01
-3.184329396352269637e+00
-2.841977221282891541e+00
-1.340978367979152708e+00
-1.080640984230922363e+00
-4.406205312457638357e+00
-1.550119392798569695e+00
-1.706893893603866452e+00
-2.305394969952641038e+00
-1.056350238221920979e+00
-1.096847050091058984e+00
