-6.531886069750325596e-01
-7.800152812428251536e-01
-5.122222464662828934e-01
3.448344799578680897e-01
-3.250457620771836975e+00
-1.411645728939918465e+00
-2.594859110889906173e+00
-9.441394517344794401e-01
-1.522778297002718828e+00
-1.626253668539980435e+00
-7.274636951151118858e+00
-2.339929287122751500e+00
-1.333867007999265386e+00
-6.193675219744473326e-01
-2.060499152990139748e+00
-1.716211271821935114e+00
-9.722231517145775825e+00
-1.698180092989527878e+00
-2.067521931702969162e+00
-2.550051722245066266e+00
-8.345289590678045544e-01
7.096174187591037796e-01
