-6.725235913249741904e-01
-8.544170333367354653e-01
-3.926952621068943716e-01
4.324423062540710960e-01
-2.192577828483051050e+00
-1.912210835831222200e+00
-1.437165457785258171e+00
-3.851302610364431556e-01
-2.388250611370436260e+00
-7.776755936525054924e-01
-1.172184204069457669e+00
-4.024561845573490615e+00
-2.205111789666238220e+00
-3.265436492831059745e-01
-2.718127534141089874e-01
-1.302471109127937066e+00
-1.231079063678222951e+00
-2.465971152102746089e+00
-1.206236778142858901e+00
-2.561624077799864008e+00
-2.430172012137781223e+00
-1.580628845243227332e+00
-1.222135846317373931e+00
