-6.623208776211504389e-01
-8.084423988866403787e-01
-5.673552409848209299e-01
6.040306018291854429e-01
-2.533268282820383632e+00
-2.231435513142097093e-01
3.364722366212128946e-01
-1.462299276830104633e+00
-5.575561807134643555e-01
-5.864651995028546949e-01
-2.050936245991191509e+00
-2.703784770412967831e+00
-5.527713082595344218e+00
-8.447382407432948437e-01
-8.748971968587341275e-01
-1.694215293411258427e+00
-1.256324410364626054e+00
-2.335394911849668631e+00
-1.220056796900095275e+00
-1.803344354646611913e+00
-1.515024549295274969e+00
-1.023541894961627507e+00
-8.722391063438528214e-01
