-6.705491339719813482e-01
-7.302135242860483544e-01
-5.491227712673554251e-01
6.003167708198818842e-01
-2.361041673129084195e+00
-8.962224093822731552e-01
-2.140699999859541958e+00
-1.349318920825184565e+00
-6.323442646993686633e-01
-4.735813121203645837e-01
1.185849777683837397e-02
-3.716648557482588711e+00
-2.168723355714093248e+00
-1.159262069959606345e+00
-1.356468849750442462e+00
-2.140527308750526991e+00
-1.479924013989664777e+00
-2.313669716226207651e+00
-1.175837302541824281e+00
-9.792009302355899614e-01
-8.578302578558545388e-01
