-7.102006397416968930e-01
-7.802151381089212911e-01
-5.276514659165703058e-01
7.654599712953604751e-01
-2.697742546077423142e+00
-2.231435513142096816e-01
-1.347569925462641427e+00
-1.478200470428913116e+00
-4.011517021895553703e-01
-1.157388936840376026e+00
-8.510583740589029444e-01
-2.564376027262345925e+00
-4.095795000830325883e+00
-6.672296018867852618e-01
-8.807620490672347646e-01
-1.334064998428594162e+00
-1.557246045839107751e+00
-2.938140429050145830e+00
-1.181803545887819773e+00
-1.946264141097013178e+00
-2.044481942097642335e+00
-4.543909061690683537e-01
-1.201191967280934136e+00
