-6.528966802856462914e-01
-1.003856646621870796e+00
-4.644378911928759290e-01
5.481968863538594361e-01
-2.297487510920642961e+00
-2.231435513142097093e-01
3.364722366212128946e-01
-1.332811526300027527e+00
-4.696748873538131308e-01
-9.158222534990327901e-01
-1.294492157514994135e+00
-3.265549785834901630e+00
-3.709680338976127256e+00
-1.009706689123895051e+00
-2.903645410528173931e-01
-1.202028219220624639e+00
-1.353785327586384701e+00
-3.799258947211624715e+00
-1.898390592001625299e+00
-2.338464497714357826e+00
-1.008631387888279995e+00
-8.910883839712234744e-01
-7.472607649643026040e-01
