-7.069869523924661170e-01
-8.307853395264597207e-01
-5.409172399807986586e-01
4.130923069957055382e-01
-3.160618620981369364e+00
-1.590903193065476451e+00
-8.052053849272938768e-01
-9.823078565038623200e-01
-4.190129620480077532e-01
-1.130846254440846410e+00
-8.518654918547331478e-01
-3.088049359641987124e+00
-5.828328503825040308e+00
-9.915623744541142148e-01
-1.236159096157480430e+00
-1.810690956440072608e+00
-1.790365097599867061e+00
-2.437800922737140219e+00
-1.609873709605103898e+00
-1.871782093451093365e+00
-2.954622789715095177e+00
-1.204373701356064696e+00
-1.558714898043228381e+00
