-6.800945191231255738e-01
-7.788014917796529657e-01
-4.931849137517151926e-01
7.122959704793465630e-01
-2.229620973540955564e+00
-1.309784563075460984e+00
-1.815301408086398283e+00
-9.683768654985069890e-01
-7.391547632718591387e-01
-4.369663074104799746e-03
-1.129956992859783682e+00
-3.094141879459458622e+00
-2.810985179832414360e+00
-5.156797733995074351e-01
-2.010453099439403202e-01
-1.420128662743545211e+00
-7.294672973214647582e-01
-2.672604670640501112e+00
-1.045230168059142706e+00
-1.649058544245004088e+00
-1.412137711129504813e+00
-9.306630915885938382e-01
-6.376325596762189019e-01
