-6.554197293036829741e-01
-8.950000755660435514e-01
-4.786410225158322373e-01
8.431021806830579779e-01
-1.502861495391688784e+00
-7.505608482150512017e-01
-2.259667373285180858e+00
-3.825440725691362509e-01
-2.935895749575777591e-01
-2.749377492000129944e-02
-1.366964772085218049e+00
-2.422884606332366353e+00
-3.292115269588865356e+00
-2.371936641931502443e-01
-9.833336556539588047e-01
-1.311975977137704863e+00
-9.227808787527026491e-01
-2.555699138791615699e+00
-1.085132456491362918e+00
-1.630115001766269334e+00
-1.077477692873815895e+00
-5.020054714737981483e-01
-6.386569750822012059e-01
