136,-1109.8435871984952,0.26078431372549027,0.19019607843137254,0.26323529411764696,0.2857843137254902,1.2,0.9,1.3999999999999997,0.14399999999999996,0.84,0.21600000000000003,0.21600000000000003,2.75061444636827,0,10.36808685341511,9.658786998241753,1.330169375826217,0,3.480100986195361,3.4712962509551564,0.9806578610171193,0,1.0653885568768096,0.9723513545342293,1.9357043144288413,0.0,7.275128353474466,5.604210559119597,1.9357043144288426,0.0,7.107806527580308,6.82531171222365,35.150921535962986,37.57389256571707,31.53009025357343,25.5539901528237
136,-1022.1941208152273,0.20963087571452663,0.23308664003636972,0.21000638948217232,0.3472760947669313,1.4676331338318622,0.6741116219836066,1.3077723563376535,0.059681155020421685,0.3483173423508434,0.07833369709630005,0.07833369709630005,1.1399989387160843,0,3.7600489585349526,3.5028171066571785,0.5512919772368197,0,1.262079520912789,1.2588864308048293,2.561080014443711,0,3.119379898156977,2.856411221745349,0.3320529184623844,0.0,3.7407790185842784,1.753412949028752,0.3320529184623842,0.0,3.3072086880467193,2.9422266481521575,29.45601235621046,24.232696534256696,23.495934745497433,16.832090970292043
136,-996.8245511514815,0.27834265247868956,0.18351354002976725,0.26030034046204115,0.277843467029502,1.789768172153006,0.4988569016152188,1.2791042426951067,0.05307102848296117,0.24741758980256626,0.05898866951842603,0.05898866951842603,1.0137356779781594,0,2.8314798561779697,2.6377731212414486,0.4902323391085824,0,0.9504005878029012,0.9479960525377082,3.0767185031666764,0,4.3510896905283145,3.9957476578105147,0.2660411145098077,0.0,3.56005037320128,1.4959395760316343,0.2660411145098077,0.0,3.188465204504293,2.725973898403778,29.63950938444183,22.3057840404162,22.929955585099698,16.11722333373561
136,-978.897047146244,0.27716355384846725,0.18630150922835226,0.24709345132682933,0.28944148559635113,2.1933885339233625,0.36572901150820236,1.2655155305908423,0.05404504685039883,0.1901654565944943,0.05410986087933962,0.05410986087933962,1.0323408793149793,0,2.597295079737044,2.419609355268683,0.4992296266353728,0,0.8717952787457572,0.8695896167136883,3.1865448250261443,0,4.932189496059117,4.5402267472595454,0.2905250367040463,0.0,3.443746531074869,1.452734066041164,0.290525036704046,0.0,3.042510217910886,2.6335552182351414,30.07031333296674,21.56276889177976,22.95950665883189,16.185070863571575
136,-951.7036596264779,0.24057408917386056,0.1880045613185116,0.25714166184306214,0.31427968766456565,4.252100144724063,0.12992170895039637,1.250234367210021,0.06350722089142694,0.10909482394416258,0.04558760305273566,0.04558760305273566,1.2130824946712484,0,2.1882232772674772,2.0385229057720795,0.5866344470389381,0,0.7344882515838334,0.73262997947682,3.0027235692086727,0,6.29822417146997,5.825317009611291,0.507216734758604,0.0,3.2407383864408033,1.4693136751915985,0.5072167347586043,0.0,2.776847736238087,2.5448337045840512,32.59036152055799,20.263864810233123,23.152814723222193,16.46847767665928
136,-947.6388065615381,0.3127608765473521,0.1906240505305788,0.1716474870512054,0.32496758587086383,5.033320195386053,0.09748560216315703,1.2854863529341403,0.08485959074780818,0.14054526659130345,0.055685675843495264,0.055685675843495264,1.620944557109864,0,2.6729348316503634,2.4900744528956333,0.7838724226241685,0,0.897184145462514,0.8949142490158759,2.280840087330918,0,5.210458119585092,4.822661902039846,0.8288278590455538,0.0,3.281184561993123,1.7257793815839308,0.8288278590455535,0.0,2.828873038387577,2.742405693919612,34.86471080066843,21.523442036635764,23.40154025928785,17.330860867103716
136,-937.7199119443735,0.26824804235372635,0.1870132340293946,0.22456795680695396,0.32017076680992507,5.10268036367174,0.09482580249326006,1.2973079151459117,0.09430790954862196,0.15591943470801983,0.06161152515939789,0.06161152515939789,1.801421516744665,0,2.957377981592627,2.7550583247751708,0.8711492581928184,0,0.9926589327232448,0.9901474828770702,2.0548562381087696,0,4.713386455674443,4.362843470914281,0.9770681153738086,0.0,3.3943171279833964,1.8651560743137683,0.9770681153738081,0.0,2.9603490547013855,2.917100680726325,35.67813334219929,21.990936709522426,23.44432960344552,17.50007427881502
136,-933.3775241340985,0.2625864222360177,0.1830860554782539,0.239009231344682,0.3153182909410464,5.632674462087995,0.07952094360791419,1.329009816539011,0.12187461159024446,0.19760414505801815,0.0757295334677737,0.0757295334677737,2.3279865783725575,0,3.6350480572337216,3.3863677464881765,1.1257908057504038,0,1.2201223338208973,1.2170353963577123,1.6014030085661801,0,3.853872521809448,3.5684742303644783,1.521749044382354,0.0,3.623072122691048,2.2492121611789506,1.521749044382354,0.0,3.2262036200687847,3.3077671588161692,38.81232891164621,23.870183216813494,23.915688580525988,18.445140146611603
136,-932.5273617952209,0.26244094461507916,0.1866373709141268,0.24151196567851485,0.3094097187922792,6.222662564294397,0.06608432977271195,1.3551722078237107,0.14006955617123007,0.22246827220216067,0.08239871603093063,0.08239871603093063,2.67553711597901,0,3.9551715019378544,3.684590958663736,1.293862736837086,0,1.3275733931503386,1.324214602044852,1.402155344173093,0,3.5575757851033725,3.2951193388124107,1.9700794835272648,0.0,3.763788200638038,2.4959372238123247,1.9700794835272664,0.0,3.384045399071934,3.555119634135939,41.36132727622716,25.364634109917127,24.243981708331802,19.016915033956554
136,-932.4131539546103,0.2649825124780425,0.18306422645971976,0.240153254588702,0.3118000064735358,6.440563368141973,0.06030725147492142,1.3783217799760699,0.143051033153866,0.22463732073394052,0.0815862875800745,0.0815862875800745,2.732487766395349,0,3.916174609619975,3.648261915339056,1.3214034963998158,0,1.3144838882751646,1.3111582139169529,1.3766584680209228,0,3.5998307596209043,3.334694822828864,2.086943843663544,0.0,3.7898176581120535,2.5323787722926845,2.0869438436635446,0.0,3.4097116532528,3.5968329446052003,42.07410681769412,25.64130060434244,24.174084405420473,19.044027402398946
136,-932.3781394825904,0.26686634225337763,0.18671514980584944,0.2384627117690828,0.30795579617169017,6.485215449025916,0.05695758612994055,1.4092586611939055,0.14313092676649436,0.22325158607389844,0.08012065930740409,0.08012065930740409,2.734013853374989,0,3.845823863203922,3.58272399263385,1.3221414966556655,0,1.2908703031033308,1.2876043716566996,1.378059048885731,0,3.669725740108561,3.3997014960840413,2.135646282469147,0.0,3.8049301656986065,2.546808622827741,2.135646282469149,0.0,3.4251252828638417,3.624481984893571,42.27906111482369,25.606857426129785,24.068562187305197,18.916336382734684
136,-932.3586638787606,0.2665666667920257,0.18539575660847094,0.23839945148682307,0.30963812511268035,6.421795201976434,0.05728736215120306,1.4170270265146314,0.14299932415757755,0.22317353343025856,0.08017420927268099,0.08017420927268099,2.731500047560639,0,3.848394283069608,3.585118565357798,1.3209258455434434,0,1.2917330775800477,1.2884649632942204,1.3791132394184742,0,3.6668763806351006,3.3970362298674894,2.14191794766626,0.0,3.8172263871434318,2.5536685149800213,2.14191794766626,0.0,3.436990452091064,3.6339606529430477,42.28119098211536,25.58774197440268,24.06038376653663,18.922693143594486
136,-932.3330094380112,0.26623201960740084,0.18428147782148635,0.23834864083098883,0.311137861740124,6.262237086705503,0.0572959338461022,1.44892905322193,0.1429227974937496,0.22298068199712687,0.08005788450337728,0.08005788450337728,2.730038274317184,0,3.8428106473689403,3.5799169164257423,1.3202189467610954,0,1.2898589019116553,1.286595529333215,1.3798461070620016,0,3.672194016325589,3.4019618829699474,2.1804274230684797,0.0,3.858618692028963,2.5823491119090702,2.1804274230684793,0.0,3.4788011462918544,3.6752923798517863,42.361043749111595,25.532421349317588,24.016990203496256,18.89601025084508
136,-932.3106599756691,0.26557586727101556,0.1843363718751318,0.23826089591902425,0.3118268649348284,6.059349532069419,0.056652740055975884,1.506135020808865,0.14324006453788174,0.2228960846926455,0.07965602015476378,0.07965602015476378,2.7360985473376456,0,3.8235209970461814,3.5619469064931266,1.3231496336087587,0,1.2833842328564395,1.2801372413390735,1.3772066613724612,0,3.6915021478718932,3.419899359590768,2.2614759953172947,0.0,3.9264830899494596,2.6337113242225185,2.261475995317295,0.0,3.5474802273809263,3.7494243254792177,42.57916703084754,25.46466813254318,23.93171131895378,18.826964741339744
136,-932.3992614288059,0.2706286463917712,0.18072000985293407,0.24314140633720752,0.30550993741808724,5.865781297344338,0.057023324430011076,1.5761680574560468,0.14205021365561502,0.22006930979111575,0.07801909613550075,0.07801909613550075,2.713370623547459,0,3.744947985915809,3.488749219296981,1.3121586391268767,0,1.2570108027927167,1.2538305366577482,1.3885003167340049,0,3.76849379825762,3.491196805427495,2.3162191038665725,0.0,3.994196642708253,2.6674962881315794,2.3162191038665716,0.0,3.626416006572713,3.8184993922935164,42.60472791330285,25.162256826817874,23.74129100578663,18.60664911109567
136,-932.3087191891568,0.26621640753297277,0.1838783094134838,0.23887922494669195,0.3110260581068515,6.034256324090698,0.05669997282650686,1.5149100843944643,0.14308786544032737,0.22253275785659268,0.07944489241626533,0.07944489241626533,2.7331913179178033,0,3.813386780703973,3.5525059904950846,1.3217437268129586,0,1.2799826316945802,1.2767442463060998,1.3786409125252508,0,3.7012548669128797,3.4289308235675042,2.268470788102522,0.0,3.9351197005499263,2.6380485811787637,2.268470788102521,0.0,3.5575131539045954,3.758221017728687,42.58228395153909,25.42607320641539,23.907248896983965,18.798744578214347
136,-932.302493043941,0.2656897029865058,0.18475778223631037,0.23889681116690503,0.3106557036102788,5.961340410199505,0.056132521575425316,1.5454643218250361,0.143408561136075,0.22254868074832473,0.07914011961224969,0.07914011961224969,2.7393170832901057,0,3.7987575635623387,3.5388775849541405,1.3247060851007557,0,1.275072260695412,1.2718462986580785,1.3759254393288676,0,3.7162031940479543,3.4428239183027496,2.3158778832603675,0.0,3.967990982081991,2.664638237662876,2.3158778832603693,0.0,3.590673380798254,3.796845492454984,42.72443455244678,25.400527912615352,23.85803345381788,18.752829701205744
136,-932.3003286387855,0.2655323130056667,0.1851876596032205,0.23901068451254173,0.31026934287857105,5.971704291608583,0.056019564971439395,1.5562075721398372,0.14367136592926086,0.22258108056533563,0.07890971463607478,0.07890971463607478,2.744337046211716,0,3.7876980320602995,3.5285746563050275,1.3271336884876737,0,1.27136007280277,1.2681435026858685,1.3734816289055845,0,3.727192672139358,3.4530138729402102,2.336556170358659,0.0,3.977644545070693,2.6729946408415763,2.3365561703586604,0.0,3.6002516907659197,3.809764909754909,42.803088924507364,25.395844556290946,23.829294267629717,18.72596206042969
136,-932.2980872810771,0.2657228590471647,0.18562002593809282,0.23883183320957607,0.3098252818051664,5.9999141962953555,0.05613201917607252,1.5728369805311335,0.14419078271782299,0.2228184277085901,0.0786276449907671,0.0786276449907671,2.7542586803943907,0,3.774158575665568,3.515961458977729,1.3319316906087524,0,1.2668154855304967,1.2636104133235315,1.3684614955152852,0,3.7404250628749813,3.4652639660458906,2.370993531634568,0.0,3.993629553591097,2.6874844511275846,2.3709935316345674,0.0,3.6164455952816983,3.8309104762867054,42.937000673834504,25.396099089982616,23.787818363104453,18.6908779128367
136,-932.2967104041846,0.26542656545403276,0.1855687442953274,0.2392105727572903,0.3097941174933495,6.049625746627056,0.05630530665054406,1.586105840390523,0.14465875828634295,0.2229993873896843,0.07834062910334136,0.07834062910334136,2.7631977106674355,0,3.7603816976602897,3.503127082488115,1.3362545153995864,0,1.2621912064893668,1.258997833814339,1.3639232038620048,0,3.7539145179415288,3.4777473187347248,2.4003789466787118,0.0,4.005726688283026,2.6983913913179354,2.4003789466787127,0.0,3.6283229235177465,3.84714101853185,43.060202369251726,25.40078418237715,23.74858828601551,18.661574324016325
136,-932.2960053461248,0.2658983910722493,0.18537541455323892,0.23869542468896038,0.31003076968555143,6.064340967247957,0.056750640679063234,1.6001843159645748,0.14483272376857434,0.2230546336315016,0.07822190986292724,0.07822190986292724,2.766520710449346,0,3.7546831263835068,3.497818360933703,1.3378614845448298,0,1.2602784521113781,1.2570899187487568,1.3619993868467726,0,3.7590604459356656,3.4824792631629093,2.421659870822971,0.0,4.020077354744797,2.710367719728896,2.42165987082297,0.0,3.6431682104654604,3.8636266083604016,43.12774775805109,25.389373508471344,23.724802739602715,18.645487754285316
136,-932.2957484375352,0.26569271813303774,0.18524027571822638,0.23892489048857693,0.310142115660159,6.063649330556244,0.056708486076803566,1.5954750001909095,0.14470999933359968,0.22303157802848975,0.07832157869489008,0.07832157869489008,2.7641764909787647,0,3.759467270394475,3.502275212870243,1.336727843676296,0,1.261884274335484,1.2586916782058386,1.3631815067070476,0,3.75432894818034,3.4780992428809334,2.4125767325161336,0.0,4.015944375158533,2.706974062961521,2.4125767325161322,0.0,3.6390144777399156,3.8582836174313004,43.094049361505135,25.39337848830209,23.73820627730579,18.65759351337347
136,-932.2957246928624,0.2656669263866906,0.18518834116705987,0.23895334987579406,0.3101913825704555,6.062783211425549,0.05670099336043421,1.5950674169882415,0.1446630800429993,0.22302271316352915,0.07835963312052982,0.07835963312052982,2.7632802626555786,0,3.761293898126835,3.5039768776461444,1.3362944367076006,0,1.2624973912067707,1.259303243877392,1.3636284431830061,0,3.7525149640676294,3.476419319685332,2.4108049166807373,0.0,4.015860006476739,2.706983599562988,2.410804916680738,0.0,3.639021579285997,3.857912205360384,43.08514373556464,25.394011809208678,23.74255177438374,18.66185182884056
136,-932.2957111093203,0.2656694053729494,0.18516695303699002,0.23895602064533575,0.3102076209447248,6.063510470315827,0.056684207547735815,1.5954391425835748,0.1446263481665106,0.22300851410620914,0.07838216593969849,0.07838216593969849,2.762578629113134,0,3.762375482507358,3.5049844688536447,1.3359551338102265,0,1.262860430494783,1.2596653646676865,1.3639855510751229,0,3.751456956190205,3.4754404877703924,2.4103068761963353,0.0,4.016389679939079,2.7075580986336636,2.4103068761963353,0.0,3.6396683053359244,3.8583705824334897,43.08080804683596,25.39422295245382,23.745213770132544,18.66450518357236
136,-932.2956991189217,0.2656908055971973,0.1851606789138311,0.23894643842523391,0.31020207706373765,6.0664283933883425,0.056657111063494185,1.59602901906784,0.1445591997257946,0.22295550913142592,0.07839630940563137,0.07839630940563137,2.761295993897269,0,3.763054374559212,3.5056169166539344,1.3353348643694283,0,1.2630883040583998,1.2598926617059658,1.364636533437883,0,3.7508136334042628,3.474846647506107,2.4092826109687904,0.0,4.016859510499444,2.708065779460508,2.4092826109687904,0.0,3.640287736915133,3.8587481547515194,43.07346136641314,25.39301460173794,23.74786593605957,18.666788603644633
136,-932.2956982483267,0.26569838472642593,0.1851747762096791,0.23894148995480868,0.31018534910908635,6.06740219061364,0.05665652547771351,1.5964387407790717,0.14455499175962355,0.22295154773135947,0.07839655597173592,0.07839655597173592,2.7612156154768535,0,3.7630662098313743,3.505627942253401,1.3352959941768225,0,1.2630922766275832,1.259896624224458,1.3646766338753016,0,3.7508025601476533,3.474836435421013,2.4096719769328474,0.0,4.017253062105781,2.7084540672852038,2.4096719769328474,0.0,3.6407241049615457,3.8592236089747893,43.07409509545556,25.392789780993045,23.747854433036842,18.666724429672897
