-7.436862513992605894e-01
-8.595288030590764183e-01
-5.517769472459964630e-01
6.405520763114108673e-01
-2.252806537326224490e+00
-8.948189929472503135e-01
-1.259553455289143198e+00
-4.038000135770903887e-01
-4.499742360495692095e-01
-7.885994124230445435e-01
-1.375102187814195798e+00
-2.477632121689548494e+00
-5.056200143913926581e+00
-1.043436260604213572e+00
-5.522584100530305573e-01
-1.126309729462528164e+00
-1.071368378061343218e+00
-3.330140368643430993e+00
-1.471595309086127346e+00
-1.082547156094686436e+00
-1.909788337935248492e+00
-1.245083664082973662e+00
-1.082743657254514380e+00
