-6.577297205901859734e-01
-8.626364802991204339e-01
-5.169934012767501974e-01
5.481030572848022420e-01
-2.171472544980579400e+00
1.816570493349721760e-01
-2.107898562794085162e+00
-1.461343573344763946e+00
-4.583819383751233101e-01
-5.356783460912840633e-01
-1.843528244707511421e+00
-3.096668170028139322e+00
-1.166634693685885260e+01
-2.781342790552839284e-01
-6.858751485065449627e-01
-1.013394332419425670e+00
-1.164013201872565295e+00
-2.494804882064954210e+00
-1.216466450794333021e+00
-1.902684544726175098e+00
-1.266970560090128428e+00
-1.097381905462651464e+00
-1.140486399070805845e+00
