-6.647223327529199199e-01
-7.759854681957607525e-01
-6.391247631423481179e-01
5.492227536888899531e-01
-2.318569199271347081e+00
-1.271095634208058156e+00
-1.459752694683452257e+00
-1.103111553490062402e+00
-9.361232465066458008e-01
-6.772537824941086138e-01
-1.010205773690088460e+00
-3.120389585756148332e+00
-3.821214972585780689e+00
-8.718288455657620117e-01
-7.835919525877996783e-01
-1.259517799079335809e+00
-1.319416891387749757e+00
-2.516219256680533256e+00
-1.323069612877837420e+00
-2.102463218571408721e+00
-1.584600628838517933e+00
-5.814170987487865538e-01
-8.191362987140805574e-01
