-7.389406433877652169e-01
-9.124563495184155881e-01
-5.065611212895837490e-01
5.348237250485753380e-01
-2.045050232774290766e+00
-2.231435513142097093e-01
3.364722366212128946e-01
-1.872050524007308869e+00
-6.913077552167661288e-01
-1.295471913898674499e-01
-1.179390049520963490e+00
-1.126014622497987183e+01
-2.486511270756105674e+00
-8.561298260770199287e-01
-7.314818452713500729e-01
-1.414606391360070603e+00
-5.334879339165492507e-01
-1.466764993698879138e+00
-1.596565895553965664e+00
-1.981023173726412789e+00
-2.481674978099696283e+00
-8.954659078362890989e-01
-2.884775458546581905e+00
