-6.355241956355572874e-01
-7.018518340750055096e-01
-6.760901618858714546e-01
5.218623654489434882e-01
-1.965980427174978340e+00
3.364722366212128946e-01
-8.820385886626603833e-01
-8.290073408511755559e-01
-7.986120338121672768e-01
-1.267379101421449716e+00
-2.446342279102554418e+00
-3.019071463329428884e+00
-6.168697179190910651e-01
-6.550978584594956411e-01
-1.198076199676155751e+00
-8.115580674985413134e-01
-8.079270628091501649e-01
-1.231774517185983742e+00
-1.785155499092816900e+00
-1.472609109806907846e+00
