-7.100441069307030784e-01
-9.466444425880323754e-01
-4.712459802737944403e-01
6.920072659355884781e-01
-2.466679778938098533e+00
3.364722366212128946e-01
-9.891980229875343422e-01
-1.384782955649758174e-01
-2.572404650908644563e-01
-1.279511244499832667e+00
-1.195585348854682906e+01
-2.375892156863508298e+00
-7.320738145864510438e-01
-7.559508632405236295e-01
-1.428391749347182493e+00
-8.403853396426076428e-01
-2.137415337900756107e+00
-1.566799160562196258e+00
-2.117076465984507827e+00
-7.910254275896325682e-01
-1.091950173191155171e+00
-1.304379985003136566e+00
