-6.577957328208361432e-01
-8.661119135956774073e-01
-4.540677594019406071e-01
4.955069946306816520e-01
-1.610069911859600023e+00
3.364722366212128946e-01
-1.482848723270017599e+00
-9.903969112818995502e-01
-2.992309090061470722e-01
-1.214070256535053405e+00
-2.069466587438520744e+00
-1.326648970984435216e+01
-1.175118068024320062e+00
-8.435760062776962442e-01
-1.357347027960036812e+00
-1.008963258398140272e+00
-1.442617136507181819e+00
-1.033949080551911370e+00
-1.983231810031382825e+00
-1.785188788851029829e+00
3.408922816294447378e-01
-3.903060918137214452e-01
