-7.418088523359193109e-01
-9.559225375467516050e-01
-5.139005782424146407e-01
7.012632901070372515e-01
-2.436064449193451331e+00
3.364722366212128946e-01
-1.590995418813169859e+00
-1.051185633396643837e+00
-4.039165121729978436e-01
-1.973742233530021650e+00
-3.254065427717387493e+00
-2.332816648807929383e+00
-6.269531089016208147e-01
-8.725485991956108967e-01
-1.312623507563261072e+00
-1.335887155925633785e+00
-2.899994900882035154e+00
-1.207238328154883078e+00
-1.872475468418479894e+00
-1.467931217457451032e+00
-1.120816901789211784e+00
-8.853936070022793148e-01
