-6.878760837260226024e-01
-1.041146567296126868e+00
-4.469257699737308465e-01
4.260619915012716641e-01
-2.043932862996510558e+00
-1.580012404522347813e+00
-1.588462519704051168e+00
2.560881556371161216e-01
-7.596992052808319684e+00
-1.463683098588453690e+00
-2.877175648957842391e+00
-6.146313188658284687e+00
-5.333376390394632516e+00
4.145452626451024969e-01
-3.117386816274796413e-01
5.518690998116285856e-02
-4.925746378596304043e-01
-2.224149353098633597e+00
-1.281698178624203432e+00
-1.613410596510817419e+00
-1.224142794893992914e+00
-1.908333361473761036e-01
-9.396273231448783875e-03
