-7.140893769899938626e-01
-7.860022851991508297e-01
-5.193755099427636024e-01
7.583089718906034227e-01
-2.772149572788713545e+00
-2.438433632905935067e+00
3.364722366212128390e-01
-1.960664606825137657e+00
-2.381043530076927262e-01
-1.389622219419267779e+00
-7.808364135937907458e-01
-2.659041088406721709e+00
-3.535360273827125699e+00
-5.536436224641005932e-01
-7.846571018434477240e-01
-1.270153067365054511e+00
-1.477518164874396467e+00
-2.911384414161033440e+00
-1.104594570405707188e+00
-1.832094491907518607e+00
-1.967380689749033573e+00
-3.938957383190976325e-01
-1.107864092468193506e+00
