-7.110643921172260518e-01
-6.948137238705054397e-01
-6.172811455949158699e-01
5.643848709319216894e-01
-3.621497855516869535e+00
-2.231435513142096816e-01
-1.310495418626508091e+00
-1.569564749172124518e+00
-3.042159803355592995e-01
-9.100672805251022179e-01
-6.450400268244097512e-01
-2.842760431133681376e+00
-2.633610966407750276e+00
-1.248858573774413117e+00
1.300955300192394359e+00
-1.542134350019405131e+00
-1.788408184839423543e+00
-2.458585039007445516e+00
-1.703031902570440792e+00
-1.596898079090850686e+00
-2.010265399436542477e+00
-1.474376299081691322e+00
-1.453945263064930549e+00
