-6.895927893755974258e-01
-8.698663774145901639e-01
-4.532249731225034828e-01
8.484295526533888188e-01
-2.711665216637723308e+00
-9.012850064568551645e-01
3.364722366212128946e-01
-1.188973698011967173e+00
-5.049287497605015052e-01
-3.656600072688121483e-01
-2.764321431186847478e-01
-3.845528801063220481e+00
-2.425519393579934402e+00
-1.096764261698307097e+00
-1.170251080633430529e+00
-3.402814517732319910e+00
-1.351188465446903741e+00
-1.796973915568468083e+00
-1.496468045993349483e+00
-9.919422316752519730e-01
-9.784752002105268076e-01
