-6.172719434256115356e-01
-7.804207133928159346e-01
-5.100293953549149828e-01
4.674455610038643627e-01
-2.678374441626196312e+00
-9.410728744166499959e-01
-1.841968446555994676e+00
-2.179198718058443784e+00
-1.281089472870707624e+00
-7.478994664577079954e-01
-1.944498261382737736e+00
-5.564323206882429318e+00
-2.738763012436643329e+00
-8.188839165392967079e-01
-9.530486002964138059e-01
-1.122801617366000926e+00
-1.568299494064105071e+00
-3.179434311592344464e+00
-1.455905778289604546e+00
-1.097497173910221946e+00
-7.156917684086733233e-01
