-6.718488065060987946e-01
-7.409624330201534104e-01
-5.471415567610508068e-01
5.825958546554483863e-01
-2.276478133672963811e+00
-2.287804714149531460e+00
-2.263498306823828798e+00
-1.550050162135895526e+00
-5.869027277415057586e-01
-5.019107282129833258e-01
-1.065770984294491130e+00
-3.850061801876178080e+00
-2.119148719859112351e+00
-4.513132223098234030e-01
5.109654829767882461e-02
-1.166516945441793851e+00
-1.369440288189817334e+00
-2.128044859818612800e+00
-1.493121632423969114e+00
-2.295264955012304764e+00
-1.191135896538882522e+00
-9.863757635532598433e-01
-8.687931060337088507e-01
