-7.144669847289140119e-01
-7.081374150331120054e-01
-5.737802939914338207e-01
6.544178247559869765e-01
-2.431191733523465182e+00
-1.629238672817757916e+00
-1.545997387198482453e+00
-7.231788020372396097e-01
-9.814572795446203646e-01
-1.903451714112817994e+00
-3.251598884703843062e+00
-4.359782443890415138e+00
-7.304010878021236497e-01
-6.843235423693394548e-02
-1.106847921046318461e+00
-1.516483651028444291e+00
-1.130090426799727377e+00
-7.624871275747948651e-01
-1.828333154942126670e+00
-1.858025526136646510e+00
