-7.125242425058944118e-01
-9.490831428989386920e-01
-4.741239487536865749e-01
6.848936389982765993e-01
-2.521107792266040093e+00
-3.590952499311938495e-01
-2.607831986309301797e+00
-6.429298528438871507e-01
-2.733214786882317004e-01
-2.397825761207365847e-01
-1.266117337373548812e+00
-4.299661310932864744e+00
-2.512021875768850165e+00
-7.400261864757584629e-01
-7.840184522628678154e-01
-1.457603467013040222e+00
-8.932651333629203494e-01
-2.144551915548786436e+00
-1.601985104404301863e+00
-2.193290057274241089e+00
-8.394455665196215444e-01
-1.134423395660439038e+00
-1.367100199264141391e+00
