-6.339608839691928122e-01
-6.713566671586709278e-01
-6.253071064930687539e-01
4.526218174812485229e-01
-1.596665577670016267e+00
-1.103085255102168455e-01
3.364722366212128946e-01
-5.604704537156747213e-01
5.009754609219887328e-02
-6.634118877706407513e-02
-1.112363660898482154e+00
-2.999767980554242985e+00
-3.438302971174805656e+00
-2.254889238833457377e-01
-7.040187513325273094e-02
-8.881688982752014017e-01
-8.050588554108063510e-01
-1.900224215110415837e+00
-1.054026794734305161e+00
-1.121799669638458452e+00
-1.052127029926525736e+00
-7.005394302180999455e-01
-5.429056204460959156e-01
