-6.910229053003058564e-01
-8.615268139735687836e-01
-5.128239556367689689e-01
6.563022007798665625e-01
-2.524045024712970431e+00
-2.113416355560637339e+00
-1.385623791097075452e+00
-8.694601601952656189e-01
-6.157521774010612514e-01
-7.366364908026640235e-01
-1.104215283284301519e+00
-3.037659672296402658e+00
-2.910555938509500784e+00
-5.888567022616436608e-01
-8.069053695482844013e-01
-1.570624005816386504e+00
-1.186101674061075473e+00
-2.944597838732413653e+00
-1.539893868534730315e+00
-1.932987726718421007e+00
-1.513283102734762187e+00
-1.223102986678124893e+00
-9.991263165644668209e-01
