-6.754897173753711126e-01
-6.937358570166618499e-01
-5.394201829572765616e-01
6.120867572316092131e-01
-1.782757619012078631e+00
-2.231435513142096816e-01
3.364722366212128390e-01
-1.171780137164119884e+00
1.500440013942921924e-01
-4.884187135710573169e-01
-1.246126259213397924e+00
-2.282941838003158974e+00
-2.797109275458189437e+00
-6.677327949136583340e-01
-6.726693918784277804e-01
-1.001796463009431815e+00
-7.793101844780496723e-01
-2.311769529562011094e+00
-9.781293288552087573e-01
-1.602927694622042987e+00
-5.905339850734455664e-01
-7.328941192244822211e-01
-3.890264481780648098e-01
