-7.402627853902009614e-01
-8.594857082191398323e-01
-4.528138573948501389e-01
7.995956546628070205e-01
-3.103908227053493896e+00
-3.132466104490065462e+00
3.364722366212128390e-01
-1.483701909292960419e+00
-1.045042234745044318e+00
-8.438395212359898201e-01
-4.372685679721377006e-01
-3.286468858151120109e+00
-3.036320232208969294e+00
-4.705205289144493430e-01
-7.424988820224001085e-01
-1.518835788469528048e+00
-1.553444026150150314e+00
-2.663768020523754831e+00
-1.570764165567055670e+00
-2.234730184781466011e+00
-2.181468776762446105e+00
-1.200921547450547688e+00
-1.243494066686936517e+00
