-6.794910368512909749e-01
-8.063101065484403751e-01
-5.083636727241931386e-01
6.459207603646226481e-01
-2.117939962816818955e+00
-2.298166516468086229e+00
-2.359911352929096484e+00
-1.610829439151175269e+00
-7.334123206400517958e-01
-5.321869547655325716e-01
-1.383646512705979825e+00
-3.684766271890574707e+00
-3.023259990097248995e+00
-5.958387079454675606e-01
-8.971576390802917800e-01
-1.408869589527360855e+00
-1.236895829349938358e+00
-2.456993327089559198e+00
-1.157500770967793802e+00
-1.591224954742051167e+00
-1.433374795371140431e+00
-3.775893595591489627e-01
-8.057238546728258122e-01
