-6.593851773487625634e-01
-8.474443442061261322e-01
-6.571826203111501563e-01
6.099157116201404660e-01
-2.440848497903148395e+00
-9.938193052587297460e-01
-1.137392789254849657e+00
1.491470528652641681e-01
-8.224838458358712856e+00
-7.272738559879535769e-01
-2.523497989062845726e+00
-1.738501617837306767e+01
-2.734078679765347797e+00
-1.007930285976051499e+00
-8.034922403420088344e-01
-1.604719290609090798e+00
-1.438678403809170225e+00
-2.913448971614705840e+00
-1.640816363354504759e+00
-1.835703679386060161e+00
-2.360075695976431298e+00
-9.735441005945320025e-01
-1.133632625134868732e+00
