-7.364364133116149125e-01
-7.577811997493701934e-01
-3.786139006786594652e-01
7.327331082451913336e-01
-2.478215649419009292e+00
3.364722366212128946e-01
-1.691576479161072122e+00
-9.770459227864960461e-01
-7.129593371129959722e-01
-1.474001526558623487e+00
-4.574558676482577191e+00
-2.607568041692183147e+00
-3.815154379088863124e-01
-6.257593366629423670e-01
-1.413495693170128131e+00
-1.141481043572369902e+00
-2.385716324561723223e+00
-1.016746479331840147e+00
-1.715170403436252267e+00
-1.736518231219451147e+00
-1.012002352825647655e+00
-7.043972554391625396e-01
