-7.364538968358081972e-01
-7.579135499320390768e-01
-3.785669511660950670e-01
7.327574582324011265e-01
-2.478234896763417350e+00
3.364722366212128946e-01
-1.691337418459066377e+00
-9.775396413708521415e-01
-7.130475331234537029e-01
-1.473746433141782886e+00
-4.566763441756187092e+00
-2.607036694039912561e+00
-3.817862366166048793e-01
-6.255642290954435136e-01
-1.413344496516845572e+00
-1.141650427604942397e+00
-2.386007489543273685e+00
-1.016794452400252347e+00
-1.715603964245530966e+00
-1.736367635286122368e+00
-1.012017685815485901e+00
-7.045638631635328109e-01
