-7.109746607957562192e-01
-7.989977136014080328e-01
-5.371881860809101239e-01
5.326264611682054451e-01
-2.331410190485997180e+00
-1.655549917418055017e+00
-1.811220412174416872e+00
-1.125150001875090178e+00
1.209573783614584369e-01
-1.159334015471847890e+00
-1.405581976502487063e+00
-3.324307070516526963e+00
-3.187327054620328948e+00
-8.821824140040974704e-01
-3.365747690614971921e-01
-1.448087994994175842e+00
-1.219477708979747499e+00
-3.209230785798924401e+00
-1.074740956575914508e+00
-1.998887264987348145e+00
-1.646400572440519294e+00
-9.466832619417607786e-01
-1.011588211656543557e+00
