-7.110391090815787463e-01
-7.989214071599103351e-01
-5.372764906506176663e-01
5.326355295578648619e-01
-2.331493266367560935e+00
-1.656472487233584090e+00
-1.809193846572087816e+00
-1.125408261641463792e+00
1.206637552192618701e-01
-1.159471474243033429e+00
-1.405843073560658185e+00
-3.322989066192153729e+00
-3.186285276295074187e+00
-8.824463739002116336e-01
-3.364303141110595585e-01
-1.448223523745628682e+00
-1.219882880242554535e+00
-3.206154848671709523e+00
-1.074950341321237790e+00
-1.998840452111016797e+00
-1.646069406890499964e+00
-9.470566850570596440e-01
-1.011966914841162746e+00
