-6.839376057834257727e-01
-8.221005888376332615e-01
-5.099549188393461829e-01
4.284553379126361805e-01
-2.664214960945162414e+00
-2.231435513142097093e-01
3.364722366212128946e-01
-2.978462551961483129e+00
-5.440830371487900274e-01
2.781469607439647149e-02
-2.873477404738164154e+00
-4.028133049308506131e+00
-2.915198818959861882e+00
-1.098854728615511034e+00
-2.379991293691237630e-01
-1.704099216087163970e+00
-1.452572979672566156e+00
-3.089653298752578880e+00
-1.452786069715159778e+00
-4.867385295286423386e+00
-7.810183114838671337e-01
-1.362309373724796657e+00
-1.651556992897822873e+00
