-7.092698642813629606e-01
-9.415517551664789320e-01
-4.765841865607919892e-01
6.887062590393774331e-01
-2.458944794354522401e+00
-2.167280668174230485e+00
-8.006402303015950350e-01
-2.264888763287197238e-01
-2.615398314949835545e-01
-1.246851304943986660e+00
-1.136666002980839352e+01
-2.433514899614228177e+00
-7.541448495654948792e-01
-7.917908091836699525e-01
-1.465253868507085500e+00
-8.728245032658528135e-01
-2.161065153770850511e+00
-1.601368110855055260e+00
-2.193640807007309679e+00
-8.334593071888337645e-01
-1.138847497168766543e+00
-1.366214863001715019e+00
