-7.412421702149836200e-01
-9.526628332542461663e-01
-5.236028133156599429e-01
7.198623424960316486e-01
-2.428634875944647220e+00
-1.470317607486900213e+00
-1.110313329571291474e+00
-1.378981549285129615e+00
-3.765355626924806187e-01
-2.036889489792270691e+00
-3.400409321959591225e+00
-2.342798171941761876e+00
-6.601891351128483798e-01
-9.371288181583772303e-01
-1.378966519659900358e+00
-1.438742377825853236e+00
-3.011498194535645379e+00
-1.301880161815231363e+00
-1.945731213728694842e+00
-1.567666725380414405e+00
-1.190706434357873711e+00
-9.590418377844063258e-01
