-7.064315719985502229e-01
-9.618970539331712644e-01
-5.105208084016880088e-01
6.715946437543803826e-01
-2.367012721522751661e+00
-1.693806391463784200e+00
-1.178545191064476416e+00
-4.408618691108942000e-01
-5.771720921084158018e-01
-2.107252728231091554e-01
-2.708823213171942079e+00
-2.750370983845220163e+00
-1.140540530781303241e+00
-1.141606815399730968e+00
-3.014060882426587984e+00
-1.460762515160779262e+00
-2.154983918569101320e+00
-1.776704988212639114e+00
-1.151800080634295842e+00
-9.055920934549119838e-01
