-6.536190323895543219e-01
-9.692446762332102006e-01
-4.863106282368754307e-01
9.964830455207721593e-01
-5.912906218075281828e+00
-1.275915209125452643e+00
-1.858792116116037896e+00
-6.807193331854745066e-01
-9.602173006454843840e-01
-1.215062665195716152e+00
-1.267760035168282329e+01
-3.058381388767908771e+00
-7.767660307314505630e-01
-1.099146724836298716e+00
-1.921957735213061014e+00
-1.818758491140642475e+00
-3.543427598905307008e+00
-1.927202098414229736e+00
-2.195229584590353777e+00
-1.912645991372695864e+00
-1.342865148464698066e+00
-1.366477943363127556e+00
