-6.846883117454164447e-01
-8.461984328637977004e-01
-4.785296366635790055e-01
5.688045812320107197e-01
-2.218892457569559884e+00
-2.839308543780352689e+00
-1.967897614324408906e+00
-1.158299724144715048e+00
-2.016329111248139905e-01
-6.076243333782974654e-01
-1.264474575059315153e+00
-2.555155536498113999e+00
-3.574812564952886351e+00
-4.089054631486884195e-01
-7.086933512875224217e-01
-1.597195296417261101e+00
-1.057539617483900463e+00
-3.000340640565009931e+00
-1.462853656265175051e+00
-2.294020142476476565e+00
-1.417362781923002579e+00
-1.418376831711805064e+00
-9.803138640061739295e-01
