-6.840726564653297759e-01
-7.452312721143254937e-01
-5.150698113847772541e-01
5.364088110960502087e-01
-3.074026284201822445e+00
-1.116657251750003743e+00
3.364722366212128946e-01
-2.255117692604041491e+00
-7.077820886712927750e-01
-6.969922343281438337e-01
-2.609834516576958752e+00
-4.499612959521923194e+00
-3.049190425212861211e+00
-7.959680143418784715e-01
-1.033201165950336398e+00
-1.348275305714608185e+00
-1.660252513106672545e+00
-1.164493030488157999e+00
-1.737421129779814111e+00
-1.547438719556599063e+00
-2.557855918020498720e+00
