-6.794149795837458594e-01
-1.147865013413407853e+00
-3.843088857540873926e-01
6.873840911581349244e-01
-3.695982323437791983e+00
-2.258159930364711077e+00
-1.694050192375674335e+00
-3.398471572612490998e+00
-9.883774005695165066e-01
-6.170335640008890454e-01
-1.194135916595300495e+00
-3.455517394516097518e+00
-2.101756599520418156e+00
-4.396287804452013726e-01
-1.497003955971341727e+00
-1.893160632302157254e+00
-1.686327388899950597e+00
-3.115095888867442930e+00
-1.472835095651821691e+00
1.834464583679511485e+00
-1.830401311633878203e+00
-1.430573619398707308e+00
-1.040236127109659847e+00
