-6.623320754935688726e-01
-8.790251007034608488e-01
-4.841782912072598588e-01
8.153126077896946100e-01
-2.434207798011378987e+00
-1.173784689568499795e+00
-1.669175564638219811e+00
-8.443580271782979985e-01
-9.570311615025431928e-01
-5.294004148818385325e-01
-1.455424000497664849e+00
-3.520531603637479190e+00
-3.206777342470726211e+00
-5.419944020466809231e-01
-1.175860307924153636e+00
-1.183604953298104334e+00
-1.549000136928767368e+00
-3.897998634007542762e+00
-1.510009689518090781e+00
-1.992123235187946761e+00
-1.706598034873756164e+00
-1.287705031854581961e+00
-8.580560377139322403e-01
