140,-1159.9319151105706,0.31952380952380954,0.19952380952380952,0.2228571428571429,0.25809523809523804,1.2,0.9,1.0,0.0,0.144,0.84,0.21599999999999997,0.21599999999999997,0.772398115521112,0,6.422836902248537,5.904982810511166,0.10036124026724773,0,0.8316990846748447,0.8276525908520721,0.0,0,0.0,0.0,0.0,0.0,0.0,0.0,0.0,0.0,0.0,0.0,6.8537356060631245,43.572779442636666,36.30967267472,42.518239413228585
140,-1085.2219794006212,0.23682972905273195,0.25729272010122084,0.16406978219434895,0.34180776865169826,1.4566272533224334,0.6221870517463878,1.0589342654082716,0.0,0.05781047015198629,0.3659913295593963,0.08735913809777239,0.08735913809777239,0.31008818196377574,0,2.5976550737175863,2.388213929668598,0.04029118392281979,0,0.3363727555273178,0.3347361897278949,0.0,0,0.0,0.0,0.0,0.0,0.0,0.0,0.0,0.0,0.0,0.0,5.3166248882556895,31.10801850304393,33.839699670102206,40.87721946612753
140,-1047.5191866784326,0.3113181880376133,0.20597877654064026,0.19995147068250727,0.28275156473923924,1.7154003261122464,0.45775102739668344,1.1074896639899392,0.0,0.03510305670928478,0.2712339852263186,0.08381203527778136,0.08381203527778136,0.18828843646723814,0,2.492180708493937,2.2912436464317336,0.02446518269802328,0,0.3227147825243822,0.3211446673251899,0.0,0,0.0,0.0,0.0,0.0,0.0,0.0,0.0,0.0,0.0,0.0,4.685708895373613,29.993998045653704,33.777535125540744,41.35118672886409
140,-1017.2680874620273,0.3475745524900396,0.18093028770463215,0.20932750784095405,0.2621676519643742,2.2496894423478797,0.2709340079231204,1.2020579796519917,0.0,0.002460995478533396,0.18687592466969213,0.10676687205611758,0.10676687205611758,0.013200474096702587,0,3.1747509526837048,2.9187802973306454,0.0017151983230395869,0,0.41110143408643174,0.4091012883074881,0.0,0,0.0,0.0,0.0,0.0,0.0,0.0,0.0,0.0,0.0,0.0,1.2178899639209033,29.87169387998413,36.21466057955002,44.390957952072206
140,-997.7636211627128,0.30743306759671246,0.20343126667546102,0.18968343448530067,0.2994522312425258,2.929921448236611,0.15697341408756774,1.327650371647989,0.0,3.059023205018258e-07,0.14716467550694742,0.1274682814205651,0.1274682814205651,1.6408220547857325e-06,0,3.790314730436145,3.4847130123788745,2.1319955754300253e-07,0,0.4908113564007385,0.4884233952277397,0.0,0,0.0,0.0,0.0,0.0,0.0,0.0,0.0,0.0,0.0,0.0,0.00013063345788894254,29.420255307624053,38.44072169575209,46.727477598754575
140,-990.7982760428863,0.2987822423060117,0.20454883583468145,0.19569153553027124,0.3009773863290357,3.48601462227905,0.10425364647069953,1.45840284310845,0.0,0.011081125296358926,0.14893927651534364,0.1378581512189847,0.1378581512189847,0.05943777983861777,0,4.099261207986363,3.7687500612821934,0.007723024154856632,0,0.5308171212212773,0.5282345186410623,0.0,0,0.0,0.0,0.0,0.0,0.0,0.0,0.0,0.0,0.0,0.0,2.471005371106835,29.234459109214292,38.011773742499884,45.93232595338442
140,-985.5965711128276,0.3145526603432638,0.20078669155043993,0.19515094363981503,0.28950970446648133,4.0640503446808305,0.06421208708561853,1.7029757653735846,0.0,3.059023205018258e-07,0.17089639954368194,0.17089639954368194,0.17089639954368194,1.6408220547857325e-06,0,5.081665284493383,4.6719458411281956,2.1319955754300253e-07,0,0.6580295327532724,0.6548279993037929,0.0,0,0.0,0.0,0.0,0.0,0.0,0.0,0.0,0.0,0.0,0.0,7.352000541044476e-05,30.625652422650663,41.911448588392005,49.77557050355541
140,-983.774138505042,0.3019092275696451,0.19860582972955954,0.21599611236832442,0.28348883033247096,3.9606591993523343,0.055755432577174635,1.9100383212116618,0.0,3.059023205018258e-07,0.20891618859758568,0.16994185395412284,0.16994185395412284,1.6408220547857325e-06,0,5.053281531541999,4.645850585118031,2.1319955754300253e-07,0,0.6543540943592134,0.651170443145066,0.0,0,0.0,0.0,0.0,0.0,0.0,0.0,0.0,0.0,0.0,0.0,7.240730672798288e-05,32.36460786664828,41.765671532072595,49.394146090438596
140,-981.9128160165377,0.3100259479940144,0.19989924597373815,0.20895414450601013,0.28112066152623727,3.717504047981989,0.0488847931067063,2.218544302743767,0.0,3.059023205018258e-07,0.2614066839010146,0.1668609163591891,0.1668609163591891,1.6408220547857325e-06,0,4.961668755253734,4.561624272440524,2.1319955754300253e-07,0,0.6424910713145527,0.6393651376696008,0.0,0,0.0,0.0,0.0,0.0,0.0,0.0,0.0,0.0,0.0,0.0,7.232117680429039e-05,34.94143122910324,41.65548887766438,48.933595024159196
140,-980.0421239767995,0.3095521229958298,0.20136805417824505,0.2042754687700674,0.28480435405585774,3.26923353267185,0.04408992035131062,2.800564837166036,0.0,3.059023205018258e-07,0.2989850394205265,0.1594082984904941,0.1594082984904941,1.6408220547857325e-06,0,4.740062509580534,4.35788547425556,2.1319955754300253e-07,0,0.6137950738153628,0.6108087557823052,0.0,0,0.0,0.0,0.0,0.0,0.0,0.0,0.0,0.0,0.0,0.0,7.719057753336598e-05,36.8337717863624,41.21916502384988,48.252455765993
140,-976.7238050465644,0.3072585173680657,0.20853637264252828,0.1982046928442009,0.28600041714520513,2.3911429474347146,0.03613743556055578,5.261207862252571,0.0,0.003425567610065877,0.34285293738061573,0.14506167676226445,0.14506167676226445,0.01837431921253502,0,4.313460604679266,3.965679202523605,0.0023874598192050217,0,0.5585539990026552,0.5558364472483056,0.0,0,0.0,0.0,0.0,0.0,0.0,0.0,0.0,0.0,0.0,0.0,0.8960888002931231,38.73567140250321,39.94021090370448,46.61299133370446
140,-973.1754011521477,0.29910668172386695,0.20156681244679328,0.19441829878395686,0.30490820704538296,1.712420103361944,0.027763319183394183,13.381256287630329,0.0,3.059023205018258e-07,0.35314258850014685,0.14564150851497565,0.14564150851497565,1.6408220547857325e-06,0,4.330702108283011,3.9815305753604027,2.1319955754300253e-07,0,0.560786617234115,0.5580582030464062,0.0,0,0.0,0.0,0.0,0.0,0.0,0.0,0.0,0.0,0.0,0.0,0.00010402629448241183,38.98649196135213,40.90718635193929,47.771951810250854
140,-969.8472157072232,0.2969961046493445,0.21199621684810546,0.19196548687503973,0.2990421916275103,1.504484403033152,0.027435565290354378,24.451322211509822,0.0,0.00335763563089216,0.3079431563720409,0.14739931426062153,0.14739931426062153,0.018009940513247533,0,4.382971087959487,4.029585263843073,0.002340114418623889,0,0.5675549757049014,0.5647936311926954,0.0,0,0.0,0.0,0.0,0.0,0.0,0.0,0.0,0.0,0.0,0.0,1.0176277257422166,36.24989843198456,40.748283839281896,47.76018201763469
140,-964.8429767393484,0.297754970929204,0.20549402603033398,0.193644755727027,0.30310624731343505,1.6410722587372852,0.0364255212626476,47.39307141384887,0.0,0.007511635661182488,0.19430425907087417,0.16463415263595702,0.16463415263595702,0.040291480758184284,0,4.895455143151126,4.500749265455545,0.005235257440221959,0,0.6339170095071487,0.6308327915365062,0.0,0,0.0,0.0,0.0,0.0,0.0,0.0,0.0,0.0,0.0,0.0,1.9809919517067973,30.816546698293628,42.55348923114009,50.29783113173663
140,-960.9754564759445,0.3062092207538858,0.2093412229010961,0.20055284113340044,0.2838967152116177,2.055617076037513,0.04756622771927103,75.47479079561498,0.0,0.008457340449974,0.1750678671414639,0.15770938777057908,0.15770938777057908,0.04536412379083605,0,4.689544794462498,4.3114408511181,0.005894369284178845,0,0.6072534882102814,0.6042989971759902,0.0,0,0.0,0.0,0.0,0.0,0.0,0.0,0.0,0.0,0.0,0.0,2.3224632160049414,30.05622850044719,42.85423218532347,50.86592753197462
140,-954.9945143825109,0.2981527468923458,0.2105820109220505,0.20561972398499523,0.28564551820060846,3.7498662947580312,0.09057584802930113,295.1904813352985,0.0,0.012966950221931258,0.17912559953764343,0.13958185095724876,0.13958185095724876,0.06955311052413729,0,4.150516033390615,3.815872363712433,0.009037355602476975,0,0.5374541559183537,0.5348392619476608,0.0,0,0.0,0.0,0.0,0.0,0.0,0.0,0.0,0.0,0.0,0.0,3.792199217466882,30.065595983762627,43.61716285886574,51.837481731814165
140,-970.761571997414,0.3912701229323803,0.14367603493753342,0.22936456881263556,0.23568927331745074,3.6805872327271185,0.16776007687938838,1196.387810688949,0.0,0.019138313504722188,0.22852893955394882,0.12597655107868927,0.12597655107868927,0.10265553670346991,0,3.7459575976213118,3.4439322622552875,0.013338506110814831,0,0.48506751028999856,0.48270749484669256,0.0,0,0.0,0.0,0.0,0.0,0.0,0.0,0.0,0.0,0.0,0.0,5.721801172390446,30.72403205518655,45.762238957057335,54.309539808368015
140,-954.4553129453868,0.3112689514610655,0.1997666510348548,0.2094286359270728,0.27953576157700694,3.7388063217867855,0.09986466316892974,368.4444100451045,0.0,0.014013665407764548,0.18664715645263727,0.13733271859674698,0.13733271859674698,0.0751675607812551,0,4.0836372818949105,3.754385845530362,0.009766866951482472,0,0.5287939645964004,0.5262212053488713,0.0,0,0.0,0.0,0.0,0.0,0.0,0.0,0.0,0.0,0.0,0.0,4.103894972048305,30.18794607467988,43.90979043878678,52.18863153882434
140,-953.5517501015723,0.3088962179793656,0.20051991915638687,0.20496043742310655,0.285623425441141,3.8602986824471226,0.10361816023736783,586.1717192105696,0.0,0.012662803181316518,0.20869100396090678,0.13780970856355193,0.13780970856355193,0.06792170357266403,0,4.097820748380082,3.767425741617258,0.008825379392617889,0,0.5306305947759873,0.5280488997092257,0.0,0,0.0,0.0,0.0,0.0,0.0,0.0,0.0,0.0,0.0,0.0,3.723689873598146,31.116399133888194,44.20743935230507,52.46367370801177
140,-952.9099216822451,0.30804950553253324,0.20432622363026975,0.2016019004728661,0.28602237036433087,3.96074500196433,0.10906506924558197,1128.674834947559,0.0,0.006267801315420445,0.2332606047316041,0.14726801503660317,0.14726801503660317,0.033619707808968745,0,4.379066858786979,4.025995820968712,0.004368363290029741,0,0.5670494134621488,0.5642905286791043,0.0,0,0.0,0.0,0.0,0.0,0.0,0.0,0.0,0.0,0.0,0.0,1.9943484106276568,32.35023226332201,45.922122277673125,54.13598633097844
140,-952.7960257094413,0.3048297056079388,0.2018377090160613,0.20310516364376524,0.29022742173223465,3.910949685757435,0.10934521996804548,1695.7088050849045,0.0,0.004392041020519223,0.23509357089917113,0.1485367114159603,0.1485367114159603,0.023558362552364372,0,4.416791997319776,4.060679294634738,0.003061046417527345,0,0.5719344765058599,0.5691518242595655,0.0,0,0.0,0.0,0.0,0.0,0.0,0.0,0.0,0.0,0.0,0.0,1.46223686484345,32.47475453795841,46.27923699749749,54.55419825291109
140,-952.7295044773394,0.30876070552212637,0.20145189900321675,0.1986036769606441,0.2911837185140127,3.9057310489805026,0.1111303155214115,2548.16781438439,0.0,0.003165392287411184,0.22778629513598778,0.14939148924902224,0.14939148924902224,0.016978771095010146,0,4.442209120511508,4.0840471113525005,0.0022061298326178248,0,0.5752257632714061,0.5724270978157535,0.0,0,0.0,0.0,0.0,0.0,0.0,0.0,0.0,0.0,0.0,0.0,1.1007066805715522,32.21371908761243,46.652071806094284,54.9852273264291
140,-952.6704951907541,0.3078005791004869,0.20161256640089917,0.2006126765217831,0.2899741779768308,3.8838242118745936,0.11051168683877387,3281.002111531219,0.0,0.0034239919702274664,0.22573722512885194,0.14837314741401492,0.14837314741401492,0.01836586767613274,0,4.411928363488413,4.056207801024063,0.002386361672202262,0,0.5713046800674167,0.5685250919911384,0.0,0,0.0,0.0,0.0,0.0,0.0,0.0,0.0,0.0,0.0,0.0,1.1964242379695804,32.1264703002149,46.48758996139256,54.82368792792005
140,-952.6044885488856,0.307410390114238,0.20228109271393813,0.20226470862061918,0.2880438085512047,3.865101156258908,0.10904518796477976,5738.255657297414,0.0,0.004342740922471309,0.22403555126684147,0.14709273777938292,0.14709273777938292,0.023293922949397604,0,4.373854927139761,4.021204111751309,0.0030266865634621673,0,0.5663745156177302,0.5636189144381054,0.0,0,0.0,0.0,0.0,0.0,0.0,0.0,0.0,0.0,0.0,0.0,1.4975282738647246,32.03198375514836,46.17424839824217,54.497006602114354
