-6.679738352313353555e-01
-6.726312247855532611e-01
-6.970710162149598155e-01
8.234987807556625183e-01
-2.361082536857700198e+00
3.364722366212128946e-01
-1.649823982415030477e+00
-4.758801823778581741e-01
-6.981951022245764804e-01
-1.287927737573842268e+00
-2.957583049581979484e+00
-2.994871964390150243e+00
-5.551364999408181511e-01
-6.143350665685463063e-01
-1.216923298389004815e+00
-1.147088294573184841e+00
-2.612293931912962996e+00
-1.419042965070249407e+00
-1.360665405249478654e+00
-1.780999240738755818e+00
-8.832958799272503381e-01
-8.288039118755743395e-01
