-6.952301215385640054e-01
-9.035184537626731460e-01
-5.154567029902872299e-01
6.567786690147422446e-01
-2.938797933695987297e+00
-2.205503305885472720e+00
3.364722366212128390e-01
-3.655906419468957669e+00
-1.369885951936278545e-01
-1.061536704476548687e+00
-1.417639133710098864e+00
-2.725640219240792028e+00
-2.788101387618957538e+00
-7.672617634314945478e-01
-8.237411473083853242e-01
-1.445041012543579306e+00
-1.503093927876479219e+00
-2.935127643323919955e+00
-1.633766459138276561e+00
-2.283387254654416498e+00
-1.775980809230534918e+00
-1.121014218447325295e+00
-1.178294093616953031e+00
