-7.066184722470404411e-01
-7.866183979264970150e-01
-5.453184264457489050e-01
5.303878528482547372e-01
-2.226396614593889822e+00
-1.354863888829815899e+00
-1.458647721399012331e+00
1.333727669874848476e-01
-1.103078248899447500e+00
-1.488994055074357670e+00
-3.257906787888831257e+00
-3.307505881151437510e+00
-8.823009817754888795e-01
-3.333525620688342905e-01
-1.486042075685812591e+00
-1.200711141249096503e+00
-3.148234597244860211e+00
-1.103759294026168902e+00
-2.003331485085205976e+00
-1.639551581985102979e+00
-9.624902951960183639e-01
-1.008530505277942524e+00
