-6.516320823598305001e-01
-7.629445714364762043e-01
-5.317593579942568871e-01
6.032036792910457912e-01
-1.929398027332574372e+00
3.364722366212128390e-01
-1.133798796645456575e+00
-4.377312122842596520e-01
-5.303033941284400754e-01
-1.265356096594250079e+00
-3.470763324727573096e+00
-2.680359342389241561e+00
-6.759187508716840709e-01
-5.250510336484172091e-01
-1.013706041753035691e+00
-1.245422777094239875e+00
-2.953481700840323576e+00
-1.202913617520136702e+00
-1.614623870176056020e+00
-1.674530110927324955e+00
-1.064932785130724646e+00
-1.095044968626056825e+00
