-6.849059974738761492e-01
-8.433917189957574889e-01
-5.221978692934715616e-01
7.326112839947163113e-01
-2.125423443968338599e+00
-2.308654025489069728e+00
-2.401476952131607057e+00
-5.987580601887693144e-01
-4.636690130626796025e-01
-3.267795992732608901e-01
-9.723294543479845675e-01
-2.830174223632791808e+00
-3.835654517807757458e+00
-4.103214375959866600e-01
-7.906162318605403083e-01
-1.177047185944571694e+00
-1.207089926249134137e+00
-2.644005117652547199e+00
-1.278404511016689282e+00
-1.609620995775696395e+00
-1.490160512451975006e+00
-1.014600353388407816e+00
-7.806084741499622615e-01
