-7.265580949543617439e-01
-1.097262470385099054e+00
-4.703211882310713854e-01
3.756753873262396182e-01
-2.019370585750702496e+00
-6.316977373416566843e-01
3.364722366212128946e-01
-9.153260259653313025e-01
-1.151283570634179299e+00
-1.145194337522919215e+00
-9.534097072610852042e-01
-3.058967940375939332e+00
-3.525565741516673679e+00
-3.923385871697883109e-01
-9.129278993912259832e-01
-1.072431348854325117e+00
-8.933193205845484375e-01
-3.434364884328543255e+00
-8.725858567764120943e-01
-1.214741857431429262e+00
-9.406101591393029038e-01
-1.032097526553704459e+00
-6.705202907995208017e-01
