-6.649167598439146287e-01
-8.910507490804538966e-01
-5.614694622312683681e-01
5.920326815970669010e-01
-3.656932566429854425e+00
-2.231435513142097093e-01
3.364722366212128946e-01
-2.688528930075801959e+00
-8.443802772177766425e-01
-1.106908193924290185e+00
-1.671567900807970464e+00
-3.208524393207270453e+00
-1.165493871714895846e+01
-1.043657008840292555e+00
-1.193331656212158309e+00
-1.741702752692524614e+00
-1.246797531353896149e+00
-1.361527834232077616e+01
-1.931739994481411760e+00
-2.040697067953431088e+00
-1.992664001124709428e+00
-1.343335828584074187e+00
-8.809435028806426038e-01
