-6.929431857359016345e-01
-8.858985349930228459e-01
-5.266619443906711551e-01
6.606562722155987499e-01
-2.804045839716373223e+00
-1.205860436991817775e+00
-2.765705593839711707e+00
-2.256976792555275280e-01
-9.884109032349766011e-01
-1.341275819972314265e+00
-2.851969582166748562e+00
-3.032875698737983239e+00
-9.128900543812377144e-01
-8.985943860928955473e-01
-1.521595169458398455e+00
-1.664206856310646243e+00
-3.046739766946218619e+00
-1.826313073404369103e+00
-2.463769981045745627e+00
-1.896840745595250954e+00
-1.283095499680639628e+00
-1.357685466977219590e+00
