-6.913144061823066622e-01
-6.285594526008271288e-01
-6.491732818979313313e-01
6.365545367003598853e-01
-1.695188167431256776e+00
-1.232556674788827689e+00
-1.350968329920156030e+00
-1.677797288860943370e+00
-4.491630068873405102e-01
-1.299462243305871789e+00
-2.612889986186534674e+00
-2.449489249712449634e+00
-9.644281939532186598e-01
-1.424357195664796238e+00
-2.848515758762777850e+00
-1.800778088462891002e+00
-1.271769220169735037e+00
-1.557940597685313344e+00
-1.271915548327267720e+00
-1.572976375397473259e+00
