-6.770961988013626254e-01
-8.667826083710278295e-01
-5.098219786054356550e-01
6.530483333259899936e-01
-2.513041356180395258e+00
3.364722366212128946e-01
-1.342188845264292940e+00
-5.985984791179860265e-01
-6.036150430228792718e-01
-1.529281446361207220e+00
-2.995551579995698877e+00
-3.921588614861684974e+00
-8.240078010864819724e-01
-7.564929382172242978e-01
-1.216480103487491915e+00
-7.788023601776364879e-01
-2.901352584524497846e+00
-1.572113883428531089e+00
-1.853533150429526710e+00
-1.884012213577334727e+00
-9.987750747221052494e-01
-7.578994806040756371e-01
