-6.937225896832597272e-01
-6.839714514310702986e-01
-6.332386151385905881e-01
7.306104589670495697e-01
-2.259016705127620206e+00
-7.144815499706080875e-01
-2.187548225977706817e+00
-7.743585394613513584e-01
-6.974296752318691617e-01
-4.277100377720759461e-01
-1.364097676062750786e+00
-3.648565172453253957e+00
-2.881850792493377611e+00
-5.315398259871452202e-01
-4.684456886455803382e-01
-1.172864339537961653e+00
-1.148848032505021877e+00
-5.215289139762682158e-01
-1.430530141635223407e+00
-1.568398616804101531e+00
-1.711788598863447586e+00
