-7.221080521815476105e-01
-8.398084367001197315e-01
-5.630804815828360788e-01
6.072121369121432632e-01
-1.952497152137675718e+00
-1.588942443787946246e+00
-1.380520621594247155e+00
-8.628144458197738453e-01
-5.210141006509682038e-01
-1.742901057526638819e+00
-2.477249730770398006e+00
-2.070482684332794587e+00
-3.808822153999366633e-01
-7.143286170780243083e-01
-1.540977434591383366e+00
-1.196875476433142182e+00
-2.580222166561171093e+00
-1.090336384115566437e+00
-2.387777132077266273e+00
-1.825599375622328990e+00
-5.515285494469209793e-01
-6.537104022827950889e-01
