-6.577190188759830525e-01
-8.660188716958712174e-01
-4.543653941335514812e-01
4.955736782022359677e-01
-1.609718514369097964e+00
-2.231435513142097093e-01
3.364722366212128946e-01
-1.483214226197440366e+00
-9.909462279740743895e-01
-2.990312462683422656e-01
-1.214558252524086557e+00
-2.071002196400313800e+00
-1.045027390609180351e+01
-1.174798161975888711e+00
-8.439474318783072304e-01
-1.357370280997034939e+00
-1.008533339874398083e+00
-1.448271109144994018e+00
-1.033751608638934227e+00
-1.982743576234400562e+00
-1.785752986053031011e+00
3.409085158887854017e-01
-3.892837236470715889e-01
