159,-1272.8610072165877,0.3048218029350105,0.21635220125786164,0.21844863731656183,0.26037735849056604,1.2,0.9,0.0,0.14399999999999996,0.84,0.21600000000000003,0.21600000000000003,1.844335154434103,0,9.060727992778208,8.875115029056898,1.2865672177987064,0,3.6040945911249165,4.00624893617882,0.0,0,0.0,0.0,0.0,0.0,0.0,0.0,0.0,0.0,0.0,0.0,25.32598283460106,39.12153390618932,29.81822388524017,32.74115772042501
159,-1171.014166397426,0.23282825211596078,0.2694841590937746,0.16593271041041038,0.3317548783798543,1.4726954353654536,0.6721081077391509,0.0,0.060165503680732514,0.3508772932200377,0.08099193094611926,0.08099193094611926,0.7705927327958987,0,3.397434518114177,3.327836590612229,0.5375483658192908,0,1.3514008344799588,1.5021936907035123,0.0,0,0.0,0.0,0.0,0.0,0.0,0.0,0.0,0.0,0.0,0.0,24.39330685549683,24.707346032476636,27.05941464619371,30.22963027158785
159,-1136.5883267861045,0.3123133778938621,0.21807694921478912,0.19505053274227774,0.27455914014907107,1.8052563312801002,0.505880482677334,0.0,0.048422581903252514,0.2460395524930585,0.06426465711328305,0.06426465711328305,0.6201907643932865,0,2.69576193357693,2.6405380749226235,0.43263129498539993,0,1.0722958476966704,1.1919454360832724,0.0,0,0.0,0.0,0.0,0.0,0.0,0.0,0.0,0.0,0.0,0.0,24.46734549574492,22.888595577086488,26.748805816802385,30.270794835747324
159,-1111.1457173253393,0.32700858854144904,0.20808216307765218,0.19384853787707307,0.2710607105038257,2.403004524802576,0.3392268801418612,0.0,0.04394836982539765,0.16876947165853418,0.060957387883393985,0.060957387883393985,0.5628855795073046,0,2.557029216489384,2.5046473580368556,0.39265647147951727,0,1.0171119998131655,1.1306040294448463,0.0,0,0.0,0.0,0.0,0.0,0.0,0.0,0.0,0.0,0.0,0.0,24.884030674022295,21.669856916560526,26.7242516956807,30.623677871647548
159,-1082.6442511962719,0.2553622926476493,0.24576866676731113,0.19657294891083807,0.3022960916742014,5.070413755419302,0.11339042452992606,0.0,0.048718897442821464,0.10544495328340048,0.05672605584057902,0.05672605584057902,0.6239859391601762,0,2.379534083678861,2.330788290415943,0.4352787245641065,0,0.9465095881059297,1.052123615115463,0.0,0,0.0,0.0,0.0,0.0,0.0,0.0,0.0,0.0,0.0,0.0,26.82689051873433,20.674137557591514,26.793227099477537,31.27366274816206
159,-1072.753393742371,0.3084604173901861,0.22354533221379275,0.1698039172920365,0.2981903331039847,5.408394441701171,0.10210208663148376,0.0,0.05642205215269167,0.12330024089349166,0.0668781887408,0.0668781887408,0.722647043545303,0,2.8053938742132907,2.7479241574517492,0.5041025184762643,0,1.1159042514117987,1.2404197800759087,0.0,0,0.0,0.0,0.0,0.0,0.0,0.0,0.0,0.0,0.0,0.0,27.244976483167864,21.329441424574938,27.410700447471694,31.565835648620535
159,-1066.5887922673955,0.32387064394383713,0.20428223059815562,0.18996510933047064,0.2818820161275366,6.072071154629894,0.08472720350150394,0.0,0.07136990524385745,0.15481674814151028,0.08344684289765285,0.08344684289765285,0.9140973972908135,0,3.5004127099617057,3.428705229297725,0.637654030723243,0,1.392362570064265,1.5477260443805685,0.0,0,0.0,0.0,0.0,0.0,0.0,0.0,0.0,0.0,0.0,0.0,28.264988953223963,22.646780998064628,28.294713510755052,32.194157709925506
159,-1064.8537066261974,0.31065655113922763,0.21135961515376456,0.19326990723309678,0.284713926473911,6.712815148882025,0.07213200096039186,0.0,0.08286719305850704,0.17681858450179427,0.09395139144328722,0.09395139144328722,1.0613533146325156,0,3.941055566715997,3.860321324995954,0.7403764862504979,0,1.5676375080065335,1.7425586204730985,0.0,0,0.0,0.0,0.0,0.0,0.0,0.0,0.0,0.0,0.0,0.0,29.302522358387886,23.823219603555515,28.960758641924112,32.70187927739972
159,-1064.6642891405472,0.3044919208669578,0.21814435673222263,0.19359270029253114,0.2837710221082884,7.00452296416617,0.06684095354640596,0.0,0.0858820812002229,0.18051473289406572,0.09463265169384276,0.09463265169384276,1.099967649260662,0,3.969632945524218,3.8883132837385674,0.7673129879759264,0,1.5790047597851242,1.7551942600751773,0.0,0,0.0,0.0,0.0,0.0,0.0,0.0,0.0,0.0,0.0,0.0,29.68325285446162,24.100270340040165,29.011457468231644,32.76390605604312
159,-1064.6515342113864,0.3041933430518828,0.21772169805042385,0.19328132229153416,0.28480363660615915,7.062119656221246,0.06556083738831257,0.0,0.08622615380743716,0.18050842992531643,0.09428227611787923,0.09428227611787923,1.1043744909631832,0,3.9549354557597804,3.873916878460566,0.7703871028160957,0,1.5731585249786777,1.7486956870267194,0.0,0,0.0,0.0,0.0,0.0,0.0,0.0,0.0,0.0,0.0,0.0,29.75561104396105,24.12489639888583,29.01216387007286,32.748155322774416
159,-1064.6429357495135,0.30447885334323915,0.21723310965753734,0.19323704253929316,0.2850509944599303,7.075853279593714,0.06427898297487346,0.0,0.0864920996196449,0.18022821893600016,0.09373611931635527,0.09373611931635527,1.1077806938147752,0,3.9320253714078617,3.8514761171761815,0.7727631942306604,0,1.5640455584310917,1.7385658717253665,0.0,0,0.0,0.0,0.0,0.0,0.0,0.0,0.0,0.0,0.0,0.0,29.817936553351146,24.127980143887907,28.991306683138795,32.72149654667374
159,-1064.6325988832189,0.3045847789609458,0.21686097990171915,0.1933299980378084,0.28522424309952665,6.990590713596798,0.06323428001275619,0.0,0.08660137914863637,0.18010552513287478,0.09350414598423841,0.09350414598423841,1.1091803332382404,0,3.9222945970380043,3.841944681962243,0.7737395515888336,0,1.5601749388405008,1.7342633582299267,0.0,0,0.0,0.0,0.0,0.0,0.0,0.0,0.0,0.0,0.0,0.0,29.840287746386625,24.12319558284156,28.978956322134714,32.70791218570085
159,-1064.621727384687,0.3050614828849821,0.21727303572319936,0.1928356337039713,0.2848298476878472,6.7656597233805575,0.061859670443000565,0.0,0.08661412242438495,0.18013842507057856,0.09352430264619359,0.09352430264619359,1.1093435476232802,0,3.923140124960311,3.842772888876382,0.7738534063167882,0,1.5605112653049815,1.734637212885088,0.0,0,0.0,0.0,0.0,0.0,0.0,0.0,0.0,0.0,0.0,0.0,29.83118992742676,24.112957332473883,28.967449300998993,32.707883455494546
159,-1064.6224883387017,0.30360474683180366,0.21666983789250358,0.19403071107958073,0.28569470419611204,6.650291860031707,0.06201841939795891,0.0,0.08638486221480214,0.180152905137232,0.09376804292242982,0.09376804292242982,1.106407209678513,0,3.933364496922631,3.852787810120876,0.7718050822196015,0,1.5645782236902699,1.7391579731738627,0.0,0,0.0,0.0,0.0,0.0,0.0,0.0,0.0,0.0,0.0,0.0,29.78520035003067,24.093375658453954,28.97483196248933,32.711256901809044
159,-1064.6202020978415,0.3044061956444565,0.21700186212121578,0.19337335630557453,0.28521858592875327,6.713586289119029,0.06193093653855976,0.0,0.08651120783458444,0.18014492995607936,0.09363372212149487,0.09363372212149487,1.1080254295963827,0,3.927730032843725,3.8472687704954467,0.7729339164732428,0,1.5623369974304309,1.7366666649986204,0.0,0,0.0,0.0,0.0,0.0,0.0,0.0,0.0,0.0,0.0,0.0,29.810517160780044,24.1041442103826,28.970758584132078,32.70939293462679
159,-1064.6197988999343,0.3043823732449951,0.21719790986708498,0.1932632367326383,0.2851564801552816,6.697672357717987,0.062125560412601324,0.0,0.08648212402484175,0.18024552127780907,0.09376339725296733,0.09376339725296733,1.1076529275635125,0,3.9331696212404825,3.852596926552049,0.7726740673330788,0,1.5645007078005386,1.7390718078574647,0.0,0,0.0,0.0,0.0,0.0,0.0,0.0,0.0,0.0,0.0,0.0,29.799193898443036,24.10474754623725,28.975004306405847,32.71547591034712
159,-1064.6197578907268,0.30435756726991514,0.21730222398710725,0.19327279549708065,0.28506741324589696,6.694484955533102,0.062235684800918,0.0,0.08647031176715902,0.18027016486369152,0.09379985309653245,0.09379985309653245,1.1075016375489466,0,3.9346988642140515,3.854094842316502,0.7725685307809761,0,1.5651089962663163,1.7397479707486698,0.0,0,0.0,0.0,0.0,0.0,0.0,0.0,0.0,0.0,0.0,0.0,29.794739810408593,24.103936483627585,28.97501731613891,32.71712672958073
159,-1064.619756486169,0.30435819888864196,0.21729051291459914,0.19324271815614824,0.28510857004061074,6.694070923885182,0.06224587260254407,0.0,0.08647344971173773,0.18027674171606656,0.09380329200432878,0.09380329200432878,1.1075418279760243,0,3.9348431188813424,3.854236141864033,0.7725965667297694,0,1.5651663765857058,1.7398117537148765,0.0,0,0.0,0.0,0.0,0.0,0.0,0.0,0.0,0.0,0.0,0.0,29.79498507795472,24.10414701205211,28.975477640221918,32.71708193290867
