-6.791914981661071327e-01
-1.144827599935591245e+00
-3.853388208515183266e-01
6.908374196307726089e-01
-3.682504454704756292e+00
-1.537442194697338449e+00
-3.334104982939835704e+00
-1.005258982646744403e+00
-6.010330016620387683e-01
-1.202503020007438028e+00
-3.429818483052867961e+00
-2.113395285418768754e+00
-4.561412160608496191e-01
-1.491311835490452875e+00
-1.936892540460545264e+00
-1.699744269056074231e+00
-3.107211991073780322e+00
-1.488998572996327763e+00
1.831152011962435378e+00
-1.801353679067932534e+00
-1.442201283647162047e+00
-1.051721482885710657e+00
