-7.142913881821476574e-01
-7.898369614585395437e-01
-4.789511373651192394e-01
8.215816137487771398e-01
-2.971851403822701965e+00
-5.114733227988372821e-01
3.364722366212128390e-01
-2.077368178571821655e+00
-8.639239833451031192e-01
-8.796171456126654631e-01
-1.904487116740085084e-01
-3.047904566410229332e+00
-3.140525590995182803e+00
-1.491766826486244701e+00
-1.427725333386387518e+00
-2.539961297751975433e+00
-1.302278378968465544e+00
-2.186189511865327617e+00
-2.025956121292920020e+00
-1.201236565452210581e+00
-9.664286574396615537e-01
