-6.547014783302957941e-01
-8.970233784418597534e-01
-4.814046328561730759e-01
8.173548200231498528e-01
-1.462169922436257430e+00
-2.231435513142097093e-01
-2.134236560508517400e+00
-6.873328817298235416e-01
-1.773904290731459499e-01
-5.701779280002790273e-02
-1.155521967058419808e+00
-2.494355132922009943e+00
-3.129100849192772760e+00
-2.224741767631909506e-01
-9.447678013723682655e-01
-1.291705560649091478e+00
-8.887909764473184149e-01
-2.548603470398510318e+00
-1.063813889758233211e+00
-1.573702205954511157e+00
-1.053804473044986478e+00
-4.786302847153478535e-01
-5.864721994089530099e-01
