-6.562265545383439980e-01
-7.808984904206196509e-01
-5.072207272958549895e-01
3.401660040447296307e-01
-3.380932819762575203e+00
-1.033597374702774729e+01
-1.310993649140595796e+00
-2.524556262594829015e+00
-9.422023942790237472e-01
-1.504778622828988777e+00
-1.619756983308876075e+00
-5.608455955012892069e+00
-2.320895892324140064e+00
-1.343443930294031530e+00
-5.988724182297709975e-01
-2.073757871214049420e+00
-1.706799163214618664e+00
-1.135050992603846609e+01
-1.718423307258207799e+00
-2.058091227672644852e+00
-2.570370728440430241e+00
-8.247473243981819913e-01
9.759715368816221925e-01
