-6.674419145884692428e-01
-7.723377803356434868e-01
-6.388762181566025600e-01
5.654022660396579303e-01
-2.198070493391573343e+00
-2.231435513142097093e-01
3.364722366212128946e-01
-1.764423126506118544e+00
-6.639340621889613381e-01
-7.069494439433344768e-01
-1.102635511868409912e+00
-2.971479361530706687e+00
-4.018541202637881504e+00
-9.276599798412430431e-01
-7.098190227769823890e-01
-1.257763204872713203e+00
-1.287739217712823958e+00
-2.497091591092337470e+00
-1.281919714019695622e+00
-2.121393864524112605e+00
-1.536642084054559376e+00
-5.599754869558545289e-01
-8.074382500894542458e-01
