-7.123510204846208449e-01
-9.539525099125697460e-01
-5.174780798174672958e-01
6.545068291378087766e-01
-2.430151051801217044e+00
-1.140975148553105001e+00
-1.859818229190576044e+00
-1.090943847310998027e+00
-4.913834985215378981e-01
-5.563946018576565455e-01
-1.687627949385538839e+00
-2.737258308819995545e+00
-2.727484571528138613e+00
-3.902561803177004296e-01
-9.508750855088236031e-01
-1.139216558779404531e+00
-1.135661608609855655e+00
-3.101981675082262413e+00
-1.443257540601827538e+00
-2.143815924526224936e+00
-1.786358718759972541e+00
-1.140251182426296639e+00
-9.071209678437092139e-01
