-6.121417609378709823e-01
-7.019532218984477767e-01
-6.136802494081461390e-01
5.784878045599043395e-01
-2.027391988476861862e+00
3.364722366212128946e-01
-1.415592974093538903e+00
-4.074185395407951549e-01
-4.822115890965994467e-01
-1.017543642192130671e+00
-3.622214935111308876e+00
-2.858191322086752084e+00
-4.344551171522725852e-01
-5.223865864625436561e-01
-1.173188686766320377e+00
-1.256562859395434328e+00
-2.582214191752564947e+00
-1.563110652259997346e+00
-1.845922930782244675e+00
-8.022457992294134144e-01
-1.024451247430942402e+00
-7.889476101850256828e-01
