-6.540631370167541148e-01
-8.921319832754447399e-01
-4.811149353467408796e-01
8.410811063802151599e-01
-1.476645679831821711e+00
-1.887250643518155524e+00
-4.421016204242369518e-01
-2.769668098130890765e-01
-4.322365506534178725e-02
-1.324322729424025624e+00
-2.445095212696230202e+00
-3.261560972896989874e+00
-2.409503700598798759e-01
-9.947837738334635027e-01
-1.312450471988471090e+00
-9.208784023014152664e-01
-2.573094349279164028e+00
-1.088308394705198356e+00
-1.628276304359007165e+00
-1.080893675813110688e+00
-5.054040286587364594e-01
-6.404675797508709856e-01
