-7.065148241483961700e-01
-7.879377847719740702e-01
-5.404432080827574758e-01
5.109426275539417084e-01
-2.246200754675613531e+00
-2.231435513142097093e-01
-1.859662862003895967e+00
-1.736341510998831605e+00
1.861661268769093935e-01
-1.041887621558729160e+00
-1.516919868226467072e+00
-3.104201973377789248e+00
-3.407793135787562822e+00
-8.357604259184159279e-01
-3.061893098378347666e-01
-1.454598072299363221e+00
-1.154224271473007546e+00
-3.099692587739368843e+00
-1.062849487324337039e+00
-1.971017861744396971e+00
-1.592493425353302072e+00
-9.145915125282008118e-01
-9.709713954175206441e-01
