-6.618993396922198125e-01
-9.768231835859545464e-01
-4.787077165750847074e-01
9.572525651685866999e-01
-5.973013785637850681e+00
3.364722366212128946e-01
-3.758360706010785535e+00
-4.290499478044346726e-01
-1.028716929788303203e+00
-1.179132172733434070e+00
-3.967100723325416300e+00
-3.431071401018689571e+00
-7.007021806899008665e-01
-9.139719575489205772e-01
-1.806070255212196551e+00
-1.680909132083356239e+00
-3.421476977112231754e+00
-1.805870857334095358e+00
-2.089640823741556908e+00
-1.806539493636506899e+00
-1.253939726557876222e+00
-1.234621166333362385e+00
