-6.857209270647411925e-01
-7.821915966307815271e-01
-5.213371805298665507e-01
5.516588741893181380e-01
-2.447468559195076665e+00
-7.087955409070035850e-01
-1.641862479975888744e+00
-9.032818292445606856e-01
-1.384649242090184806e+00
-7.711911397037858329e-01
-1.321460193992930243e+00
-3.350781965119245864e+00
-3.801127332045649787e+00
-6.965899062181313273e-01
-4.988508059923391635e-01
-1.490445113742065786e+00
-1.407439541607891531e+00
-1.072645649520080013e+00
-1.491915906819368365e+00
-2.443549963948524084e+00
-1.921402641703050973e+00
