-6.551068879204376971e-01
-7.479941889386586551e-01
-6.172370843575056831e-01
6.975052141795644589e-01
-2.104811692958553415e+00
-1.032071215538501008e+00
-2.068131652968546064e+00
-7.338631675295224088e-01
-5.905962601484940899e-01
-1.166219077153482386e+00
-1.597069050502101240e-01
-3.352639681848188946e+00
-2.394629405926692822e+00
-1.290952877742906013e+00
-1.261660325354139633e+00
-2.567620172588289673e+00
-1.591338589064630771e+00
-1.844693757660183175e+00
-1.812148011937845027e+00
-1.049095912136657427e+00
-8.562803133952963108e-01
