-6.464469652186519699e-01
-7.351478541997462646e-01
-6.460811678908436884e-01
5.669635749801632540e-01
-3.071550239702010021e+00
3.364722366212128946e-01
-1.284124770928146475e+00
-4.378966299727367617e-01
-8.953356443701984135e-01
-8.264238207224405830e-01
-2.405051157981017429e+00
-3.395872156919680140e+00
-1.345604393188178927e+00
-1.459093358575541233e+00
-3.541214859623991185e+00
-1.460910948060964776e+00
-1.586349571066500541e+00
-1.661629780037703341e+00
-1.102395347732508135e+00
-8.768560622983865294e-01
