-6.802211745795744280e-01
-1.146223608461153676e+00
-3.847127356680518084e-01
6.860130148728786903e-01
-3.703908201660861543e+00
-2.565533644646151412e+00
-1.746072665771004839e+00
-3.458819223510494201e+00
-9.820087592199462367e-01
-6.250059727136314525e-01
-1.203027258835791313e+00
-3.586834379066271339e+00
-2.039552185195264933e+00
-4.285616781038011358e-01
-1.478477137711081912e+00
-1.932073334491776428e+00
-1.675860855574103692e+00
-3.111757259720393076e+00
-1.471277032616246316e+00
1.835459951244553300e+00
-1.800013542705579450e+00
-1.410728652078161227e+00
-1.038982824514107506e+00
