-6.285909371692572911e-01
-6.656828359850456289e-01
-6.281579168696564963e-01
4.552833095124295681e-01
-1.496403993265213339e+00
-2.231435513142096816e-01
-1.988647326406140170e+00
-9.574422451284492208e-01
1.671822877640034566e-01
-9.362654426710508015e-02
-1.070548244635049828e+00
-2.976212895450530915e+00
-3.299839141259305553e+00
-2.157929452257899283e-01
-9.518563563043823395e-02
-8.926362920639594467e-01
-8.154847992959017855e-01
-1.838842943390629925e+00
-1.099174036297135837e+00
-1.123384470200718743e+00
-1.039302363418482367e+00
-7.122196495638978275e-01
-5.405200656310119589e-01
