-6.833154033158348462e-01
-8.127494508085429947e-01
-4.418180331612997502e-01
7.413865781345997386e-01
-2.442412280661490520e+00
-2.701313119432288801e+00
-3.639514791171361452e+00
-1.026967777818427630e+00
-1.086894169483007433e+00
-5.868851466254475513e-01
-6.562498555325333438e-01
-2.566812943328883545e+00
-3.259232229149959359e+00
-3.313915779441750087e-01
-7.854325785290494633e-03
-1.026799608841826084e+00
-1.270990234191721191e+00
-2.204805348737011617e+00
-1.462615249172788623e+00
-2.142939094223930585e+00
-1.547555448155585545e+00
-4.854878709170095674e-01
-7.974574944080771166e-01
