-6.977906842990200253e-01
-8.447992954837707513e-01
-5.519485898451506056e-01
6.423065486685199943e-01
-3.191316634772676242e+00
-1.005339367208243767e-01
-1.636337740826799392e+00
-1.183488885934779633e+00
-5.106480606024335067e-01
-1.158648720193042214e+00
-1.374249600658643988e+00
-3.591619013436814001e+00
-3.439616433315316524e+00
-8.017879967823390297e-01
-1.020168366309790020e+00
-1.477267963702540765e+00
-1.485089966281861962e+00
-3.058771182270134226e+00
-1.738657439370299818e+00
-2.313908533812160773e+00
-2.158914649418194109e+00
-1.375659071089621044e+00
-1.100290025375575853e+00
