-6.813708110485350300e-01
-7.990133787659334796e-01
-5.128083877134853585e-01
4.150496822128313945e-01
-2.698243753966947267e+00
-1.018983502125142548e+00
-1.717220767039362661e+00
-2.232400077961463225e+00
-6.603742037663420383e-01
4.300916246334455378e-02
-3.160539276924111629e+00
-4.289941584369909577e+00
-2.929089461885843182e+00
-1.031008092087783323e+00
-2.521319526405940148e-01
-1.824291910458588406e+00
-1.537205285246782127e+00
-3.273304547951103594e+00
-1.519936020173842328e+00
-5.305126587518889103e+00
-8.383584246676129004e-01
-1.493019127416960634e+00
-1.686096511287227040e+00
