-6.801423074375265720e-01
-8.764001479053693533e-01
-4.055809792972389638e-01
6.651588302941642272e-01
-2.591182899829576947e+00
3.364722366212128946e-01
-1.084641755375528094e+00
-5.155195920899073858e-01
-3.617380091282079158e-01
-1.279579306192564436e+00
-3.025516008137084878e+00
-2.350772715529975354e+00
-7.016627642544311927e-01
-3.707455798520101209e-01
-1.527675001303446800e+00
-1.193248319740601193e+00
-2.080354363135836326e+00
-1.600865813450702557e+00
-1.825325573193213868e+00
-1.924331586474776978e+00
-7.430533346275183249e-01
-1.414915607478565152e+00
