-6.533994650449959085e-01
-8.609163260139470752e-01
-5.255950603642113306e-01
5.434482429982141483e-01
-2.115608411500374153e+00
-2.231435513142096816e-01
3.364722366212128390e-01
-2.558464407066244561e+00
-2.353352788526995032e-01
-5.372057298144494730e-01
-1.922089910847680327e+00
-3.302773932603758844e+00
-3.995956109074065843e+00
-2.277891587122730654e-01
-6.644649049054874856e-01
-9.523144196198009004e-01
-1.141658966556310384e+00
-2.491287412521557165e+00
-1.133744551498526265e+00
-1.790697442773692805e+00
-1.200732262792047811e+00
-1.038781800618300721e+00
-1.063363193826463826e+00
