-6.853951466309332607e-01
-7.808678401415494186e-01
-4.899953761842311684e-01
7.139154083055683220e-01
-2.195267630921622803e+00
-7.195071699831219192e-01
3.364722366212128390e-01
-1.150857399969720918e+00
-6.681302943455070809e-01
-4.926381974097424066e-02
-1.167666916456571613e+00
-3.063779581601425495e+00
-2.826816927896071530e+00
-5.377047707054994907e-01
-2.016055615267374757e-01
-1.443664060020998674e+00
-7.353436089663840658e-01
-2.746290850223814139e+00
-1.030788928595814280e+00
-1.614439837652083876e+00
-1.443254710039670874e+00
-9.291990809455853428e-01
-6.332895505961709803e-01
