-6.855061441959131585e-01
-6.660962668317450541e-01
-5.074096266341586725e-01
7.139639123301398937e-01
-2.799307062262348822e+00
3.364722366212128390e-01
-2.506550823003647288e+00
-3.251549002083446438e-01
-4.474105530236291983e-01
-1.948089047742601387e+00
-4.471523999020003082e+00
-4.011551679610454890e+00
-1.763028239156099741e-01
-1.182725191324087710e+00
-1.107420688423288002e+00
-1.588131673492028995e+00
-2.732308424002818814e+00
-1.337232638322698453e+00
-1.404197517582622234e+00
-1.365357375596017997e+00
