-6.030059045103459692e-01
-7.825636193364949866e-01
-6.246107271443458453e-01
6.042525408517145369e-01
-4.287112749794180111e+00
-1.713139624646619286e+00
3.364722366212128390e-01
-3.242283061473456129e+00
-3.377365972545103290e-01
-7.457005551939249743e-01
-5.848155451599533761e-01
-7.033701330654694495e+00
-4.199681339389337964e+00
-1.304324353508830692e+00
-1.572759796423711887e+00
-3.793498885722549119e+00
-1.502098292287603387e+00
-2.452003404736339931e+00
-1.730662466578767322e+00
-9.789793220547526875e-01
-1.154586638413214184e+00
