-6.889222306416877828e-01
-8.410354082823158217e-01
-5.258742104724176691e-01
6.245104209040907017e-01
-2.127886314218482955e+00
3.364722366212128946e-01
-1.823231274670322311e+00
-3.645196490221447316e-01
-1.020007139620831671e+00
-2.205675050414391158e+00
-4.371674204964390853e+00
-2.269013881431803270e+00
-5.565731309445270947e-01
-7.286247028203858278e-01
-1.135060586777633329e+00
-1.017448825082234665e+00
-2.627647380902035312e+00
-1.391057998850804944e+00
-6.705777263189047765e-01
-1.490660721943068534e+00
-9.560591604421474488e-01
-8.927328829242121566e-01
