-6.406951373868059463e-01
-8.142540708969961960e-01
-6.131897780420326738e-01
6.798710149620826870e-01
-3.400599873062338574e+00
-1.551833878490555874e+00
3.364722366212128946e-01
-1.787963229590615155e+00
-4.298032110612846624e-01
-1.110027945801201232e+00
-8.204928327922144105e-01
-3.157875594388520835e+00
-2.880000737839005343e+00
-8.526597482860923671e-01
1.279139950819217830e+00
-1.032002870289554286e+00
-1.135726027383349379e+00
-4.264800339045933697e+00
-1.324788410681089879e+00
-9.716719802991350408e-01
-9.719826142956249360e-01
