-6.583777996609003758e-01
-8.021025279346404302e-01
-5.980391126808585200e-01
7.225892387154261298e-01
-3.501819461445530912e+00
-1.471914035001857579e+00
-9.263038200863301652e-01
-6.117664120940065065e-01
-8.371628638138730594e-01
-1.967280598436704553e+00
-2.224774959862726220e+00
-3.797072993770290505e+00
-6.466098788815136666e-01
1.560049491525198784e+00
-1.374292145699653522e+00
-1.635040801463385041e+00
-4.691390393365018063e+00
-1.662005423515361180e+00
-2.087124379173371569e+00
-2.201154859326479585e+00
-1.892497134719631324e+00
-1.262024208153726956e+00
