-6.775191711782675430e-01
-8.545474015984886318e-01
-4.607444421499563569e-01
8.412935251784505741e-01
-2.653348936993364049e+00
-2.231435513142097093e-01
3.364722366212128946e-01
-1.587365126252444858e+00
-3.917069127308294707e-01
-3.630177634836956879e-01
-8.422198011447880051e-01
-3.432244641280366881e+00
-2.490368688465208535e+00
-1.032013662434991819e+00
-6.561735144724765156e-01
-1.090514198028759818e+00
-1.184542113576310118e+00
-3.420510422511277682e+00
-1.325713624705104454e+00
-1.776541503840046499e+00
-1.491362732934614854e+00
-9.901043093183482524e-01
-9.788791949080607457e-01
