-7.395134421429541138e-01
-6.899767767414625164e-01
-5.745179278747652996e-01
8.131339702723996421e-01
-2.786258696398273838e+00
-2.231435513142097093e-01
3.364722366212128946e-01
-2.233964304811570933e+00
-1.487896730977950499e+00
-1.102964708480189238e+00
-2.154447466901460384e+00
-3.132183723770618489e+00
-3.556299882844189408e+00
-1.325069564950803525e+00
-2.578896516621104418e+00
-1.338802648838821829e+00
-1.093719793818463515e+00
-3.892812472039434368e+00
-1.943909808482243928e+00
-2.136161024340659687e+00
-1.955105112111428678e+00
-2.149651832998269896e+00
-1.103579739123582204e+00
