-6.533141510093741777e-01
-7.325571198147837748e-01
-6.574179137716719135e-01
5.690509437045829788e-01
-3.154519996584856933e+00
-2.231435513142096816e-01
3.364722366212128390e-01
-1.439761195065537347e+00
-3.069867519537092249e-01
-9.828659238545572885e-01
-7.420432341896923134e+00
-2.405927545447430038e+00
-3.409438664387132611e+00
-6.271095245651556738e-01
-6.121622780429563093e-01
-1.341165950328340406e+00
-1.448536121165146406e+00
-3.531151607665798497e+00
-1.468388391913183932e+00
-1.596941703288822012e+00
-1.644458011926112517e+00
-1.100829029453910257e+00
-8.679805816531959151e-01
