-6.814319322241161325e-01
-6.751202391715207529e-01
-5.603352168372460751e-01
4.742747654430106707e-01
-3.042568238944507453e+00
-1.392086041869424307e+00
-7.200176137917645436e-01
9.980950013868639115e-01
-1.093389400787118770e+00
-4.546731561211697636e-01
-3.404572000740522242e+00
-2.834269847522373098e+00
-1.449930718870270807e+00
-1.140321559823563424e+00
-3.857189995690629480e+00
-1.709475061062085688e+00
-1.843657818064293741e+00
-2.372627536493978173e+00
-1.192484687386718534e+00
-1.165292034096236939e+00
