-6.824504912414417479e-01
-7.346099585456832282e-01
-6.593660599935183830e-01
5.638503696518812891e-01
-2.544240012192177769e+00
3.364722366212128390e-01
-2.644712710782167520e+00
-8.422568731518412788e-01
-1.357981643532073068e+00
-1.593432312539261986e+00
-3.693930378648290436e+00
-3.736128425584805957e+00
-1.267078414801787289e+00
-1.401060991697845148e+00
-1.430696447219657497e+00
-1.592407949462951500e+00
-2.746252677162105638e+00
-1.478191754167462513e+00
-2.184938193939164996e+00
-1.937998525176819697e+00
-1.567558043008801416e+00
-1.040823681671986245e+00
