-6.689722408754550376e-01
-7.164250946081357485e-01
-5.914171893370293587e-01
5.012962279323569526e-01
-2.095473289007248940e+00
3.364722366212128946e-01
-1.746095268865645034e+00
-3.380590188173935862e-01
-3.433476866119480331e-01
-1.343692329582163003e+00
-2.948137829750388850e+00
-2.864067738709199062e+00
-5.466421552375271276e-01
-2.935558153472354048e-01
-9.545279003627292758e-01
-1.214358867194630376e+00
-2.777360029137151631e+00
-9.591815709152629044e-01
-1.914144638117058150e+00
-1.597948266470967438e+00
-9.895240726796580288e-01
-6.193842373140354685e-01
