-7.147590281635796128e-01
-7.511495050774367188e-01
-4.854187382635943848e-01
4.719042790436506762e-01
-2.332379479997788607e+00
3.364722366212128390e-01
-2.484962787234374915e+00
-7.089524911356259729e-01
-1.033522537522879370e+00
-7.276878366043132429e-01
-4.049824394837466812e+00
-2.626159772658217761e+00
-1.259450383211840441e+00
5.263337847440797690e-01
-1.892601340906880925e+00
-1.844940610647716639e+00
-1.243893709286718163e+00
-1.638569990258640807e+00
-3.868665473049072157e-01
-1.153980519297363116e+00
