-6.812361418749980357e-01
-7.438870023984525126e-01
-5.233468072182062558e-01
5.769930351009796565e-01
-3.016621421595975239e+00
-2.231435513142097093e-01
3.364722366212128946e-01
-2.519976911331784031e+00
-7.015902838882178694e-01
-6.727916501609222388e-01
-2.441380458771599482e+00
-5.312631323104366032e+00
-3.426303558393997140e+00
-8.045965712775875467e-01
-1.035816541111974631e+00
-1.317731534251305403e+00
-1.689612060173727226e+00
-3.776911452225254706e+00
-1.652516083656216717e+00
-1.566760542468509154e+00
-2.513673469468360011e+00
-1.208787856945331196e+00
-1.330319817099004265e+00
