-6.829330975261049819e-01
-7.902745607024205254e-01
-5.333556151199536632e-01
5.988635045472955332e-01
-2.962920156412610861e+00
-2.248710131532258849e+00
3.364722366212128390e-01
-2.465218514763114932e+00
-4.513547070558299734e-01
-1.057334450471661302e+00
-1.873672553278262543e+00
-3.310818361426686618e+00
-3.697879773156384164e+00
-7.479962774651859325e-01
-9.033053683447660465e-01
-1.447485826769953299e+00
-1.367091696545607915e+00
-2.586559422622482618e+00
-1.596770162926186565e+00
-2.201951490396409916e+00
-1.564347917603345239e+00
-1.004108815238639929e+00
-1.178923817565589172e+00
