134,-1042.5642868243362,0.2930348258706468,0.19999999999999998,0.22089552238805976,0.28606965174129345,1.2,0.9,1.0,0.0,0.144,0.84,0.21599999999999997,0.21599999999999997,1.9196817997913715,0,9.405587209565704,9.181848574061577,0.32420938005895483,0,0.9787160069750133,0.9678583691891587,0.0,0,0.0,0.0,0.0,0.0,0.0,0.0,0.0,0.0,0.0,0.0,16.408707804612163,27.556392442728836,28.18770393631431,24.650826438474
134,-944.1732566696185,0.23628954476507352,0.24249966738094011,0.17698713672230848,0.34422365113167785,1.469504896031084,0.670511194348503,1.0078432361840703,0.0,0.059463797730300985,0.34691905012911745,0.07892469864760704,0.07892469864760704,0.7927192378425991,0,3.4367274820312987,3.3549751469248634,0.13388000693119423,0,0.3576151199633898,0.3536478246380498,0.0,0,0.0,0.0,0.0,0.0,0.0,0.0,0.0,0.0,0.0,0.0,15.500255255161772,15.719496097104573,26.09417295689515,22.35110673812119
134,-911.3455184594169,0.30991055980347615,0.19811192464826294,0.21055111325660672,0.2814264022916542,1.8727339365663027,0.477734960685794,1.0091559272592108,0.0,0.04256255259970796,0.22276413351533914,0.061723415461790034,0.061723415461790034,0.5674066498494604,0,2.6877081805468634,2.6237733992779964,0.0958276305005415,0,0.2796745125815877,0.27657187143348616,0.0,0,0.0,0.0,0.0,0.0,0.0,0.0,0.0,0.0,0.0,0.0,15.396679164520997,14.162651767685695,25.953819883724275,22.39963641640123
134,-881.2993955112081,0.312129358279572,0.1988410669739532,0.19926885828667504,0.2897607164597997,2.730293852404138,0.28302633588002507,1.00946870769299,0.0,0.031015310233660987,0.12685259369552498,0.05615023719650932,0.05615023719650932,0.4134689345169588,0,2.445027559210966,2.3868656265555024,0.0698295451610513,0,0.25442192564660865,0.2515994305675831,0.0,0,0.0,0.0,0.0,0.0,0.0,0.0,0.0,0.0,0.0,0.0,15.409406846389318,13.120610097227935,26.281798754058393,22.607182178223905
134,-855.8593641542191,0.23646489913376892,0.20021945730929672,0.24494782511036461,0.31836781844656975,5.15191365056478,0.11434644332453066,1.0044791131039466,0.0,0.03413473021982526,0.0948299067447693,0.060695176524944036,0.060695176524944036,0.45505430794296575,0,2.6429341481728996,2.5800644445739502,0.07685277585450846,0,0.2750154667182259,0.271964511893891,0.0,0,0.0,0.0,0.0,0.0,0.0,0.0,0.0,0.0,0.0,0.0,16.04309068248488,12.959238133866814,26.99157678532485,23.007764940202108
134,-841.4921369750934,0.2951274580887305,0.20724036411032948,0.16806348104124372,0.3295686967596963,7.910868877299636,0.06163998056184506,0.9987064180377931,0.0,0.038543660130245176,0.10780703876042241,0.06926337863017726,0.06926337863017726,0.513830297565111,0,3.016031241367138,2.944286362547131,0.08677927886131837,0,0.3138387840857665,0.3103571328034009,0.0,0,0.0,0.0,0.0,0.0,0.0,0.0,0.0,0.0,0.0,0.0,16.269313445694724,13.492655203645667,27.856767254546448,23.674906836988075
134,-834.9346319358364,0.2950391209544213,0.19734198918492907,0.19545136445052588,0.31216752541012366,10.319901364826453,0.041764947514765824,0.9943453956756048,0.0,0.04612231316007722,0.1266111219041349,0.0804888087440577,0.0804888087440577,0.6148622579005437,0,3.504835694612451,3.4214632120117656,0.10384226775356675,0,0.3647022476859245,0.3606563294861194,0.0,0,0.0,0.0,0.0,0.0,0.0,0.0,0.0,0.0,0.0,0.0,16.673909449946002,14.384293039434773,28.429513080212605,24.37253913176084
134,-833.0854407513873,0.3016404375542732,0.19567149871240228,0.2010787042226527,0.3016093595106718,13.625189947780278,0.02766368228827187,0.9894895214567215,0.0,0.05512878252707368,0.14924441529219354,0.09411563276511989,0.09411563276511989,0.7349286143186106,0,4.09820736923979,4.000719854172774,0.12411991948963542,0,0.4264466495083559,0.42171575390395694,0.0,0,0.0,0.0,0.0,0.0,0.0,0.0,0.0,0.0,0.0,0.0,17.243476366413496,15.572971990265234,29.234628723577497,25.356892607484806
134,-832.9581549437714,0.29606849735225677,0.19938139546281156,0.20349307430962926,0.30105703287530244,14.370787016069707,0.025161115348554662,0.987523255754714,0.0,0.055626840201718535,0.14986439253589856,0.09423755233418003,0.09423755233418003,0.7415682827440421,0,4.103516281921956,4.0059024792715014,0.12524127344748412,0,0.4269990783685534,0.4222620542524884,0.0,0,0.0,0.0,0.0,0.0,0.0,0.0,0.0,0.0,0.0,0.0,17.302977273198152,15.669679794988067,29.202191498045345,25.392294030130707
134,-832.9033638404328,0.29584348915135916,0.19936039204433026,0.20326727941357645,0.3015288393907341,15.018236605846457,0.023194414934288293,0.9858264667709612,0.0,0.055269772241730575,0.14871030175336658,0.09344052951163599,0.09344052951163599,0.7368081656323926,0,4.068810413100419,3.972022188222101,0.12443735135063265,0,0.4233876941354596,0.41869073383936795,0.0,0,0.0,0.0,0.0,0.0,0.0,0.0,0.0,0.0,0.0,0.0,17.309713217434926,15.659510283243629,29.188100839918924,25.370063893577868
134,-832.8641191296108,0.29620521919642046,0.196517511605618,0.20335409642098745,0.30392317277697417,15.200114355197284,0.021415419125080035,0.9818474556887842,0.0,0.05438981732510847,0.1472268442763621,0.09283702695125365,0.09283702695125365,0.7250773778679732,0,4.042531265124158,3.946368164502244,0.12245617330898069,0,0.42065316813501236,0.41598654400652935,0.0,0,0.0,0.0,0.0,0.0,0.0,0.0,0.0,0.0,0.0,0.0,17.255778088398063,15.613531903202752,29.23216025914635,25.348522472978495
134,-832.8395989739028,0.29762185718755135,0.19732080215734116,0.20254538210043,0.3025119585546775,15.1399583569583,0.020210624978221705,0.9778945133331003,0.0,0.05352860180083629,0.14555283364417085,0.09202423184333455,0.09202423184333455,0.7135964072593407,0,4.007138601832299,3.911817416341822,0.12051718614772075,0,0.41697031821597813,0.4123445507304391,0.0,0,0.0,0.0,0.0,0.0,0.0,0.0,0.0,0.0,0.0,0.0,17.18879059311146,15.55607808764422,29.190311604274022,25.3276003021957
134,-832.8153682318647,0.2978772817481807,0.197463399641936,0.20223460210377445,0.30242471650610886,14.702627746354828,0.01948887262884011,0.9731229894716426,0.0,0.05321356011464125,0.14515762857158857,0.0919440684569473,0.0919440684569473,0.7093965475984781,0,4.003647936454154,3.9084097863650085,0.11980788427429005,0,0.41660709048713307,0.41198535256183977,0.0,0,0.0,0.0,0.0,0.0,0.0,0.0,0.0,0.0,0.0,0.0,17.153994015274755,15.53767973392402,29.18780499177238,25.32618593511384
134,-832.7740211348498,0.29697024141219286,0.19809262094599436,0.201764083504951,0.30317305413686174,13.214915540265157,0.018133667048364374,0.9566797614374978,0.0,0.0545534646646562,0.1461831882212977,0.09162972355664149,0.09162972355664149,0.7272589807798765,0,3.989959981020318,3.8950474378713213,0.12282461777080755,0,0.41518276462768744,0.41057682782770594,0.0,0,0.0,0.0,0.0,0.0,0.0,0.0,0.0,0.0,0.0,0.0,17.295488219008632,15.543392003509737,29.104517314851392,25.236176308710647
134,-832.787507395331,0.29840941829274187,0.1972208568158201,0.20422783298372923,0.30014189190770885,12.736786209658012,0.01823794590670926,0.9482868028648695,0.0,0.052932189636603046,0.14637101518873658,0.09343882555213354,0.09343882555213354,0.7056455629756411,0,4.068736215231428,3.9719497553603977,0.11917439157809798,0,0.42337997333712496,0.4186830986936957,0.0,0,0.0,0.0,0.0,0.0,0.0,0.0,0.0,0.0,0.0,0.0,17.04383495845924,15.560477185335452,29.23727808116622,25.413916156018956
134,-832.7708273181737,0.29740792042682,0.1978292015517026,0.20251213019104894,0.30225074783042843,13.067392598521845,0.018165370155201855,0.9541151812288635,0.0,0.054063292394699355,0.14624038031069103,0.09217708791599169,0.09217708791599169,0.720724433659053,0,4.013794625544746,3.918315107604616,0.12172101743910756,0,0.41766292323946363,0.4130294721619326,0.0,0,0.0,0.0,0.0,0.0,0.0,0.0,0.0,0.0,0.0,0.0,17.219645984671423,15.548613585958059,29.144182557994014,25.289529489669214
134,-832.7694531233094,0.296889529622153,0.19799599993655775,0.20260638387057114,0.3025080865707181,13.03400062047536,0.018346557489074794,0.9538630423683615,0.0,0.05421560005245515,0.14667736684001262,0.09246176678755746,0.09246176678755746,0.7227548658712936,0,4.026190791994897,3.930416395988652,0.12206393112868559,0,0.41895282957487573,0.4143050685896004,0.0,0,0.0,0.0,0.0,0.0,0.0,0.0,0.0,0.0,0.0,0.0,17.225317392014986,15.565558850554357,29.156889770178644,25.30267876458617
134,-832.769231871853,0.29666588559361035,0.1980753378323628,0.2026364710806293,0.3026223054933976,13.032514313545837,0.018431482426464675,0.9532410948689194,0.0,0.05427753100390566,0.14689627917920725,0.0926187481753016,0.0926187481753016,0.7235804750403443,0,4.033026450016684,3.9370894484479697,0.1222033658187983,0,0.41966412678312726,0.4150084748392999,0.0,0,0.0,0.0,0.0,0.0,0.0,0.0,0.0,0.0,0.0,0.0,17.226434298805927,15.574800983991226,29.16518529235829,25.31134931700112
134,-832.7691473170762,0.29661922222910236,0.1980934898639733,0.20263998927560042,0.30264729863132395,13.03196654706607,0.018444349210689936,0.9523428967604608,0.0,0.05428744635015176,0.14694002651057556,0.09265258016042378,0.09265258016042378,0.7237126577467837,0,4.034499643009922,3.9385275973570057,0.12222568976504496,0,0.4198174226413996,0.41516007007053507,0.0,0,0.0,0.0,0.0,0.0,0.0,0.0,0.0,0.0,0.0,0.0,17.226351548604658,15.576714313653575,29.167101520126497,25.313338616387096
134,-832.768346647253,0.2963229098053698,0.19820858626709034,0.20266310030285944,0.3028054036246804,13.029942464687252,0.01851463479868658,0.9414016984290953,0.0,0.054347754918782985,0.14721728824318384,0.09286953332440084,0.09286953332440084,0.7245166387299284,0,4.043946735158892,3.947749963557473,0.12236147173482394,0,0.4208004575226414,0.4161321994014483,0.0,0,0.0,0.0,0.0,0.0,0.0,0.0,0.0,0.0,0.0,0.0,17.22575702611974,15.588985089476878,29.179626435744506,25.32630340691729
134,-832.7668289096779,0.29599669502830156,0.19833795043564492,0.20268023319889017,0.30298512133716343,13.028987605493375,0.018586824657213185,0.9177996321206676,0.0,0.05443077016611139,0.14756027506416983,0.09312950489805842,0.09312950489805842,0.7256233252535501,0,4.05526703751095,3.958800980330086,0.12254837674782243,0,0.4219784128027208,0.4172970867316139,0.0,0,0.0,0.0,0.0,0.0,0.0,0.0,0.0,0.0,0.0,0.0,17.226793736990555,15.604065635562412,29.19470828001748,25.34177125501465
134,-832.7620946284821,0.2953296710476148,0.19861176294869826,0.2027370172833234,0.30332154872036365,13.032120198191823,0.018697379567745386,0.843102569405383,0.0,0.05461561546734195,0.1482652729718691,0.09364965750452715,0.09364965750452715,0.7280875208129199,0,4.077916762985137,3.9809119176819348,0.12296454744586945,0,0.4243352724417056,0.4196277999419209,0.0,0,0.0,0.0,0.0,0.0,0.0,0.0,0.0,0.0,0.0,0.0,17.23271230987724,15.635078801933417,29.224932909184385,25.372998580111727
134,-832.7490475031609,0.2941578251015667,0.1990703832559799,0.20283190031998913,0.30393989132246424,13.04549442086222,0.018831298902281277,0.6624704589985552,0.0,0.055001777699770826,0.14962121392852007,0.09461943622874923,0.09461943622874923,0.7332354972668124,0,4.120145181340008,4.022135813034498,0.1238339739596052,0,0.428729429666798,0.42397320945349465,0.0,0,0.0,0.0,0.0,0.0,0.0,0.0,0.0,0.0,0.0,0.0,17.254869047620957,15.693838933814046,29.285798024518428,25.434115132070666
134,-832.7091922132029,0.29133107077321896,0.20015693235637766,0.20309285118719475,0.3054191456832087,13.111305359172917,0.018993689959869393,0.29257590031904873,0.0,0.05605903556859395,0.1530730669490076,0.09701403138041363,0.09701403138041363,0.7473299326033815,0,4.224416355092706,4.123926600436186,0.12621434144719962,0,0.4395795620980883,0.43470297314959727,0.0,0,0.0,0.0,0.0,0.0,0.0,0.0,0.0,0.0,0.0,0.0,17.354502568497963,15.840095760611682,29.470342469679434,25.61508624409244
134,-832.6737306224869,0.28845299121296025,0.20120888045966515,0.20336714569018582,0.30697098263718875,13.270954720978427,0.018904659282861315,0.08514184392172038,0.0,0.05736347414861542,0.1567635385690181,0.09940006442040271,0.09940006442040271,0.7647195645548602,0,4.328314696956236,4.225353424815295,0.12915122494271175,0,0.4503908988083131,0.4453943715149458,0.0,0,0.0,0.0,0.0,0.0,0.0,0.0,0.0,0.0,0.0,0.0,17.529741822441217,15.996191193632988,29.708664915319652,25.843457523105833
134,-832.5937266670842,0.2898015333425251,0.20065578648385418,0.2032344669070959,0.30630821326652485,13.300577842155477,0.01848708824421304,0.07988412344515228,0.0,0.056922139172529154,0.15490015331535695,0.0979780141428278,0.0979780141428278,0.7588360734353868,0,4.266392391853838,4.164904117808836,0.12815757953302243,0,0.44394745728337875,0.4390224119660632,0.0,0,0.0,0.0,0.0,0.0,0.0,0.0,0.0,0.0,0.0,0.0,17.531759060906367,15.909945344774135,29.62521910798383,25.75366932260348
134,-832.3637571855305,0.2973387053874039,0.19683423117922139,0.20390636860214917,0.3019206948312255,13.4910687969257,0.016760279104819246,0.014337609252913693,0.0,0.05624970429504828,0.14886589666520206,0.09261619237015378,0.09261619237015378,0.7498717609642411,0,4.032915159052756,3.936980804856062,0.12664362331942455,0,0.41965254619327136,0.41499702272169653,0.0,0,0.0,0.0,0.0,0.0,0.0,0.0,0.0,0.0,0.0,0.0,17.70892161766714,15.613923629501265,29.34366456340274,25.447606026168934
134,-832.3594753208,0.2953147824798269,0.19890365576471386,0.20085969554607136,0.3049218662093878,13.545008697573943,0.016269033676446196,0.008352105095928567,0.0,0.05596340640116697,0.14708517384314895,0.091121767441982,0.091121767441982,0.7460550883517234,0,3.96784134428392,3.8734549558015425,0.12599903677298396,0,0.4128811684227889,0.40830076497236334,0.0,0,0.0,0.0,0.0,0.0,0.0,0.0,0.0,0.0,0.0,0.0,17.7443226661809,15.530599947247937,29.267270427115342,25.337309522131736
134,-832.3461184766651,0.29602181364821856,0.1979021594448457,0.2026200375025129,0.30345598940442287,13.53834932978624,0.016456077268914675,0.007883543156866258,0.0,0.05615672041154843,0.14789371944518337,0.09173699903363494,0.09173699903363494,0.7486321813195982,0,3.994631225716196,3.899607563729951,0.1264342743803623,0,0.41566883975032337,0.4110575105509322,0.0,0,0.0,0.0,0.0,0.0,0.0,0.0,0.0,0.0,0.0,0.0,17.742209691038816,15.568130853409905,29.298483286375497,25.38510518268064
134,-832.3422118481365,0.2961481480416423,0.19768086340194246,0.20306549475986377,0.3031054937965514,13.53803743954186,0.016520559576349948,0.0064417398424799635,0.0,0.05620580548371076,0.1480913715313116,0.09188556604760087,0.09188556604760087,0.7492865404839835,0,4.001100485004721,3.90592293329169,0.12654478716380607,0,0.4163420106516055,0.4117232134576561,0.0,0,0.0,0.0,0.0,0.0,0.0,0.0,0.0,0.0,0.0,0.0,17.74379504224418,15.5766267417667,29.307191977783095,25.39781177755731
134,-832.3330633564769,0.29632253456302926,0.19748263689566278,0.2034768113502969,0.30271801719101105,13.51388559706958,0.016737478525320645,0.003579097069348151,0.0,0.05615704165342739,0.14824821294469934,0.09209117129127192,0.09209117129127192,0.7486364638347953,0,4.010053438940332,3.9146629157612303,0.12643499764168473,0,0.41727362705484095,0.41264449473467557,0.0,0,0.0,0.0,0.0,0.0,0.0,0.0,0.0,0.0,0.0,0.0,17.732981353957975,15.580926167126936,29.321781999580285,25.416735000783333
134,-832.3197897520815,0.2959806992261179,0.19749739447071019,0.2036909825370573,0.3028309237661146,13.416414684940541,0.01719608758080717,0.0015430657893935795,0.0,0.055702314311015216,0.14771649039075785,0.09201417607974266,0.09201417607974266,0.7425744374244053,0,4.006700729788677,3.9113899603297972,0.12541119993488398,0,0.4169247546197293,0.4122994926056659,0.0,0,0.0,0.0,0.0,0.0,0.0,0.0,0.0,0.0,0.0,0.0,17.682519963078057,15.549754513986649,29.32137501816858,25.414472301121428
134,-832.4220201504746,0.303480138754343,0.19754299699008854,0.19698717566219,0.30198968859337844,12.993609661669057,0.01935065124836478,0.00022909302723685474,0.0,0.055626340485865934,0.14968582048508458,0.09405947999921864,0.09405947999921864,0.7415616209702414,0,4.095762231569686,3.998332881054626,0.12524014836021485,0,0.4261922161249139,0.421464143142704,0.0,0,0.0,0.0,0.0,0.0,0.0,0.0,0.0,0.0,0.0,0.0,17.586929073487997,15.5976799813213,29.477913391035795,25.55961856095073
134,-832.3168813342523,0.29704235717902633,0.19750398058940472,0.20274309762184897,0.3027105646097199,13.35508042028217,0.01748902185805746,0.0011744888765185281,0.0,0.05569259594422368,0.14799669413737573,0.09230409819315204,0.09230409819315204,0.7424448806754234,0,4.019325209981518,3.9237141313649677,0.12538931947882379,0,0.4182384185695894,0.4135985830865746,0.0,0,0.0,0.0,0.0,0.0,0.0,0.0,0.0,0.0,0.0,0.0,17.669398212295246,15.556554541000352,29.343690584711403,25.435099765054904
134,-832.3078163208147,0.29625324430987704,0.19776425875641737,0.20277790755867786,0.30320458937502776,13.212204321138888,0.01806907139008855,0.00045693830949521775,0.0,0.05507529015978288,0.14692976781436687,0.09185447765458397,0.09185447765458397,0.7342155009580834,0,3.9997467600430276,3.904601410527375,0.12399948388382129,0,0.41620114626328714,0.41158391178466514,0.0,0,0.0,0.0,0.0,0.0,0.0,0.0,0.0,0.0,0.0,0.0,17.61019147404862,15.497954185684153,29.315961376063093,25.40134337688405
134,-832.306354559918,0.29596783561059853,0.19788987286515106,0.20268016051343485,0.3034621310108156,13.128664446063125,0.018367406941990006,0.00028244945550949936,0.0,0.055015280615941,0.14657341091626047,0.09155813030031945,0.09155813030031945,0.7334155063113679,0,3.9868424966871987,3.8920041117672795,0.12386437515460881,0,0.4148583689519752,0.4102560309188689,0.0,0,0.0,0.0,0.0,0.0,0.0,0.0,0.0,0.0,0.0,0.0,17.610981803748174,15.473767370217951,29.291127339011037,25.372469589815744
134,-832.3060936269322,0.29592800635418864,0.1979275461271045,0.2026555868236977,0.30348886069500913,13.094135796734014,0.018438424823024904,0.00024037886941048086,0.0,0.05511739804596138,0.14655443278927954,0.09143703474331819,0.09143703474331819,0.7347768463936706,0,3.9815694651035582,3.8868565142331257,0.12409428785377631,0,0.4143096737667405,0.40971342282481665,0.0,0,0.0,0.0,0.0,0.0,0.0,0.0,0.0,0.0,0.0,0.0,17.62572352638035,15.469300356599483,29.278018192398,25.35862931951634
134,-832.3057862204413,0.2958700808022233,0.19791598664455026,0.20263473907741514,0.30357919347581125,13.045225549567922,0.018447853960207657,0.0002010691475098348,0.0,0.05526368636875878,0.14663145525037147,0.09136776888161267,0.09136776888161267,0.7367270341075329,0,3.9785533257382024,3.883912122318626,0.12442364928741527,0,0.41399582373161037,0.40940305456578524,0.0,0,0.0,0.0,0.0,0.0,0.0,0.0,0.0,0.0,0.0,0.0,17.644106797023017,15.469193727707037,29.268940096206975,25.347693975547443
134,-832.3054767988506,0.2959037723128481,0.19814775467625978,0.20261253404936652,0.30333593896152555,12.95299566032433,0.018359262914193156,0.00014561500773334907,0.0,0.05539771882560629,0.14663700267130628,0.0912392838457,0.0912392838457,0.7385138373574738,0,3.9729585238381984,3.878450408690001,0.12472541720229242,0,0.4134136461329785,0.40882733550410166,0.0,0,0.0,0.0,0.0,0.0,0.0,0.0,0.0,0.0,0.0,0.0,17.661246235984112,15.466414375230386,29.250443473844168,25.33427451525018
134,-832.3051779169118,0.2957917999083233,0.19796107961255316,0.20261734534109693,0.3036297751380266,12.889194176457895,0.018292428698006263,0.000118384655793412,0.0,0.055427814103632116,0.14679537662048828,0.09136756251685615,0.09136756251685615,0.7389150412289033,0,3.9785443397117466,3.8839033500503604,0.12479317533723308,0,0.4139948886737841,0.40940212988126345,0.0,0,0.0,0.0,0.0,0.0,0.0,0.0,0.0,0.0,0.0,0.0,17.66093051663213,15.471792482961295,29.262270548020595,25.340635305615127
134,-832.3050658176422,0.2958941712414672,0.19787595673702832,0.20271690334869125,0.3035129686728133,12.877732656456358,0.018256279967363575,0.00011448665516255766,0.0,0.05531623485223981,0.14674015274820035,0.09142391789596055,0.09142391789596055,0.7374275644363188,0,3.9809983000492215,3.8862989359636493,0.12454195978222377,0,0.41425024011641653,0.40965464851698113,0.0,0,0.0,0.0,0.0,0.0,0.0,0.0,0.0,0.0,0.0,0.0,17.646166433049046,15.470606885950055,29.26872156516896,25.34823894318449
134,-832.3050304639114,0.29588061833069396,0.19793354200627106,0.2026920637314818,0.3034937759315532,12.87667166687423,0.018212939340418483,0.0001145109766516589,0.0,0.05524663038025468,0.14673081659065626,0.0914841862104016,0.0914841862104016,0.7364996586164998,0,3.9836226467503733,3.888860855116481,0.124385248513393,0,0.41452332143149456,0.4099247003342436,0.0,0,0.0,0.0,0.0,0.0,0.0,0.0,0.0,0.0,0.0,0.0,17.636287886815687,15.47177030894872,29.274520346104552,25.3552290436129
134,-832.3050255358977,0.29587844999568297,0.19794306683337756,0.2026908522469567,0.30348763092398284,12.875323752436788,0.018212707264978506,0.00011182770207229799,0.0,0.05522803768846274,0.14671164446252122,0.09148360677405848,0.09148360677405848,0.736251797143985,0,3.9835974155510327,3.888836224112959,0.12434338792256319,0,0.4145206959517537,0.4099221039809376,0.0,0,0.0,0.0,0.0,0.0,0.0,0.0,0.0,0.0,0.0,0.0,17.634136857058316,15.471039561694514,29.274733826999096,25.35563019476551
134,-832.3050131773779,0.29587002279730396,0.19796147253459687,0.20267861152821978,0.3034898931398795,12.873081628280536,0.018214813596716988,0.0001032384932659378,0.0,0.05519412711353056,0.14667294848217996,0.09147882136864938,0.09147882136864938,0.7357997310778895,0,3.9833890380144195,3.888632803428552,0.124267039822034,0,0.41449901283659746,0.409900661412997,0.0,0,0.0,0.0,0.0,0.0,0.0,0.0,0.0,0.0,0.0,0.0,17.63037853886061,15.469464372140944,29.27497379112119,25.35599071255492
134,-832.3049956425755,0.2958593807374966,0.19797398679913034,0.20267533186478423,0.3034913005985888,12.872025755647304,0.018218340732159125,9.072537107360577e-05,0.0,0.0551658437570272,0.14663838513489488,0.09147254137786766,0.09147254137786766,0.7354226821562471,0,3.983115579676583,3.8883658500748286,0.12420336114510384,0,0.41447055761668206,0.4098725218683835,0.0,0,0.0,0.0,0.0,0.0,0.0,0.0,0.0,0.0,0.0,0.0,17.627335527586887,15.468043065298673,29.275007941498487,25.356114455600228
134,-832.3049580965189,0.2959192616024659,0.19797731361558343,0.2026177883634224,0.30348563641852827,12.873588065958469,0.018224318844405722,6.520217931513031e-05,0.0,0.05512792718719563,0.14659929596187415,0.09147136877467853,0.09147136877467853,0.734917211676968,0,3.983064519391594,3.8883160044039022,0.12411799373122152,0,0.41446524444301985,0.4098672676377801,0.0,0,0.0,0.0,0.0,0.0,0.0,0.0,0.0,0.0,0.0,0.0,17.623101432926987,15.46646439012353,29.27610304781483,25.35706369149534
134,-832.3049001443676,0.29580645518730003,0.198005647369505,0.20270452158127591,0.3034833758619191,12.881225074999586,0.018232907806183054,3.418958258709041e-05,0.0,0.055109740872123336,0.14657665193190075,0.09146691105977742,0.09146691105977742,0.734674767662735,0,3.982870410936697,3.8881265133705303,0.12407704807889412,0,0.4144450461239076,0.4098472933939167,0.0,0,0.0,0.0,0.0,0.0,0.0,0.0,0.0,0.0,0.0,0.0,17.62121387050584,15.465958937891713,29.275492925976366,25.357196514695538
134,-832.3048386854606,0.295850714386626,0.19798502602849588,0.20268119286511405,0.3034830667197641,12.887597333656457,0.01823140343129941,2.11881184421273e-05,0.0,0.055147191555264555,0.1466256597158315,0.09147846816056696,0.09147846816056696,0.7351740273489569,0,3.9833736577856125,3.8886177890622187,0.12416136657031078,0,0.41449741241806015,0.40989907874911446,0.0,0,0.0,0.0,0.0,0.0,0.0,0.0,0.0,0.0,0.0,0.0,17.625276420473003,15.468066297519545,29.27605844414373,25.357468586778413
134,-832.3047840826457,0.29589005228436405,0.19794050140508113,0.2026828219640442,0.30348662434651064,12.899314894473276,0.018219411187318936,9.123700760409876e-06,0.0,0.05522797195660822,0.14671929649129456,0.09149132453468635,0.09149132453468635,0.7362509208645074,0,3.9839334806929214,3.889164294989884,0.12434323993031456,0,0.4145556658400153,0.40995668592174817,0.0,0,0.0,0.0,0.0,0.0,0.0,0.0,0.0,0.0,0.0,0.0,17.634430000685665,15.472140057574194,29.276123906942402,25.3570242931386
134,-832.3047759441047,0.2958888681750102,0.19792787588013988,0.20268876717271309,0.3034944887721368,12.905603047216301,0.018212041243537272,5.8708192975396055e-06,0.0,0.05524707343949034,0.14673710945806365,0.09149003601857329,0.09149003601857329,0.7365055650939368,0,3.98387737305092,3.8891095220276837,0.12438624604089385,0,0.41454982745415836,0.4099509123055266,0.0,0,0.0,0.0,0.0,0.0,0.0,0.0,0.0,0.0,0.0,0.0,17.6368585279026,15.473066833122584,29.276010395563187,25.3566907452181
134,-832.3047746065981,0.29590482059486595,0.19795280966169593,0.20269736473453456,0.3034450050089036,12.911603244773573,0.018206089508237443,3.587909566924544e-06,0.0,0.055262908107389555,0.1467414735234635,0.09147856541607396,0.09147856541607396,0.7367166590090192,0,3.983377892716875,3.8886219232536,0.12442189706772055,0,0.4144978530917707,0.40989951453409784,0.0,0,0.0,0.0,0.0,0.0,0.0,0.0,0.0,0.0,0.0,0.0,17.638976291709355,15.473499878464576,29.274340323374062,25.355951712438774
