-3.140117736699018280e+00
6.001007378990802499e-01
-2.836058753623767803e+00
-1.301207101733224680e-01
-2.255125544596458198e+00
-3.015518134718661036e-01
-2.276171608402905555e+00
-7.289371963781423602e-01
-1.817076287793866429e+00
-2.076351106081762710e-01
-1.997521446782871246e+00
-3.715133595790793275e-01
-2.086182329323454709e+00
5.525659304738806954e-01
-1.618296410782452899e+00
-1.499769520157830660e-01
-3.337369124394009123e+00
-4.448679025196555781e-02
-6.234682209760598504e+00
-6.133337648778481449e-03
-2.381845760950144886e+00
-8.409989538535149745e-01
-2.673481497374015969e+00
-4.803954691989192199e-02
-2.217309540951700075e+00
-5.052315689222273143e-01
-1.804441010114218535e+00
-1.170464368780604059e-01
-2.815546423317560443e+00
7.804062614327863384e-03
-2.216581956059985536e+00
8.383402251556579809e-01
-2.157015324917146426e+00
-8.595490039305168084e-01
-2.337269396105088326e+00
-1.037197844740385261e-01
-1.973408265578553866e+00
-1.237385391692692738e-01
-2.431671280577996974e+00
-5.602371594647216346e-01
-3.246761995376433063e+00
-7.867797350128907796e-01
-2.551266617581458895e+00
5.850335151762095509e-02
-2.455947708263463536e+00
5.700765687730842135e-01
-2.028815749009617253e+00
-6.447968015876406334e-01
-2.277932247511470276e+00
4.689303846925866881e-01
-3.097922575859679117e+00
8.185132022787420247e-01
-1.978671280078829975e+00
-4.344092683401794275e-03
-2.070778477489986003e+00
2.184635222146761105e-02
-1.278583572287844694e+00
-7.615208557433018610e-01
-3.879702458205934956e+00
1.338614401069043724e+00
-3.499100439899460291e+00
-1.349272549902157614e+00
-2.214588163859842584e+00
-5.615425824881298267e-01
-2.051674388106140334e+00
4.247890386703822574e-01
-2.546493823389160305e+00
-5.204939298870974174e-01
-1.251032671650332384e+00
-3.470133873191755952e-02
-2.707241553138371337e+00
-3.764339085297607190e-01
-3.155623203562555101e+00
-1.509138079458585135e+00
-2.436264656682821883e+00
-8.306599687714205649e-02
-2.104979257431734752e+00
2.976552344570733699e-01
-6.806227998222125208e-01
-8.020121613860012877e-01
-5.488166324916515793e-01
6.456096310674258598e-01
-1.921810301985753977e+00
-9.385890518208918065e-01
-7.165768547044336634e-01
-7.183529126397832920e-01
-1.272376297045867632e+00
-3.135899062299337015e+00
-3.201388048960569943e+00
-6.751633104583522060e-01
-6.872649504188611536e-01
-1.386370405869439715e+00
-1.267982847821240489e+00
-2.742898776522771254e+00
-1.342224637035869472e+00
-1.865099504341770409e+00
-1.637337590651133823e+00
-9.634998616335079813e-01
-9.901353044246763435e-01
