-6.987001009925232209e-01
-8.434057538859152103e-01
-5.641616711690957686e-01
5.913312008137121545e-01
-2.278800800336140409e+00
-1.067325667807793144e+00
-2.045143652817901891e+00
-4.340822970830180982e-01
-3.452962750758007959e-01
-7.629393991130677399e-01
-9.848850594922160528e-01
-2.587371581551442201e+00
-3.422383876521099211e+00
-4.583038347950114666e-01
-8.467453551286471258e-01
-1.037584187242665434e+00
-9.697681035063246968e-01
-2.846920492546146875e+00
-1.297427801040361706e+00
-1.566532469777992542e+00
-1.002185307779409840e+00
