-7.459305936597798725e-01
-8.931683671781056599e-01
-5.166868061876196405e-01
6.603873262124732024e-01
-3.102569416705144079e+00
-1.362246942015969742e+00
-1.396035851740754286e+00
-1.075609656782299250e+00
-1.311963236354723339e+00
-1.271714431532570133e+00
-1.951794933671385346e+00
-3.635162522702803933e+00
-2.725332958315481502e+00
-1.011898844395560104e+00
-8.978514878269939770e-01
-1.659377000829067583e+00
-1.434999311562056956e+00
-2.932059369322669973e+00
-1.477746495241784253e+00
-2.234324098344900200e+00
-2.171993630407965892e+00
-1.378647890042273172e+00
-1.084810686804456470e+00
