-6.253383597146445760e-01
-7.341039195024005037e-01
-5.896199360336794593e-01
5.144107564929273346e-01
-2.580473092735065865e+00
-1.372586812339475992e+00
-1.112430583543961404e+00
-6.241370435995884369e-01
-1.104073633020450362e+00
-1.237569177604090465e+00
-2.047110472490004884e+00
-2.699762507851741766e+00
-1.165911788940950045e+00
-8.354770603991126254e-01
-9.706857510186959193e-01
-8.163113227150596840e-01
-3.295958999066783690e+00
-1.794860086032681767e+00
-9.888551051824114868e-01
-1.122827394961963821e+00
