-6.838493956005833319e-01
-8.190054127012681429e-01
-4.891009254888667446e-01
7.215085441136622757e-01
-2.063546664767712979e+00
-1.739236273000024369e+00
-1.288962427894247531e+00
-8.335306668989378442e-01
-6.226003872078057499e-01
-1.317355003275237246e+00
-3.606035452319657608e+00
-3.614150130758267299e+00
-9.637715622787068614e-01
-6.747888055895995274e-01
-1.449845225368231239e+00
-1.271196397437423853e+00
-3.131813311034828295e+00
-1.174477880712826883e+00
-1.863662810308500006e+00
-1.895559246953123278e+00
-1.075379622279838188e+00
-1.215270423796400046e+00
