-7.267477559093001860e-01
-8.472548019662810015e-01
-5.585196599769034487e-01
5.808587444104710285e-01
-2.068097406489207035e+00
-4.177854269621517624e-01
3.364722366212128946e-01
-1.492974884295389604e+00
-7.755966413435240181e-01
-5.121643243922816557e-01
-1.746803721517558472e+00
-2.479101590086707052e+00
-2.110350425607713909e+00
-2.911509498731726375e-01
-6.895627974494551449e-01
-1.515892701939775877e+00
-1.128385187312282323e+00
-2.575457089764049634e+00
-1.019256009956578168e+00
-2.268538426879214143e+00
-1.805059911520178861e+00
-4.820576094527105893e-01
-6.093208753268980482e-01
