-6.202133343561214707e-01
-1.056779488205595197e+00
-3.900278363781463087e-01
8.147698788274241322e-01
-2.193788440853248645e+00
-1.445561771097300108e+00
-8.453505951439895805e-01
-7.526942878693932970e-01
-4.751933670208742244e-01
-1.859361597232632501e+00
-2.672476636715533704e+00
-1.971499484821957360e+00
-2.932476453837996599e-01
-1.052694435072234924e+00
-1.711799550804544490e+00
-9.148025891151404521e-01
-9.329226276382718286e-01
-6.741905717952491051e-01
-1.955633238137591157e+00
-1.376044596816768939e+00
