-6.585753245767997921e-01
-9.035863310822529471e-01
-4.773214297619759461e-01
8.119614412697890860e-01
-1.483172806320376846e+00
3.364722366212128946e-01
-8.159020497051494569e-01
-1.206910390379926923e-01
-5.254542570387470135e-02
-1.065891187648334792e+00
-2.487274094685200776e+00
-3.084576559969260501e+00
-1.989029035954947566e-01
-9.059349471038735668e-01
-1.271884150007199787e+00
-8.713976262837712650e-01
-2.523733803530619380e+00
-1.033728804692010339e+00
-1.553852794099583656e+00
-1.033746344489518076e+00
-4.515659017559728872e-01
-5.639300118206891366e-01
