133,-1070.3606638238875,0.30776942355889725,0.19849624060150375,0.2370927318295739,0.2566416040100251,1.2,0.9,1.0,0.0,0.144,0.84,0.21599999999999997,0.21599999999999997,1.8282787984459488,0,8.901274620125,7.934104485844762,1.217115543989035,0,3.1085507653001208,3.1071824349156034,0.0,0,0.0,0.0,0.0,0.0,0.0,0.0,0.0,0.0,0.0,0.0,26.82230579630874,43.807597750127826,23.09524134952023,18.69320113269969
133,-992.1008035622408,0.23645882526941062,0.25130453016034143,0.18087928103687476,0.3313573635333732,1.4841741288976946,0.6806386501922211,1.006146013648707,0.0,0.0602319361312506,0.35153611073621094,0.07903031816264351,0.07903031816264351,0.7647275820702498,0,3.256808172599734,2.9029388974628185,0.5090918452076382,0,1.1373599815111,1.136859335281285,0.0,0,0.0,0.0,0.0,0.0,0.0,0.0,0.0,0.0,0.0,0.0,26.170302429915797,31.06117328692983,20.680905506024054,16.347005518785366
133,-966.9670721480721,0.31984232235922394,0.19305383913692087,0.2266769725712643,0.2604268659325909,1.796742335902206,0.5343271085296104,1.0073268825059922,0.0,0.05323521329612906,0.2660229797803548,0.058350451216055116,0.058350451216055116,0.67589452638931,0,2.40459903001071,2.143326744186893,0.4499542054881281,0,0.8397469434410905,0.8393773013329922,0.0,0,0.0,0.0,0.0,0.0,0.0,0.0,0.0,0.0,0.0,0.0,26.506752729607964,29.690441965717454,20.488033899759237,16.06505306941986
133,-954.6325732985008,0.3202102056331257,0.19393166489552907,0.21878639901024013,0.2670717304611051,2.136719887770197,0.4295638619659213,1.0075686485775566,0.0,0.053839157002012125,0.22655969817971588,0.053435588781634354,0.053435588781634354,0.6835624255068161,0,2.202059491821287,1.9627941882227835,0.4550588532112157,0,0.7690150018583891,0.7686764947299424,0.0,0,0.0,0.0,0.0,0.0,0.0,0.0,0.0,0.0,0.0,0.0,26.92025467151441,29.09481355613088,20.491912537514864,16.01421420222338
133,-926.882982919954,0.2534320899907488,0.20363896003721815,0.2594908381508878,0.2834381118211453,4.8417970198033915,0.1494117036653828,1.0059817941672464,0.0,0.07799256847823702,0.1297355707603733,0.051743002282136276,0.051743002282136276,0.9902233290632261,0,2.1323086712178223,1.9006221598045059,0.6592081070173023,0,0.7446562469586141,0.7443284621335734,0.0,0,0.0,0.0,0.0,0.0,0.0,0.0,0.0,0.0,0.0,0.0,30.541835435820243,27.11929524072946,20.74747638834357,16.121868124214718
133,-935.0804431381284,0.3777289385908972,0.20659833696305366,0.11753232331472714,0.2981404011313221,6.527802367068963,0.10177403525192931,1.0027196626049375,0.0,0.1007854168677918,0.15798095822108943,0.057195541353297644,0.057195541353297644,1.2796100059161142,0,2.35700565107601,2.1009046352848078,0.851857621369473,0,0.8231261289145747,0.8227638030021087,0.0,0,0.0,0.0,0.0,0.0,0.0,0.0,0.0,0.0,0.0,0.0,33.50385649923324,27.93513992162287,20.950060544127524,16.655848037240457
133,-919.0042585143966,0.3028328972763888,0.2050181291762429,0.20213220617281286,0.29001676737455545,5.532362977297943,0.1258854154205198,1.0045247964575763,0.0,0.08754652741789158,0.1416553027818984,0.05410877536400682,0.05410877536400682,1.111524027470126,0,2.2298012447855498,1.9875216543478387,0.7399599954345701,0,0.7787031253112767,0.7783603536381304,0.0,0,0.0,0.0,0.0,0.0,0.0,0.0,0.0,0.0,0.0,0.0,31.58137375270733,27.354596425581256,20.823166670630933,16.28223503038199
133,-915.5908884526282,0.3147082005308448,0.198468073090196,0.20308201078474808,0.28374171559421113,5.939274289578515,0.11507116182996924,1.0024501422398797,0.0,0.10391125748032427,0.16535510022564198,0.06144384274531773,0.06144384274531773,1.3192968678551034,0,2.532076472184483,2.256953094227619,0.8782778241302054,0,0.884265298096934,0.8838760597776287,0.0,0,0.0,0.0,0.0,0.0,0.0,0.0,0.0,0.0,0.0,0.0,32.852767955362815,28.083759340924907,21.027072510271147,16.509897021106944
133,-913.6796225501635,0.30265056558658526,0.19808378790835524,0.21947783994447254,0.279787806560587,6.627389049881148,0.10044190088372462,0.9981092629348419,0.0,0.1346647231996454,0.20928281718111238,0.074618093981467,0.074618093981467,1.7097545716979443,0,3.074982158145066,2.74086923233122,1.1382119988421475,0,1.0738617275524334,1.0733890321578519,0.0,0,0.0,0.0,0.0,0.0,0.0,0.0,0.0,0.0,0.0,0.0,35.484488015489205,29.805711850905645,21.424794681354154,16.957578648743073
133,-913.5244425884196,0.3052747298729095,0.2003090410258396,0.21585783054509167,0.27855839855615927,6.7846022051087385,0.09786884923448523,0.9962062486143063,0.0,0.13107217102993993,0.21048949062303174,0.07166800551186908,0.07166800551186908,1.6641421622244477,0,2.953410178415643,2.632506685292906,1.107847060728675,0,1.031405710099324,1.0309517031107143,0.0,0,0.0,0.0,0.0,0.0,0.0,0.0,0.0,0.0,0.0,0.0,35.18587012936443,30.00986782496155,21.332722182915134,16.86259825987461
133,-913.4615413371105,0.30526587234551344,0.20048682853436284,0.21554250510419654,0.2787047940159272,6.986815337552032,0.09484974994132762,0.9930200216740734,0.0,0.1290723767724753,0.21550724950139805,0.0696111810487485,0.0696111810487485,1.6387520133204438,0,2.8686492553062566,2.556955480665868,1.0909444171485345,0,1.0018050468635762,1.001364069575932,0.0,0,0.0,0.0,0.0,0.0,0.0,0.0,0.0,0.0,0.0,0.0,35.01291641935009,30.398429804386417,21.27781081076447,16.79484052446406
133,-913.4423950549432,0.3046038840431266,0.1996725369548282,0.21621830998857944,0.27950526901346573,7.091533281237044,0.09384490260181307,0.988261036285097,0.0,0.1279135595278295,0.221454180628808,0.06921983063320299,0.06921983063320299,1.6240392286005867,0,2.852521859373522,2.5425804108162526,1.0811498721408892,0,0.9961729513369811,0.9957344532005619,0.0,0,0.0,0.0,0.0,0.0,0.0,0.0,0.0,0.0,0.0,0.0,34.85455015686799,30.77399067910625,21.277253334446797,16.781193255479913
133,-913.4367661605737,0.3042164812661489,0.20019739740627007,0.21680186397301862,0.27878425735456236,7.154198209924228,0.09361589427336263,0.9823467943988855,0.0,0.12698926521363585,0.2244127203790248,0.06949733194920385,0.06949733194920385,1.6123040362522227,0,2.863957578915975,2.5527735795019484,1.0733375598004324,0,1.0001665945232139,0.9997263384540056,0.0,0,0.0,0.0,0.0,0.0,0.0,0.0,0.0,0.0,0.0,0.0,34.72321234147847,30.964453001667657,21.294684924188882,16.792124870443004
133,-913.4328976408569,0.3041318604724334,0.19971565901148952,0.21689575102481579,0.2792567294912613,7.1907008592815895,0.09388186552843146,0.9750586508269548,0.0,0.12586754124617333,0.22514620928177934,0.06987538273498684,0.06987538273498684,1.5980622018951367,0,2.8795369023632356,2.566660127813791,1.0638565342666568,0,1.0056072892429733,1.005164638273871,0.0,0,0.0,0.0,0.0,0.0,0.0,0.0,0.0,0.0,0.0,0.0,34.592101768742424,31.0276128819766,21.317275473748786,16.808880830333585
133,-913.4298577650175,0.3043835044672369,0.1996980362138077,0.21683616217458726,0.2790822971443681,7.2237692088179575,0.0942490805573881,0.9651494022025731,0.0,0.12517271014340367,0.22454257601016878,0.07021519293334601,0.07021519293334601,1.5892403618000353,0,2.8935403463183937,2.5791420241986858,1.0579836888803513,0,1.0104976468918907,1.010052843271773,0.0,0,0.0,0.0,0.0,0.0,0.0,0.0,0.0,0.0,0.0,0.0,34.516857979157045,31.008244154239144,21.33452434165469,16.823886813454592
133,-913.4275884838951,0.303814788192595,0.20043144329479687,0.21583554989316167,0.2799182186194465,7.268534521225222,0.09516646411650763,0.9427072798823007,0.0,0.12483123226839621,0.22420826840144303,0.07073313421840291,0.07073313421840291,1.5849048287513234,0,2.9148845019452083,2.598167025463381,1.0550974525636851,0,1.0179515671606139,1.0175034824534694,0.0,0,0.0,0.0,0.0,0.0,0.0,0.0,0.0,0.0,0.0,0.0,34.46562800802753,30.992112273637204,21.352043198644033,16.846055959922744
133,-913.4236148179318,0.3044910454682311,0.20009107773320556,0.21613673858499874,0.2792811382135646,7.282567801829965,0.09556452830869451,0.932826177702079,0.0,0.12455082508896557,0.22302688681925137,0.07062651168239932,0.07062651168239932,1.5813446724937883,0,2.910490629381958,2.594250570180056,1.0527273974474967,0,1.0164171154666684,1.0159697061986708,0.0,0,0.0,0.0,0.0,0.0,0.0,0.0,0.0,0.0,0.0,0.0,34.442232677686604,30.930790588312,21.34952672586159,16.840586792355953
133,-913.4181484719026,0.30510560970299405,0.19980637292936054,0.21636829719432346,0.27871972017332186,7.318271445883473,0.09618538912742844,0.9110107671962165,0.0,0.1247013010048065,0.22212027090076733,0.07037189362205325,0.07037189362205325,1.5832551719841266,0,2.89999791975981,2.5848979484450147,1.0539992486708714,0,1.0127527952520943,1.0123069989545985,0.0,0,0.0,0.0,0.0,0.0,0.0,0.0,0.0,0.0,0.0,0.0,34.45945621137088,30.877802935114865,21.337761663122016,16.827417946205077
133,-913.4095880512768,0.3055055709004992,0.19954901131653857,0.216651840771001,0.2782935770119612,7.407479538190763,0.09736950232971103,0.8624672486246356,0.0,0.12535164429168688,0.22164153284076263,0.0699167669009962,0.0699167669009962,1.5915121778390922,0,2.881242327486264,2.5681802495599846,1.0594960745277535,0,1.0062028669324163,1.0057599538002966,0.0,0,0.0,0.0,0.0,0.0,0.0,0.0,0.0,0.0,0.0,0.0,34.517376428424214,30.841556868981257,21.313612646056924,16.802997396478624
133,-913.4008071817109,0.30529233129215566,0.19948784883343199,0.2168179508421047,0.2784018690323076,7.498243897577653,0.09821284609383592,0.8080606726426282,0.0,0.12602961997574857,0.22209210212612518,0.06961242496292575,0.06961242496292575,1.6001200151240358,0,2.86870051651781,2.5570011720781536,1.0652264546910737,0,1.0018229485782413,1.0013819634105712,0.0,0,0.0,0.0,0.0,0.0,0.0,0.0,0.0,0.0,0.0,0.0,34.56880931016495,30.86121712522985,21.294795136463648,16.785492861149724
133,-913.3794357725371,0.3063476127887287,0.19927004123958034,0.2160272552464512,0.2783550907252398,7.636066284816038,0.09826054446819818,0.6867700133333432,0.0,0.12724409476771048,0.2241131156395366,0.06919075863451729,0.06919075863451729,1.6155394492448067,0,2.8513238137991825,2.5415125391718796,1.0754914279346826,0,0.9957545634491884,0.9953162494798948,0.0,0,0.0,0.0,0.0,0.0,0.0,0.0,0.0,0.0,0.0,0.0,34.65925782849699,30.98361312632187,21.267197402494414,16.764041877777473
133,-913.3427723345396,0.30213788563645944,0.19934615347889925,0.219207981908987,0.27930797897565435,7.917631091528744,0.09866909901170662,0.3915119227115948,0.0,0.1302341389233293,0.22203160231483635,0.06851592242749334,0.06851592242749334,1.6535021876901894,0,2.8235140804550913,2.5167244790915126,1.1007638530667467,0,0.9860426995242045,0.9856086605497565,0.0,0,0.0,0.0,0.0,0.0,0.0,0.0,0.0,0.0,0.0,0.0,34.92989562531791,30.896834211919476,21.21200163402639,16.72365843701364
133,-913.2887005627356,0.3038995453774528,0.19951847698508557,0.21717798399343835,0.2794039936440233,7.88364904932341,0.0965326471360821,0.33053978764014924,0.0,0.12987224296196334,0.22409894911539874,0.0688642715115807,0.0688642715115807,1.648907418847074,0,2.837869408515881,2.529520025529927,1.0977050391786538,0,0.9910559440238867,0.9906196983057527,0.0,0,0.0,0.0,0.0,0.0,0.0,0.0,0.0,0.0,0.0,0.0,34.8880779926697,31.051883086428226,21.22731056648467,16.74751325846671
133,-913.20794486162,0.30553892106935987,0.19977968685474196,0.2149565225800788,0.2797248694958194,7.722126243740531,0.09109089020577858,0.19506687357959485,0.0,0.1279011063175686,0.22592544227945888,0.06980269341394935,0.06980269341394935,1.6238811179041102,0,2.876541404175712,2.56399010620214,1.0810446152257425,0,1.0045611853330647,1.004118994840845,0.0,0,0.0,0.0,0.0,0.0,0.0,0.0,0.0,0.0,0.0,0.0,34.70675554052568,31.2690438785581,21.27709906603486,16.810345862827333
133,-913.168849045578,0.3052569086146913,0.20000293711994294,0.21519579825077512,0.2795443560145907,7.576001857308405,0.0891818085517853,0.12866892042637956,0.0,0.1264911867797479,0.22523726263212648,0.07019834992414958,0.07019834992414958,1.6059802429144416,0,2.892846252567067,2.578523347370813,1.0691277056059134,0,1.0102552517570413,1.0098105548350773,0.0,0,0.0,0.0,0.0,0.0,0.0,0.0,0.0,0.0,0.0,0.0,34.566850963535025,31.2724868675925,21.29844149948802,16.834599822882065
133,-913.1219654032601,0.30528349086091494,0.19665592378488744,0.21520399742587354,0.28285658792832413,7.202574767466751,0.09136819703397672,0.04811027387693703,0.0,0.12408639523156675,0.22552624030195326,0.07024588639449769,0.07024588639449769,1.5754480942879026,0,2.8948052117200294,2.580269455345953,1.048801947457686,0,1.010939369957413,1.010494371898427,0.0,0,0.0,0.0,0.0,0.0,0.0,0.0,0.0,0.0,0.0,0.0,34.24231895673238,31.2390255305343,21.297891010779807,16.827112868534652
133,-913.0886649669053,0.30395792695777,0.20183381144933418,0.21576406079185262,0.2784442008010432,7.0108788809867315,0.09320435973224397,0.020559443772819954,0.0,0.12325969517510792,0.2252342017553351,0.06977162685778528,0.06977162685778528,1.5649519957747238,0,2.875261163676092,2.5628489705418573,1.0418145204512093,0,1.0041140928935322,1.003672099203686,0.0,0,0.0,0.0,0.0,0.0,0.0,0.0,0.0,0.0,0.0,0.0,34.07385579947817,31.170910859793242,21.25427049385108,16.79274361052964
133,-913.0783613660067,0.3047903416494905,0.1997121015840686,0.21694966064571067,0.2785478961207303,7.098728288183106,0.09284430227981572,0.019103646415729477,0.0,0.12459989074023792,0.22651897024595755,0.06987375815941639,0.06987375815941639,1.5819676286740185,0,2.8794699542461353,2.5666004539604526,1.0531421097172153,0,1.0055839092631917,1.0051412685855532,0.0,0,0.0,0.0,0.0,0.0,0.0,0.0,0.0,0.0,0.0,0.0,34.21618474815872,31.23885697613607,21.262320731253013,16.79500075648902
133,-913.0751074753,0.3042126031758021,0.1996956989482998,0.21656726743310153,0.27952443044279657,7.121764498185566,0.09285171110637326,0.015545098335804673,0.0,0.12500631628888584,0.22636971029606365,0.06971556954560527,0.06971556954560527,1.5871277621027668,0,2.8729510639993316,2.5607898753009692,1.0565772961945326,0,1.0033073475200236,1.0028657089455644,0.0,0,0.0,0.0,0.0,0.0,0.0,0.0,0.0,0.0,0.0,0.0,34.2701996506917,31.229399826907873,21.254622537769663,16.791083202860413
133,-913.0723812653614,0.30413366244528706,0.19976500410994802,0.21644578843704151,0.2796555450077234,7.121511555351914,0.09271538886177122,0.01043503744110929,0.0,0.12530786729777987,0.2262085908554405,0.06953204891729756,0.06953204891729756,1.590956368465343,0,2.8653882514482905,2.5540488019662413,1.0591260630016888,0,1.0006662216423647,1.0002257456459236,0.0,0,0.0,0.0,0.0,0.0,0.0,0.0,0.0,0.0,0.0,0.0,34.30827904029447,31.21902196706783,21.246002063798322,16.78485947509961
133,-913.0694890043562,0.3044777824282841,0.19986388405444422,0.21635684803673932,0.27930148548053235,7.112911362980467,0.09269818860918037,0.005078791041608812,0.0,0.12587092954213297,0.2243650180749497,0.06963904367772568,0.06963904367772568,1.5981052209900386,0,2.869797463232944,2.5579789297841793,1.0638851727922132,0,1.002206030181309,1.0017648763877305,0.0,0,0.0,0.0,0.0,0.0,0.0,0.0,0.0,0.0,0.0,0.0,34.3794086917424,31.11054699317124,21.24652590884599,16.789759824605845
133,-913.0682439304126,0.3043693590058801,0.19966913597631122,0.21650751903023038,0.2794539859875783,7.092137209717924,0.0923164995727591,0.002881169229132239,0.0,0.1254537133255898,0.22450756777416003,0.06947427187445894,0.06947427187445894,1.5928080851353599,0,2.8630072823508588,2.551926537638627,1.0603587815258313,0,0.9998347268704538,0.9993946168836574,0.0,0,0.0,0.0,0.0,0.0,0.0,0.0,0.0,0.0,0.0,0.0,34.34227807724541,31.128625142015252,21.243361889745284,16.784562398828296
133,-913.0675993486315,0.3043253484816252,0.19968444991182466,0.21649429752310656,0.27949590408344355,7.090405180244226,0.09222413767795874,0.0017992241826361023,0.0,0.1254899342061061,0.2247475190163358,0.06958587540142604,0.06958587540142604,1.5932679592180614,0,2.867606419582843,2.556025954508746,1.0606649273362019,0,1.0014408621906565,1.0010000452108185,0.0,0,0.0,0.0,0.0,0.0,0.0,0.0,0.0,0.0,0.0,0.0,34.34389276568292,31.14194832404816,21.24768246836263,16.789315491036145
133,-913.067658168795,0.30529589636013804,0.19951027646699468,0.21593793836897873,0.2792558888038886,7.112833972934658,0.09239001157814897,0.0006195357798793311,0.0,0.1249884001618857,0.22498849521127556,0.0694487266665152,0.0694487266665152,1.5869002921364848,0,2.8619545744289354,2.550988211949098,1.0564258656621717,0,0.9994670945755314,0.9990271464141248,0.0,0,0.0,0.0,0.0,0.0,0.0,0.0,0.0,0.0,0.0,0.0,34.29564030217239,31.163940809747125,21.246183814552868,16.785654253326733
133,-913.0671850764708,0.3047863083361069,0.1996016741835847,0.2162301791997177,0.27938183828059066,7.101057764595587,0.0923029478587398,0.00108390573069762,0.0,0.1252513050051371,0.22486228005365524,0.06952064867943065,0.06952064867943065,1.590238232073466,0,2.8649184521520494,2.553630048825503,1.0586479876851667,0,1.000502155817616,1.0000617520401185,0.0,0,0.0,0.0,0.0,0.0,0.0,0.0,0.0,0.0,0.0,0.0,34.32093996310785,31.152424994424905,21.2469691735773,16.787585380166284
133,-913.0666262863979,0.3045638841099332,0.1997227451077989,0.2164113788592542,0.27930199192301375,7.112836487353645,0.09243182736765299,0.0005538575508994822,0.0,0.1252815383574847,0.22512189897631543,0.06959952600070131,0.06959952600070131,1.590622086220015,0,2.8681689553832066,2.5565273678464515,1.0589035257621748,0,1.0016373139537302,1.0011964104992175,0.0,0,0.0,0.0,0.0,0.0,0.0,0.0,0.0,0.0,0.0,0.0,34.31881024193891,31.165376756314664,21.249633136355122,16.789897904843173
133,-913.0664368454991,0.3044759140991895,0.19976631426921157,0.21645266152752507,0.27930511010407383,7.1268219454846715,0.09252780970011643,0.00029570276243263933,0.0,0.12523551667755184,0.2252691534825245,0.06963967903429917,0.06963967903429917,1.5900377774582781,0,2.869823646026196,2.558002267679734,1.058514541720461,0,1.002215173876507,1.0017740160580317,0.0,0,0.0,0.0,0.0,0.0,0.0,0.0,0.0,0.0,0.0,0.0,34.31264620116325,31.174635211758215,21.251632423070028,16.791455951548137
133,-913.0663754215252,0.30446517923410216,0.1997541472403397,0.21647036731403885,0.27931030621151925,7.134307658334143,0.09258486789871832,0.0001810871585328191,0.0,0.1251549923265162,0.2251987825346489,0.06964566167789576,0.06964566167789576,1.5890154096544096,0,2.870070188404009,2.5582220219362015,1.057833934502995,0,1.0023012727252603,1.001860077007558,0.0,0,0.0,0.0,0.0,0.0,0.0,0.0,0.0,0.0,0.0,0.0,34.30536071771841,31.172510661369948,21.25249707098163,16.791838375740795
133,-913.066355468527,0.30445182164246304,0.1997510728224098,0.21637795235038013,0.279419153184747,7.134608465043442,0.09258903161891388,9.41327927487243e-05,0.0,0.12519631855053873,0.22531572485354248,0.06970394452280164,0.06970394452280164,1.5895401031210776,0,2.8724720014047,2.560362865367755,1.0581832316532187,0,1.0031400467166307,1.002698481785097,0.0,0,0.0,0.0,0.0,0.0,0.0,0.0,0.0,0.0,0.0,0.0,34.30847748912051,31.177975629656473,21.254504918179734,16.794367669203474
133,-913.0663247390163,0.3044699416424681,0.19973340767184422,0.21642458386514352,0.27937206682054416,7.135021253058284,0.09258874608508766,7.846940874329768e-05,0.0,0.12514682289262338,0.22520629272557716,0.06967574703063105,0.06967574703063105,1.588911687412871,0,2.871309993898176,2.5593271160662723,1.0577648848851025,0,1.0027342442357676,1.0022928579314807,0.0,0,0.0,0.0,0.0,0.0,0.0,0.0,0.0,0.0,0.0,0.0,34.3046376142649,31.17308125386625,21.253774572686822,16.79323846382944
133,-913.0663048746926,0.3044858259378568,0.19972123373600614,0.21645213597196108,0.27934080435417596,7.133608941232231,0.09257079345793132,5.253383443953128e-05,0.0,0.12513400774179162,0.22513210076776657,0.06965771135819998,0.06965771135819998,1.5887489813811726,0,2.8705667509663817,2.5586646303739546,1.0576565687790198,0,1.0024746849610533,1.0020334129102784,0.0,0,0.0,0.0,0.0,0.0,0.0,0.0,0.0,0.0,0.0,0.0,34.30416638621361,31.169441170123505,21.253190290739624,16.79251742106001
133,-913.0662896679455,0.3044853233350289,0.19973614363861772,0.21644892569388915,0.2793296073324642,7.1307625604381375,0.09254180291155062,3.0440055906121044e-05,0.0,0.1251452244021602,0.2250850478536308,0.06964339091127825,0.06964339091127825,1.5888913923696533,0,2.869976611009283,2.5581386122158016,1.057751374137952,0,1.0022685931266182,1.001827411793911,0.0,0,0.0,0.0,0.0,0.0,0.0,0.0,0.0,0.0,0.0,0.0,34.30591236812812,31.16679092390749,21.25249967194905,16.791992893393896
133,-913.0664283359037,0.3046244547562183,0.1995728248834554,0.21659571765105573,0.27920700270927057,7.1254756940759245,0.09249596921975678,5.697690821689617e-06,0.0,0.1253438602239695,0.2253149937076165,0.06972501390399721,0.06972501390399721,1.5914133483531663,0,2.8733402622755237,2.561136785144874,1.0594302820984878,0,1.0034432654251488,1.003001567021974,0.0,0,0.0,0.0,0.0,0.0,0.0,0.0,0.0,0.0,0.0,0.0,34.321829282548535,31.175471710276554,21.255021521797737,16.794293238624828
133,-913.0662869926398,0.3045019953304928,0.19971656951787586,0.21646651425916374,0.27931492089246757,7.130128705682641,0.09253630839869645,2.4901337944841603e-05,0.0,0.1251690153363774,0.225112596176866,0.06965316864713744,0.06965316864713744,1.5891934511239902,0,2.8703795476391245,2.558497767669236,1.057952459664631,0,1.0024093088131367,1.0019680655398135,0.0,0,0.0,0.0,0.0,0.0,0.0,0.0,0.0,0.0,0.0,0.0,34.307818635147406,31.16783073146928,21.252801599652443,16.792268631213386
133,-913.0662790602066,0.3044918150267181,0.19973401591813658,0.2164482868007566,0.2793258822543887,7.128376816372088,0.09252108478424781,1.45650373016986e-05,0.0,0.12518634136124226,0.22510905388292707,0.06964808547536833,0.06964808547536833,1.5894134289290027,0,2.870170072139781,2.5583110527806454,1.0580989025408711,0,1.0023361546580762,1.0018949435859494,0.0,0,0.0,0.0,0.0,0.0,0.0,0.0,0.0,0.0,0.0,0.0,34.30972489366679,31.167334397277187,21.252422682290206,16.792110438685505
133,-913.0662751491616,0.3044808991154864,0.19974058233653974,0.21643733447982222,0.27934118406815167,7.127752070650003,0.09251669201200238,8.28711605104931e-06,0.0,0.12519863192180553,0.22513019027404496,0.06964561989947882,0.06964561989947882,1.5895694745630224,0,2.8700684667319605,2.558220487332844,1.058202784709662,0,1.0023006714737326,1.001859476020691,0.0,0,0.0,0.0,0.0,0.0,0.0,0.0,0.0,0.0,0.0,0.0,34.31085991379983,31.168238719633237,21.252219027039683,16.79202114098066
133,-913.0662730660615,0.30448180538069247,0.19974450925408482,0.21643108657367413,0.27934259879154855,7.1281310810972744,0.0925214901778517,4.8072688682633305e-06,0.0,0.1252029999031505,0.22515227313433395,0.06964413122348166,0.06964413122348166,1.5896249321163907,0,2.8700071189825573,2.5581658053379037,1.0582397037234872,0,1.0022792472843334,1.00183806126185,0.0,0,0.0,0.0,0.0,0.0,0.0,0.0,0.0,0.0,0.0,0.0,34.31110744711921,31.16932436014242,21.25212443906158,16.79194941172096
133,-913.0662734060547,0.3044419643953577,0.19973594429832126,0.21645895130649292,0.27936313999982815,7.12851437841519,0.0925308241620395,1.9943339363297148e-06,0.0,0.12520775463310507,0.2251669952097218,0.06964204149616088,0.06964204149616088,1.5896852999772815,0,2.869921002145689,2.558089045546654,1.058279891610537,0,1.0022491731016376,1.0018080003172902,0.0,0,0.0,0.0,0.0,0.0,0.0,0.0,0.0,0.0,0.0,0.0,34.31135373504157,31.16996434731866,21.252021139210644,16.791770109027873
133,-913.0662723554556,0.30446412056104427,0.19974070752043985,0.21644345547275418,0.27935171644576173,7.1283012123300376,0.09252563312735958,3.253088299782872e-06,0.0,0.12520511038336532,0.22515880772208324,0.06964320365067864,0.06964320365067864,1.5896517275763302,0,2.869968894073993,2.5581317337659715,1.0582575419059506,0,1.0022658981771726,1.0018247180307358,0.0,0,0.0,0.0,0.0,0.0,0.0,0.0,0.0,0.0,0.0,0.0,34.31121679440285,31.16960843726786,21.25207858466642,16.791869846397425
