-6.212005524455525007e-01
-7.497190519233989381e-01
-6.139328964404504596e-01
6.523508681591992930e-01
-2.545439130426238261e+00
-1.363562599918997309e+00
-1.505674876468031886e+00
-1.073870389942799930e+00
-7.815620851083521226e-01
-9.792313742249700859e-01
-2.772604580789121087e+00
-3.571715670421041100e+00
-3.519271892036758942e+00
-5.325769180024949589e-01
-1.580922318149949657e+00
-1.359229353728883760e+00
-1.513180410571363099e+00
-2.748729785241995849e+00
-1.823763782739893147e+00
-2.178574833007743017e+00
-1.830242962473727752e+00
-1.412892211578679946e+00
-1.242746819216851373e+00
