-7.459699091344977884e-01
-7.918096674339764052e-01
-5.816474366193896683e-01
5.065912485000395593e-01
-2.608484326084205218e+00
8.391544709052219941e-01
-3.701250728035999860e+00
-1.933419973581210316e+00
-7.821669867287303068e-01
-1.447911998570551528e+00
-1.359141877176937685e+00
-9.805556220198139883e+00
-5.595407935072581829e+00
-1.490081702821139498e+00
-9.532955270013585558e-01
-1.655445793910993668e+00
-1.556752785961961871e+00
-2.862031993168602018e+00
-1.909614023931666793e+00
-3.712535064232338478e+00
-5.461941466891085950e-01
-1.608236280918282413e+00
-1.558162890103940823e+00
