-6.304576624732420864e-01
-6.691227180201775315e-01
-6.227261641520382973e-01
4.558098552124147385e-01
-1.513678332135137028e+00
3.364722366212128946e-01
-1.110027134639679502e+00
2.001495302622438577e-01
-9.151409884165759290e-02
-1.045204285599068195e+00
-2.961143885411993359e+00
-3.198688994392677287e+00
-1.920278361491056796e-01
-8.277173956757642725e-02
-8.566409847590353843e-01
-7.896631471683920322e-01
-1.823342509376061793e+00
-1.052720793407782907e+00
-1.090527098959711783e+00
-1.008884794602082025e+00
-6.790566481652566821e-01
-5.099591660548697947e-01
