-6.546360861824861432e-01
-6.430594348020232109e-01
-6.117102405837503420e-01
6.617343425040767002e-01
-1.250825053186642055e+00
-2.231435513142096816e-01
3.364722366212128390e-01
-1.885124407589120921e+00
1.785628226737514535e-01
-3.478822723653625659e-01
-9.887749018745420893e-01
-2.484680725649721644e+00
-3.016997758831166720e+00
-2.308672409468899289e-01
-1.678776843579546096e-01
-1.063154051939204869e+00
-7.722929450755910974e-01
-2.214231425167214162e+00
-6.906081127928448415e-01
-1.449610287554744303e+00
-1.048795465188460341e+00
-7.155212498705076918e-02
-2.863952652594277670e-01
