-6.766758799035184069e-01
-1.159381905873391849e+00
-3.804711490156080234e-01
7.176698052849697085e-01
-3.665033898859696215e+00
-2.231435513142097093e-01
3.364722366212128390e-01
-4.044641201371440786e+00
-8.605726016397612366e-01
-7.256554806913457778e-01
-1.316151264190769776e+00
-3.403106223525427243e+00
-2.122420090704459472e+00
-4.034007192354379656e-01
-1.365326457967295459e+00
-1.934686044919389447e+00
-1.594838442157650249e+00
-3.098858755822873512e+00
-1.365417671293182478e+00
1.796828367144141403e+00
-1.725044962448400776e+00
-1.402921498022066560e+00
-9.649623225111191305e-01
