-6.816753777899573485e-01
-8.937059997128826705e-01
-5.418042742385265065e-01
5.939322890768546914e-01
-2.090696066240986806e+00
-9.488582137267072003e-01
-1.628595232650255964e+00
-9.696394516114207329e-01
-8.409674316858302134e-01
-5.292534707948995942e-01
-7.243368748328755657e-01
-3.432432157017840435e+00
-3.140623882060007865e+00
-5.796651397205110356e-01
-7.108196502701146224e-01
-1.178163360861454789e+00
-1.310538956350003836e+00
-2.518674260004957866e+00
-1.360896583602888121e+00
-2.053874526558799651e+00
-1.810355972662703872e+00
-1.124865083465582893e+00
-1.186382144013513384e+00
