136,-1154.3892306005139,0.2607843137254902,0.19019607843137254,0.26323529411764707,0.2857843137254902,1.2,0.9,1.4,0.144,0.84,0.21599999999999997,0.21599999999999997,1.8031802948746307,0,8.69664162877783,7.989699551085688,0.6535032387710313,0,2.5169835665401386,2.5052710582220166,1.7294020940544907,0,1.4802319825872547,1.3924185535629678,2.067788330277894,0.0,8.001492990287922,6.546796811760329,2.067788330277894,0.0,8.224701707084082,7.717756393420525,20.969204597363035,37.51436074512731,48.1419250675241,42.151491373255894
136,-1090.860258079768,0.1996609649825706,0.23962695896681244,0.19973481547485666,0.3609772605757603,1.5907084128297966,0.6355757431980308,1.4155549605356659,0.05796553266088868,0.3691144136106749,0.0861847715277829,0.0861847715277829,0.7258493491390715,0,3.469991073311218,3.1879186591942115,0.2630601620206858,0,1.0042854334326203,0.9996121007779231,4.630876673017862,0,3.9496220052829303,3.7310040353437373,0.35552833729090183,0.0,3.804398857292843,2.440026283851082,0.35552833729090183,0.0,4.2761963051849605,3.463356875723655,12.14041406854493,25.168897663741067,41.8511005948439,35.4380849577712
136,-1051.3618788264748,0.2622808364819157,0.19276871461779624,0.24130354697688217,0.3036469019234059,2.0256287425045474,0.4576261718760172,1.4405087673378663,0.03704221454731208,0.26080511739286694,0.08752564164346471,0.08752564164346471,0.4638457732654968,0,3.5239774939909525,3.23751657290406,0.16810560540222125,0,1.0199101929050087,1.0151641521374253,7.6474955056851055,0,4.065986753361885,3.8531162228008027,0.15927970398511193,0.0,3.429737946220233,2.073905352631238,0.15927970398511193,0.0,3.782580883727836,2.909837208589863,9.410152674467632,23.787857563922095,43.026914942706355,36.61868092909508
136,-1015.0981182556109,0.29615424544789415,0.16880587254793317,0.2462162318838359,0.28882365012033684,3.1708260005487907,0.24488018292199915,1.4839522394441762,3.059023205018258e-07,0.15036005609229672,0.1274840408729795,0.1274840408729795,3.830534975592473e-06,0,5.132791744725777,4.715551778395527,1.3882510916355363e-06,0,1.4855334994139848,1.4786207314086488,991628.4429443674,0,2.952058518690175,2.809289846047892,1.581622817080004e-11,0.0,2.8485162562728834,1.9772623847729105,1.581622817080004e-11,0.0,2.8485195440336053,1.9772726269359988,0.00019474157905040096,24.559845554603648,50.45715444020024,44.61033945334769
136,-999.381429655997,0.26038573464606546,0.18723415274921187,0.2236664944592564,0.32871361814546624,4.392636450255141,0.1488883783301305,1.475409026346399,0.00937153374486135,0.14011466677580173,0.13074313303094037,0.13074313303094037,0.11735114570476834,0,5.264010062007935,4.83610347817056,0.04253005315638128,0,1.523510728133556,1.5164212372392865,33.43680276700312,0,2.9551371967763136,2.818034100339177,0.015056100300307141,0.0,3.1821993133834727,2.2923762217512325,0.015056100300307141,0.0,3.271982848591825,2.4824175074768613,3.389971050967037,23.953808129109813,49.71682892632184,43.5653002531663
136,-993.447830150177,0.25870704778846665,0.1838952651340397,0.23112466647453034,0.3262730206029633,5.013987055320919,0.11915447527399527,1.4580602132667868,0.0119994261540922,0.1634570436694714,0.1514576175153792,0.1514576175153792,0.15025783882543284,0,6.098021395739616,5.602318790144135,0.0544559989937019,0,1.764890436636719,1.7566777116136087,26.383850802303687,0,2.5721911717861765,2.454482033607534,0.02316242421943302,0.0,3.5785584405284716,2.755452743716969,0.023162424219432924,0.0,3.656671007884664,2.9304149661247285,3.61887809740402,24.773563993842387,51.538511999600544,45.49520752147488
136,-990.5313594075737,0.2852051062056441,0.18742383056090492,0.21317788589121955,0.31419317734223146,6.130768293505791,0.08059371919532553,1.372505937747016,0.009670399209457513,0.20980100409394517,0.20013060488448767,0.20013060488448767,0.12109356456989581,0,8.05770439643946,7.40270094446342,0.04388636946937018,0,2.332062239148116,2.321210242044318,33.1826932803304,0,1.9678481251934654,1.8794432632309046,0.013597483852524952,0.0,4.404562980604968,3.7268359513933875,0.013597483852524735,0.0,4.439849999452,3.809318721576148,2.4166407128342247,26.97547549029263,57.42390013513652,51.45724017145277
136,-989.9937507884343,0.25519998457726456,0.1812645617172006,0.25245181440341,0.3110836393021248,6.4800513721086475,0.07164662279768157,1.3345633540543753,0.005130341921985882,0.21023892357710336,0.20510858165511747,0.20510858165511747,0.0642425795812096,0,8.25812884093274,7.586833068396826,0.02328260459736508,0,2.3900691175105875,2.3789471917293197,62.74514892880876,0,1.9249595398041404,1.8388609740001527,0.003814639903833755,0.0,4.360025177695387,3.71552478002954,0.003814639903833762,0.0,4.377855653375285,3.7595543455227833,1.3655830152249164,27.37831397573779,58.52834027811368,52.59890751049424
136,-989.4312747569311,0.2664607236252672,0.1818320273953572,0.23800546259765853,0.3137017863817171,6.251060244845095,0.07649592476687915,1.344196474810456,0.005385485972376118,0.20139159730928446,0.19600611133690837,0.19600611133690837,0.06743751516466914,0,7.891643089571388,7.2501386099932805,0.02444050364794271,0,2.2840007461872,2.2733723979953653,59.67030534567117,0,2.0115882531403693,1.9213997662717894,0.004253743305072347,0.0,4.164562764248817,3.5000907535776364,0.0042537433050723475,0.0,4.18523043110889,3.5501440433484768,1.476911483644635,26.900134222926102,57.410581494823454,51.471329421823775
136,-989.3730016197983,0.2694235345926489,0.18100723974385935,0.23579153169444422,0.31377769396904753,6.188778260855546,0.07652423194900937,1.3273270853376504,0.005480727129066541,0.2026796068715933,0.19719887974252678,0.19719887974252678,0.06863013306053885,0,7.939666605172277,7.294258337747533,0.02487272867823084,0,2.297899720611412,2.287206695059057,58.63280127529946,0,1.9994050239058145,1.90976151867452,0.004340412195514679,0.0,4.1613384480758615,3.4985084718865833,0.004340412195514679,0.0,4.182150171227653,3.54868183250219,1.4869196763113928,26.93620043900026,57.484654068572475,51.55079968526793
136,-989.2811010125413,0.27208612047253933,0.17974127657013247,0.2338396411089033,0.31433296184842485,6.056997089616763,0.07589358785757733,1.2800472493232513,0.004959266424280587,0.2040845241412139,0.19912525771693332,0.19912525771693332,0.0621003575923342,0,8.017226877787946,7.365513806438909,0.02250622687635969,0,2.3203472285027367,2.3095497459223764,64.81238103209752,0,1.9804160113043934,1.891651401698188,0.0034284165118043677,0.0,4.097589388875107,3.443996371106177,0.0034284165118043677,0.0,4.116313275736836,3.4884768780791657,1.338085314765495,27.01262878703936,57.64373814088647,51.7208031616786
136,-989.1222469306279,0.27386919188122344,0.1787496018651046,0.2323634761087572,0.3150177301449147,5.781728933147572,0.07420865573483414,1.1742061310014082,0.003671805139681759,0.20503434769374007,0.20136254255405828,0.20136254255405828,0.04597865746176069,0,8.107304953945235,7.448269517822372,0.016663448270264922,0,2.346417641320852,2.3354988429198213,87.58988782407054,0,1.9593470897333518,1.8715996147124752,0.0017317787486753927,0.0,3.8939892538369385,3.2636532606995425,0.0017317787486753932,0.0,3.907980863845052,3.2957643161959798,0.9928461623468446,27.12520601373687,57.778136657500426,51.86582863820335
136,-988.9492102520011,0.273185809988804,0.18063756075379048,0.23286911822329043,0.3133075110341151,5.478014016989013,0.07210048586772272,1.0354696893609456,0.002903660459115769,0.20274654679846849,0.19984288633935274,0.19984288633935274,0.03635988418669568,0,8.046120206268201,7.392058422561088,0.013177441071691215,0,2.3287095407689797,2.317873145081169,110.8436993843016,0,1.9754264218987385,1.8870507908466767,0.0009626659145171934,0.0,3.5377480235203724,2.939838082404517,0.0009626659145171934,0.0,3.5492725132556857,2.9650450369037205,0.792685681256055,27.134496554797973,57.35694840016598,51.421767251849644
136,-989.0417741722827,0.26163562774057597,0.18012013884778108,0.23223451867608438,0.3260097147355585,5.278530990137824,0.07174392843684652,0.889402670266467,3.059023205018258e-07,0.20352787301339956,0.20352787301339956,0.20352787301339956,3.830534975592473e-06,0,8.194485986411753,7.528363683558258,1.3882510916355363e-06,0,2.371649591238865,2.360613378712758,1052273.820907669,0,1.9398563062817848,1.8530872748293885,9.268714244937207e-12,0.0,3.193538607759508,2.650891930526253,9.268714244937207e-12,0.0,3.1935399242354747,2.650894396819913,8.845942976933184e-05,27.386940082557132,57.78227206543703,51.93856651734069
136,-988.9059134066512,0.2693690520702911,0.18049251507121686,0.23268470223960594,0.31745373061888604,5.412229180392628,0.07198416287830382,0.98543698368694,0.001965009550843997,0.20300069060193282,0.20103568105108882,0.20103568105108882,0.024606017370294057,0,8.094144781012044,7.436179123361529,0.008917639622865011,0,2.342608821730534,2.3317077472557646,163.7985374682656,0,1.963770486800737,1.8759213596737485,0.0004209849470908637,0.0,3.422451888335786,2.842775136437221,0.0004209849470908637,0.0,3.430473446985438,2.8594405435637595,0.5446643969869434,27.216599458541342,57.47896408194856,51.572283110352735
136,-988.865769480637,0.267698497958556,0.18141361428263267,0.2350292172239574,0.315858670534854,5.365286435711017,0.07101133976744599,0.9334817343580728,0.002738174771275986,0.20221581650127216,0.19947764172999619,0.19947764172999619,0.034287658274220194,0,8.031414643886642,7.378548261952697,0.012426431120486007,0,2.324453454289731,2.313636863835833,117.58793709946937,0,1.979654710870625,1.8911375648968591,0.0007749088037674477,0.0,3.2879996375985217,2.7212899530101273,0.0007749088037674477,0.0,3.2992734768490166,2.7442309007406447,0.7475694362027447,27.21146191000699,57.08996070862166,51.1669719106861
136,-988.8511786439082,0.2669762624665142,0.1820995186939928,0.23563628046884078,0.3152879383706523,5.393418618086908,0.07104431754449576,0.9128535858803112,0.002997040993229525,0.20195768686264748,0.19896064586941795,0.19896064586941795,0.037529203207798414,0,8.010599237761593,7.359424921234294,0.013601222193090578,0,2.318429055747857,2.3076404991750583,107.43015258276932,0,1.9847802479150478,1.8960324746949042,0.0009079004181344556,0.0,3.232512076722485,2.672930347316187,0.0009079004181344556,0.0,3.244891875900384,2.6978545750693175,0.8150286478117843,27.21549471543143,56.954750392681476,51.02367112634066
136,-988.8211112785084,0.26633708176737375,0.18226005178893182,0.2372076352672005,0.31419523117649395,5.5049919993435275,0.07204999868784479,0.8651238290190231,0.0032258979083465574,0.2014857929970316,0.198259895088685,0.198259895088685,0.04039496903894306,0,7.982385448821219,7.333504605501678,0.014639824521174799,0,2.3102634159360744,2.2995128572769254,99.77321520817137,0,1.9912275669785224,1.9021472531920434,0.0009973173808531704,0.0,3.10490480807389,2.5626209963445232,0.0009973173808531706,0.0,3.1182516177864583,2.5889128544750495,0.8759007114761941,27.234040766974847,56.73406311787813,50.79739616178341
136,-988.8015598471161,0.266283095720395,0.18367459099658057,0.23565468563522673,0.3143876276477977,5.64712814543903,0.0737286882970291,0.8215424512951472,0.004139996607251564,0.20172162463230733,0.1975816280250558,0.1975816280250558,0.05184139099336005,0,7.9550769044648,7.308415947845222,0.01878820271763874,0,2.3023597721727405,2.2916459922572243,77.69752464035544,0,1.9971126715791063,1.9076950528464132,0.0015551887450572241,0.0,2.9935945808023745,2.4685716919319307,0.0015551887450572241,0.0,3.0108048904209284,2.501245986738337,1.1024157284322076,27.251827263836738,56.440170345231124,50.49319296177224
136,-988.7892053518165,0.2675539738791587,0.18223932138813706,0.2361869000690987,0.3140198046636055,5.714931531130636,0.07471778900352434,0.7983766928381143,0.003180251282506085,0.20193083357894948,0.19875058229644338,0.19875058229644338,0.03982337809281073,0,8.002141609921685,7.351654806258857,0.014432670230718423,0,2.31598124759459,2.305204081629874,101.11000444929607,0,1.9848103138421458,1.8959002009377128,0.0008934401464441843,0.0,2.935912207986468,2.421519692570473,0.0008934401464441843,0.0,2.949014539663211,2.4462989214495936,0.8635182746192436,27.29934632515039,56.60831009614387,50.67532893336433
136,-988.7869455363973,0.26811322692201517,0.18202185251247227,0.23541029646311878,0.3144546241023937,5.700878780038393,0.07466134493599783,0.8011923400738897,0.003187663122766296,0.2020999194595204,0.19891225633675413,0.19891225633675413,0.039916189789379976,0,8.008650967279365,7.357635023885213,0.01446630676971357,0,2.317865186958471,2.307079254287542,100.8769162454551,0,1.9832287907498451,1.8943919916327796,0.0009005240600659897,0.0,2.9462186487998503,2.4302459297210337,0.0009005240600659895,0.0,2.9593504359511975,2.4550669799350358,0.8641498617366522,27.300668318802998,56.632079076932264,50.70322111051621
136,-988.7867080596781,0.2683303289309743,0.18191050669684217,0.23514869125082682,0.3146104731213567,5.696676761866285,0.07459043914889797,0.8021182259798979,0.003217839275883566,0.2021546671751627,0.19893682789927916,0.19893682789927916,0.04029405815518679,0,8.00964027317538,7.358543910005935,0.014603252698850978,0,2.318151512046803,2.3073642469933255,99.93341621540237,0,1.9830236674369712,1.8941991580524196,0.0009186352958423698,0.0,2.949815733077908,2.4332357909022426,0.0009186352958423698,0.0,2.9630694593805726,2.4582801695143766,0.8712996131319437,27.300994969587514,56.635360802733494,50.7081787090076
136,-988.7866452033546,0.26836741391720664,0.1818829503765935,0.23511174733540655,0.3146378883707934,5.697906574270512,0.07453838889120319,0.8019226705308384,0.003220589257151874,0.20216114201573426,0.19894055275858238,0.19894055275858238,0.04032849365542489,0,8.00979024431648,7.358681690129559,0.014615732710416246,0,2.3181949167211267,2.3074074496887342,99.84991953163224,0,1.9830157799988328,1.8941939006778041,0.0009200317311276855,0.0,2.94950703060659,2.433037100425474,0.0009200317311276855,0.0,2.962770140460356,2.4580922344919527,0.8719373377249153,27.302149640647187,56.63691217467486,50.71015980186259
136,-988.78647115899,0.26842919020871125,0.1818309948075406,0.23506003919135124,0.31467977579239687,5.7083905864940805,0.07431435920986965,0.8011377089710195,0.003204886489965949,0.20219784348012876,0.1989929569901628,0.1989929569901628,0.040131862264003615,0,8.011900155528918,7.360620088581101,0.014544470146432432,0,2.318805567599391,2.3080152589697844,100.34708057215764,0,1.9826193942486727,1.8938250678704658,0.0009104484605121437,0.0,2.948173420979848,2.432474188069543,0.0009104484605121437,0.0,2.9613582735186004,2.457364052973105,0.8679112371820366,27.309076506464926,56.65101929305122,50.725330757390964
136,-988.7864539696895,0.2683793051882695,0.18181446311796576,0.23515168428983052,0.31465454740393417,5.714725098472166,0.07425350115878333,0.8009961862381613,0.0032430262303789767,0.20230845248213694,0.19906542625175797,0.19906542625175797,0.04060945134986754,0,8.014817929590007,7.363300679446074,0.014717556562306043,0,2.319650030286957,2.3088557920424004,99.16907460338159,0,1.9819318005434332,1.8931709300271884,0.0009319297417681127,0.0,2.9495576615444246,2.4340608483646426,0.0009319297417681127,0.0,2.9628795067918507,2.4592139729898257,0.8771171628863356,27.31390941755688,56.65498784480201,50.7294131173548
136,-988.7864432478266,0.26837297412163547,0.18185306737238932,0.2351249716162958,0.3146489868896794,5.714420568666996,0.07424532862963938,0.800891823643139,0.0031936499749813246,0.20226506410862813,0.19907141413364682,0.19907141413364682,0.03999115766398043,0,8.01505901506641,7.363522167303664,0.014493476403828604,0,2.3197198052884045,2.308925242353494,100.70259430425722,0,1.981876774990146,1.8931187261386349,0.0009038120458191495,0.0,2.948444590375893,2.4331640491932864,0.0009038120458191495,0.0,2.96156988430445,2.4579445539024123,0.8649139256882477,27.313918036603344,56.66194394905018,50.73615559875867
136,-988.7864423847325,0.26838631152551695,0.18185309599611577,0.23513286084998017,0.3146277316283871,5.714212646778869,0.07425176389198211,0.800887197326231,0.00320256712627609,0.2022523176199543,0.19904975049367823,0.19904975049367823,0.04010281899384944,0,8.014186788616493,7.362720843347498,0.01453394437085458,0,2.3194673653541806,2.3086739771209523,100.42197233758222,0,1.982088859177331,1.8933210307557855,0.0009088510486345359,0.0,2.948273942942233,2.4329376149749935,0.0009088510486345359,0.0,2.961436355206607,2.4577906069442124,0.8671993950480235,27.31301408163752,56.65845803190759,50.7324839435195
