-7.251439333145618393e-01
-8.627292736968065201e-01
-4.099659593078303632e-01
6.933331334454886363e-01
-2.140076976370103079e+00
-1.145779256273016689e+00
-1.213405391517120346e+00
-7.439984546358033857e-01
-3.270837765415149367e-01
-1.668996519486370289e+00
-3.750800698721614257e+00
-3.075673200570544719e+00
-9.145191282105528119e-01
-9.480520706273743992e-01
-8.228113446971908607e-01
-1.329288386567304636e+00
-3.356652136196092595e+00
-1.587571066683538978e+00
-1.190506650365233288e+00
-8.784822849247990728e-01
