-7.250170237915254390e-01
-8.548052148679278206e-01
-5.511030535392545948e-01
6.111453194323853699e-01
-2.052453110869130626e+00
7.621373168343145710e-02
-2.236270895082426158e+00
-1.141875864919305039e+00
-9.344480768136892435e-01
-4.782925122520221284e-01
-1.841513494604078538e+00
-2.431191136053460600e+00
-2.092784788760830850e+00
-3.505122336670835059e-01
-6.883158799393735983e-01
-1.517685856078409223e+00
-1.205236444248898309e+00
-2.600373483938866137e+00
-1.087241313626846839e+00
-2.363463768132703979e+00
-1.823804657754509506e+00
-5.435397283593896844e-01
-6.382367577955818660e-01
