-7.250567383791213238e-01
-8.548686469872668336e-01
-5.511520964811980061e-01
6.113014884945406902e-01
-2.052418972015243703e+00
7.422983823620202259e-02
-2.234956724913273796e+00
-1.142547601681796587e+00
-9.337509328356649041e-01
-4.782413816314384225e-01
-1.841724258724127594e+00
-2.430935532404769894e+00
-2.091541668190469050e+00
-3.504594201630701900e-01
-6.884007247254851913e-01
-1.518223511280654803e+00
-1.205142754422059870e+00
-2.597464304413092950e+00
-1.087572778925356864e+00
-2.363475423396260933e+00
-1.824051749001051936e+00
-5.438089308965928792e-01
-6.384719516178894994e-01
