-7.402669189012187623e-01
-8.595275531237229760e-01
-4.527105078120025050e-01
7.996291480066146651e-01
-3.106662188049497786e+00
-2.231435513142097093e-01
3.364722366212128946e-01
-1.484477801411766329e+00
-1.043128846009445665e+00
-8.438411081736653108e-01
-4.361284601099698621e-01
-3.283247982680141064e+00
-3.031937310426903398e+00
-4.694124349173008914e-01
-7.408232593108192710e-01
-1.517982243899187011e+00
-1.552862769522661335e+00
-2.663273730423260766e+00
-1.570212868720487709e+00
-2.233603412902134711e+00
-2.180090680003056836e+00
-1.199611349003234073e+00
-1.242388369081153243e+00
