-6.674195255873367483e-01
-7.723197135718541384e-01
-6.388977094006520474e-01
5.653159066631409102e-01
-2.198089268421222986e+00
-1.381551055796427363e+01
-1.765282437232328139e+00
-6.638068649494867079e-01
-7.068276350873227143e-01
-1.102706600267598924e+00
-2.971294939805933399e+00
-4.010073017377443705e+00
-9.277969820311683380e-01
-7.099002947315042888e-01
-1.257847323286874319e+00
-1.287735277869718642e+00
-2.498414134242799900e+00
-1.281987738714236880e+00
-2.121491206119519024e+00
-1.536799725171476894e+00
-5.598267164932422268e-01
-8.073876892516940185e-01
