-5.979750058980057847e-01
-6.702618258296535458e-01
-5.547951903933499018e-01
7.202332886038413928e-01
-2.353481836427358420e+00
-2.097208816129905617e+00
-2.705128210377534703e+00
-6.941320254325463734e-01
-1.039263063763503414e+00
-5.030095890826689065e-01
-1.225926268374513350e+00
-2.554381164918142044e+00
-2.702812187627986251e+00
-4.657122299593580705e-01
-8.073862319449595093e-01
-1.694240418943658844e+00
-9.233590462187603043e-01
-1.996042216648879819e+00
-1.333386377732848960e+00
-2.447347328778671116e+00
-1.720744491065893333e+00
-1.178343193338764028e+00
-7.677620736317480876e-01
